-8.260831236839294434e-06
-8.273869752883911133e-06
-8.280389010906219482e-06
-8.259899914264678955e-06
-8.253380656242370605e-06
-8.256174623966217041e-06
-8.286908268928527832e-06
-8.274801075458526611e-06
-8.269213140010833740e-06
-8.263625204563140869e-06
-8.266419172286987305e-06
-8.240342140197753906e-06
-8.254311978816986084e-06
-8.272007107734680176e-06
-8.270144462585449219e-06
-8.267350494861602783e-06
-8.273869752883911133e-06
-8.274801075458526611e-06
-8.286908268928527832e-06
-8.275732398033142090e-06
-8.283182978630065918e-06
-8.271075785160064697e-06
-8.274801075458526611e-06
-8.271075785160064697e-06
-8.289702236652374268e-06
-8.252449333667755127e-06
-8.259899914264678955e-06
-8.281320333480834961e-06
-8.288770914077758789e-06
-8.280389010906219482e-06
-8.271075785160064697e-06
-8.288770914077758789e-06
-8.274801075458526611e-06
-8.266419172286987305e-06
-8.280389010906219482e-06
-8.267350494861602783e-06
-8.273869752883911133e-06
-8.244067430496215820e-06
-8.257105946540832520e-06
-8.262693881988525391e-06
-8.287839591503143311e-06
-8.258037269115447998e-06
-8.264556527137756348e-06
-8.273869752883911133e-06
-8.244998753070831299e-06
-8.287839591503143311e-06
-8.283182978630065918e-06
-8.273869752883911133e-06
-8.271075785160064697e-06
-8.276663720607757568e-06
-8.276663720607757568e-06
-8.279457688331604004e-06
-8.269213140010833740e-06
-8.285976946353912354e-06
-8.266419172286987305e-06
-8.290633559226989746e-06
-8.277595043182373047e-06
-8.272007107734680176e-06
-8.284114301204681396e-06
-8.280389010906219482e-06
-8.259899914264678955e-06
-8.275732398033142090e-06
-8.285976946353912354e-06
-8.270144462585449219e-06
-8.262693881988525391e-06
-8.286908268928527832e-06
-7.429160177707672119e-06
-6.330199539661407471e-06
-6.090849637985229492e-06
-3.851950168609619141e-06
-3.183260560035705566e-06
-1.361593604087829590e-06
2.821907401084899902e-06
7.379800081253051758e-06
9.667128324508666992e-06
1.183152198791503906e-05
1.369696110486984253e-05
1.736823469400405884e-05
1.857616007328033447e-05
1.827813684940338135e-05
1.805927604436874390e-05
1.793913543224334717e-05
1.784879714250564575e-05
1.778546720743179321e-05
1.775007694959640503e-05
1.770537346601486206e-05
1.764018088579177856e-05
1.764763146638870239e-05
1.761037856340408325e-05
1.757033169269561768e-05
1.757126301527023315e-05
1.756753772497177124e-05
1.757219433784484863e-05
1.754611730575561523e-05
1.755356788635253906e-05
1.757033169269561768e-05
1.762621104717254639e-05
1.767650246620178223e-05
1.768581569194793701e-05
1.776963472366333008e-05
1.953542232513427734e-05
2.072285860776901245e-05
2.129934728145599365e-05
2.238247543573379517e-05
2.364814281463623047e-05
2.518761903047561646e-05
2.707075327634811401e-05
2.940185368061065674e-05
3.180745989084243774e-05
3.459956496953964233e-05
3.795512020587921143e-05
4.236493259668350220e-05
4.799198359251022339e-05
5.486886948347091675e-05
6.284937262535095215e-05
7.159262895584106445e-05
8.456967771053314209e-05
9.939074516296386719e-05
1.162597909569740295e-04
1.340350136160850525e-04
1.521715894341468811e-04
1.705512404441833496e-04
1.891702413558959961e-04
2.080686390399932861e-04
2.270443364977836609e-04
2.457126975059509277e-04
2.643056213855743408e-04
2.827988937497138977e-04
3.012008965015411377e-04
3.190785646438598633e-04
3.370791673660278320e-04
3.548739477992057800e-04
3.725551068782806396e-04
3.903210163116455078e-04
4.085898399353027344e-04
4.265941679477691650e-04
4.447586834430694580e-04
4.628691822290420532e-04
4.807775840163230896e-04
4.986952990293502808e-04
5.163308233022689819e-04
5.339113995432853699e-04
5.514379590749740601e-04
5.691954866051673889e-04
5.866046994924545288e-04
6.035808473825454712e-04
6.200494244694709778e-04
6.365785375237464905e-04
6.528757512569427490e-04
6.689699366688728333e-04
6.848843768239021301e-04
6.999913603067398071e-04
7.155090570449829102e-04
7.308591157197952271e-04
7.460182532668113708e-04
7.608672603964805603e-04
7.754685357213020325e-04
7.902309298515319824e-04
8.049225434660911560e-04
8.191689848899841309e-04
8.335942402482032776e-04
8.472502231597900391e-04
8.606761693954467773e-04
8.745342493057250977e-04
8.877422660589218140e-04
9.004073217511177063e-04
9.136665612459182739e-04
9.262915700674057007e-04
9.386166930198669434e-04
9.516086429357528687e-04
9.637456387281417847e-04
9.750919416546821594e-04
9.871916845440864563e-04
9.981459006667137146e-04
1.008179970085620880e-03
1.018769107758998871e-03
1.029226928949356079e-03
1.039220951497554779e-03
1.049580052495002747e-03
1.060143113136291504e-03
1.070426777005195618e-03
1.080549322068691254e-03
1.091303303837776184e-03
1.101290807127952576e-03
1.110906712710857391e-03
1.120680943131446838e-03
1.130588352680206299e-03
1.139982603490352631e-03
1.149162650108337402e-03
1.158811151981353760e-03
1.168500632047653198e-03
1.178089529275894165e-03
1.187220215797424316e-03
1.196629367768764496e-03
1.206302084028720856e-03
1.215749420225620270e-03
1.224813982844352722e-03
1.234173774719238281e-03
1.243483275175094604e-03
1.251427456736564636e-03
1.258532516658306122e-03
1.264113001525402069e-03
1.268607564270496368e-03
1.272612251341342926e-03
1.276631839573383331e-03
1.280117779970169067e-03
1.281877979636192322e-03
1.283531077206134796e-03
1.283479854464530945e-03
1.282744109630584717e-03
1.282113604247570038e-03
1.281532458961009979e-03
1.281050965189933777e-03
1.280602999031543732e-03
1.280211843550205231e-03
1.279832795262336731e-03
1.279497519135475159e-03
1.279219053685665131e-03
1.278882846236228943e-03
1.278630457818508148e-03
1.278365030884742737e-03
1.278091222047805786e-03
1.277865841984748840e-03
1.277593895792961121e-03
1.277411356568336487e-03
1.277185976505279541e-03
1.276997849345207214e-03
1.276819966733455658e-03
1.276648603379726410e-03
1.276519149541854858e-03
1.276324503123760223e-03
1.276151277124881744e-03
1.276016235351562500e-03
1.275834627449512482e-03
1.275729387998580933e-03
1.275583170354366302e-03
1.275431364774703979e-03
1.275314949452877045e-03
1.275192946195602417e-03
1.275045797228813171e-03
1.274937763810157776e-03
1.274777576327323914e-03
1.274644397199153900e-03
1.274519599974155426e-03
1.274351030588150024e-03
1.274217851459980011e-03
1.274146139621734619e-03
1.273993402719497681e-03
1.273847185075283051e-03
1.273707486689090729e-03
1.273558475077152252e-03
1.273428089916706085e-03
1.273310743272304535e-03
1.273150555789470673e-03
1.273046247661113739e-03
1.272928901016712189e-03
1.272784546017646790e-03
1.272641122341156006e-03
1.272491179406642914e-03
1.272299326956272125e-03
1.270589418709278107e-03
1.265027560293674469e-03
1.257548108696937561e-03
1.247495412826538086e-03
1.234793104231357574e-03
1.221952959895133972e-03
1.208001747727394104e-03
1.194139011204242706e-03
1.179705373942852020e-03
1.163464970886707306e-03
1.146784983575344086e-03
1.128866337239742279e-03
1.109136268496513367e-03
1.089137978851795197e-03
1.068183220922946930e-03
1.046011224389076233e-03
1.023208722472190857e-03
9.991582483053207397e-04
9.747510775923728943e-04
9.487904608249664307e-04
9.225392714142799377e-04
8.951872587203979492e-04
8.672857657074928284e-04
8.381828665733337402e-04
8.083907887339591980e-04
7.779039442539215088e-04
7.469151169061660767e-04
7.163845002651214600e-04
6.838412955403327942e-04
6.559425964951515198e-04
6.269868463277816772e-04
5.976567044854164124e-04
5.687195807695388794e-04
5.402378737926483154e-04
5.134362727403640747e-04
4.863971844315528870e-04
4.601832479238510132e-04
4.343856126070022583e-04
4.097195342183113098e-04
3.844890743494033813e-04
3.604870289564132690e-04
3.383345901966094971e-04
3.174161538481712341e-04
2.965396270155906677e-04
2.759993076324462891e-04
2.555213868618011475e-04
2.349596470594406128e-04
2.147620543837547302e-04
1.951362937688827515e-04
1.754974946379661560e-04
1.564174890518188477e-04
1.374036073684692383e-04
1.179939135909080505e-04
9.837280958890914917e-05
7.909443229436874390e-05
6.121769547462463379e-05
4.699546843767166138e-05
3.496091812849044800e-05
2.611428499221801758e-05
1.964345574378967285e-05
1.420266926288604736e-05
1.084711402654647827e-05
7.569789886474609375e-06
5.691312253475189209e-06
2.442859113216400146e-06
-1.079402863979339600e-06
-2.362765371799468994e-06
-6.041489541530609131e-06
-7.773749530315399170e-06
-8.305534720420837402e-06
-8.302740752696990967e-06
-8.312053978443145752e-06
-8.316710591316223145e-06
-8.293427526950836182e-06
-8.304603397846221924e-06
-8.286908268928527832e-06
-8.272007107734680176e-06
-8.303672075271606445e-06
-8.299946784973144531e-06
-8.316710591316223145e-06
-8.307397365570068359e-06
-8.310191333293914795e-06
-8.271075785160064697e-06
