-4.625879228115081787e-06
-4.627741873264312744e-06
-4.595145583152770996e-06
-4.611909389495849609e-06
-4.627741873264312744e-06
-4.613772034645080566e-06
-4.627741873264312744e-06
-4.628673195838928223e-06
-4.597008228302001953e-06
-4.629604518413543701e-06
-4.631467163562774658e-06
-4.632398486137390137e-06
-4.655681550502777100e-06
-4.603527486324310303e-06
-4.612840712070465088e-06
-4.627741873264312744e-06
-4.611909389495849609e-06
-4.607252776622772217e-06
-4.590488970279693604e-06
-4.634261131286621094e-06
-4.632398486137390137e-06
-4.635192453861236572e-06
-4.638917744159698486e-06
-4.610978066921234131e-06
-4.597939550876617432e-06
-4.618428647518157959e-06
-4.594214260578155518e-06
-4.630535840988159180e-06
-4.615634679794311523e-06
-4.617497324943542480e-06
-4.629604518413543701e-06
-4.620291292667388916e-06
-4.603527486324310303e-06
-4.643574357032775879e-06
-4.576519131660461426e-06
-4.625879228115081787e-06
-4.599802196025848389e-06
-4.613772034645080566e-06
-4.622153937816619873e-06
-4.609115421772003174e-06
-4.606321454048156738e-06
-4.601664841175079346e-06
-4.609115421772003174e-06
-4.598870873451232910e-06
-4.588626325130462646e-06
-4.607252776622772217e-06
-4.601664841175079346e-06
-4.602596163749694824e-06
-4.606321454048156738e-06
-4.612840712070465088e-06
-4.603527486324310303e-06
-4.604458808898925781e-06
-4.613772034645080566e-06
-4.588626325130462646e-06
-4.598870873451232910e-06
-4.602596163749694824e-06
-4.585832357406616211e-06
-4.607252776622772217e-06
-4.607252776622772217e-06
-4.606321454048156738e-06
-4.611909389495849609e-06
-4.596076905727386475e-06
-4.586763679981231689e-06
-4.605390131473541260e-06
-4.607252776622772217e-06
-4.611909389495849609e-06
-2.239830791950225830e-06
-1.939944922924041748e-06
2.505257725715637207e-07
1.673586666584014893e-06
2.717599272727966309e-06
6.247311830520629883e-06
1.351162791252136230e-05
1.757126301527023315e-05
2.049002796411514282e-05
2.285931259393692017e-05
2.647191286087036133e-05
3.001466393470764160e-05
3.057252615690231323e-05
3.000348806381225586e-05
2.979859709739685059e-05
2.969335764646530151e-05
2.960767596960067749e-05
2.951361238956451416e-05
2.948846668004989624e-05
2.944655716419219971e-05
2.939533442258834839e-05
2.937857061624526978e-05
2.933107316493988037e-05
2.930965274572372437e-05
2.930685877799987793e-05
2.928171306848526001e-05
2.928450703620910645e-05
2.928078174591064453e-05
2.928916364908218384e-05
2.935528755187988281e-05
2.937205135822296143e-05
2.941023558378219604e-05
2.948846668004989624e-05
2.985913306474685669e-05
3.305636346340179443e-05
3.366358578205108643e-05
3.493018448352813721e-05
3.635417670011520386e-05
3.826338797807693481e-05
4.042498767375946045e-05
4.327762871980667114e-05
4.636496305465698242e-05
4.969723522663116455e-05
5.374103784561157227e-05
5.871523171663284302e-05
6.518419831991195679e-05
7.372908294200897217e-05
8.330773562192916870e-05
9.433366358280181885e-05
1.080669462680816650e-04
1.263208687305450439e-04
1.473901793360710144e-04
1.704040914773941040e-04
1.937877386808395386e-04
2.179760485887527466e-04
2.419408410787582397e-04
2.668546512722969055e-04
2.913586795330047607e-04
3.164801746606826782e-04
3.406973555684089661e-04
3.651306033134460449e-04
3.892667591571807861e-04
4.130601882934570312e-04
4.364931955933570862e-04
4.600230604410171509e-04
4.833079874515533447e-04
5.063153803348541260e-04
5.299970507621765137e-04
5.537979304790496826e-04
5.773408338427543640e-04
6.012842059135437012e-04
6.247796118259429932e-04
6.483970209956169128e-04
6.716633215546607971e-04
6.948830559849739075e-04
7.178634405136108398e-04
7.409611716866493225e-04
7.639285176992416382e-04
7.863920181989669800e-04
8.083498105406761169e-04
8.300375193357467651e-04
8.517140522599220276e-04
8.726017549633979797e-04
8.938135579228401184e-04
9.141545742750167847e-04
9.340625256299972534e-04
9.543718770146369934e-04
9.742761030793190002e-04
9.940490126609802246e-04
1.013471744954586029e-03
1.032351516187191010e-03
1.051874831318855286e-03
1.070843078196048737e-03
1.089619472622871399e-03
1.108017750084400177e-03
1.125694252550601959e-03
1.143660396337509155e-03
1.161472871899604797e-03
1.178099773824214935e-03
1.195428892970085144e-03
1.212279312312602997e-03
1.228439621627330780e-03
1.245239749550819397e-03
1.261694356799125671e-03
1.276928931474685669e-03
1.292454078793525696e-03
1.307496801018714905e-03
1.321251504123210907e-03
1.334625296294689178e-03
1.348526217043399811e-03
1.362023875117301941e-03
1.375014893710613251e-03
1.389068551361560822e-03
1.402595080435276031e-03
1.415859907865524292e-03
1.429672352969646454e-03
1.443120650947093964e-03
1.456052996218204498e-03
1.468534581363201141e-03
1.481744460761547089e-03
1.494133844971656799e-03
1.506432890892028809e-03
1.518483273684978485e-03
1.531486399471759796e-03
1.543822698295116425e-03
1.556215807795524597e-03
1.568133011460304260e-03
1.580963842570781708e-03
1.593178138136863708e-03
1.605556346476078033e-03
1.617331057786941528e-03
1.629767939448356628e-03
1.641191542148590088e-03
1.651023514568805695e-03
1.659424975514411926e-03
1.665581949055194855e-03
1.671162433922290802e-03
1.677128486335277557e-03
1.681863330304622650e-03
1.685924828052520752e-03
1.686450093984603882e-03
1.688492484390735626e-03
1.687597483396530151e-03
1.686722040176391602e-03
1.685906201601028442e-03
1.685235649347305298e-03
1.684679649770259857e-03
1.684114336967468262e-03
1.683654263615608215e-03
1.683190464973449707e-03
1.682741567492485046e-03
1.682359725236892700e-03
1.682000234723091125e-03
1.681636087596416473e-03
1.681296154856681824e-03
1.680999994277954102e-03
1.680716872215270996e-03
1.680423505604267120e-03
1.680174842476844788e-03
1.679880544543266296e-03
1.679628156125545502e-03
1.679391600191593170e-03
1.679148524999618530e-03
1.678970642387866974e-03
1.678749918937683105e-03
1.678562723100185394e-03
1.678346656262874603e-03
1.678165048360824585e-03
1.677987165749073029e-03
1.677821390330791473e-03
1.677636988461017609e-03
1.677466556429862976e-03
1.677326858043670654e-03
1.677137799561023712e-03
1.676988787949085236e-03
1.676798798143863678e-03
1.676626503467559814e-03
1.676448620855808258e-03
1.676237210631370544e-03
1.676088199019432068e-03
1.675940118730068207e-03
1.675721257925033569e-03
1.675568521022796631e-03
1.675403676927089691e-03
1.675205305218696594e-03
1.675044186413288116e-03
1.674877479672431946e-03
1.674707047641277313e-03
1.674544066190719604e-03
1.674389466643333435e-03
1.674194820225238800e-03
1.674031838774681091e-03
1.673801802098751068e-03
1.673293299973011017e-03
1.668122597038745880e-03
1.659703440964221954e-03
1.648327335715293884e-03
1.633251085877418518e-03
1.616198569536209106e-03
1.599168404936790466e-03
1.580277457833290100e-03
1.562494784593582153e-03
1.542130485177040100e-03
1.520881429314613342e-03
1.498224213719367981e-03
1.473757438361644745e-03
1.447849906980991364e-03
1.420963555574417114e-03
1.392384059727191925e-03
1.363354735076427460e-03
1.332776620984077454e-03
1.301231794059276581e-03
1.268343999981880188e-03
1.234091818332672119e-03
1.198880374431610107e-03
1.163109205663204193e-03
1.125185750424861908e-03
1.087260432541370392e-03
1.047730445861816406e-03
1.007024198770523071e-03
9.662583470344543457e-04
9.250054135918617249e-04
8.860519155859947205e-04
8.500581607222557068e-04
8.101034909486770630e-04
7.720328867435455322e-04
7.344232872128486633e-04
6.985710933804512024e-04
6.626434624195098877e-04
6.281044334173202515e-04
5.942657589912414551e-04
5.610408261418342590e-04
5.278280004858970642e-04
4.957756027579307556e-04
4.653604701161384583e-04
4.370482638478279114e-04
4.098825156688690186e-04
3.828182816505432129e-04
3.555063158273696899e-04
3.286423161625862122e-04
3.022877499461174011e-04
2.755671739578247070e-04
2.500014379620552063e-04
2.247858792543411255e-04
1.992238685488700867e-04
1.739421859383583069e-04
1.487918198108673096e-04
1.229271292686462402e-04
9.808782488107681274e-05
7.722340524196624756e-05
5.968287587165832520e-05
4.611816257238388062e-05
3.630854189395904541e-05
2.819672226905822754e-05
2.282951027154922485e-05
1.789163798093795776e-05
1.496728509664535522e-05
1.197401434183120728e-05
5.626119673252105713e-06
4.377216100692749023e-06
7.469207048416137695e-07
-2.022832632064819336e-06
-4.499219357967376709e-06
-4.567205905914306641e-06
-4.539266228675842285e-06
-4.573725163936614990e-06
-4.548579454421997070e-06
-4.535540938377380371e-06
-4.560686647891998291e-06
-4.554167389869689941e-06
-4.542060196399688721e-06
-4.542991518974304199e-06
-4.560686647891998291e-06
-4.561617970466613770e-06
-4.531815648078918457e-06
-4.551373422145843506e-06
-4.553236067295074463e-06
