-5.776062607765197754e-06
-5.751848220825195312e-06
-5.763024091720581055e-06
-5.754642188549041748e-06
-5.756504833698272705e-06
-5.767680704593658447e-06
-5.851499736309051514e-06
-5.847774446010589600e-06
-5.890615284442901611e-06
-5.880370736122131348e-06
-5.683861672878265381e-06
-4.421919584274291992e-06
-4.169531166553497314e-06
-3.782100975513458252e-06
-3.406777977943420410e-06
-2.258457243442535400e-06
-1.383945345878601074e-06
-1.061707735061645508e-06
-9.294599294662475586e-07
-8.670613169670104980e-07
-6.705522537231445312e-07
-5.867332220077514648e-07
-4.954636096954345703e-07
1.314096152782440186e-06
2.645887434482574463e-06
3.507360816001892090e-06
4.191882908344268799e-06
4.739500582218170166e-06
5.149282515048980713e-06
5.680136382579803467e-06
6.233341991901397705e-06
6.812624633312225342e-06
7.406808435916900635e-06
8.122995495796203613e-06
8.922070264816284180e-06
9.626150131225585938e-06
1.011788845062255859e-05
1.061893999576568604e-05
1.131650060415267944e-05
1.204572618007659912e-05
1.295749098062515259e-05
1.417752355337142944e-05
1.519825309514999390e-05
1.620035618543624878e-05
1.735147088766098022e-05
1.830235123634338379e-05
1.923739910125732422e-05
2.025999128818511963e-05
2.138689160346984863e-05
2.253707498311996460e-05
2.368632704019546509e-05
2.483371645212173462e-05
2.588611096143722534e-05
2.737995237112045288e-05
2.949964255094528198e-05
3.239233046770095825e-05
3.600120544433593750e-05
4.020333290100097656e-05
4.364456981420516968e-05
4.247762262821197510e-05
4.012789577245712280e-05
3.887899219989776611e-05
3.800727427005767822e-05
3.735534846782684326e-05
3.681331872940063477e-05
3.636162728071212769e-05
3.595463931560516357e-05
3.560911864042282104e-05
3.525242209434509277e-05
3.497023135423660278e-05
3.468617796897888184e-05
3.444124013185501099e-05
3.421492874622344971e-05
3.402680158615112305e-05
3.379862755537033081e-05
3.360584378242492676e-05
3.344193100929260254e-05
3.327801823616027832e-05
3.311038017272949219e-05
3.295112401247024536e-05
3.293715417385101318e-05
3.512296825647354126e-05
3.776047378778457642e-05
4.062242805957794189e-05
4.338286817073822021e-05
4.561524838209152222e-05
4.765577614307403564e-05
4.955567419528961182e-05
5.185790359973907471e-05
5.482975393533706665e-05
5.824770778417587280e-05
6.207544356584548950e-05
6.626266986131668091e-05
7.067900151014328003e-05
7.654726505279541016e-05
8.395966142416000366e-05
9.297765791416168213e-05
1.033609732985496521e-04
1.143766567111015320e-04
1.265825703740119934e-04
1.399815082550048828e-04
1.547653228044509888e-04
1.701656728982925415e-04
1.869108527898788452e-04
2.039661630988121033e-04
2.211621031165122986e-04
2.393238246440887451e-04
2.590082585811614990e-04
2.798959612846374512e-04
3.022756427526473999e-04
3.262544050812721252e-04
3.516571596264839172e-04
3.786878660321235657e-04
4.077516496181488037e-04
4.389500245451927185e-04
4.709586501121520996e-04
5.040979012846946716e-04
5.379412323236465454e-04
5.716392770409584045e-04
6.054211407899856567e-04
6.378758698701858521e-04
6.687538698315620422e-04
6.985347718000411987e-04
7.271692156791687012e-04
7.546870037913322449e-04
7.807901129126548767e-04
8.052131161093711853e-04
8.284579962491989136e-04
8.506216108798980713e-04
8.711609989404678345e-04
8.905800059437751770e-04
9.084772318601608276e-04
9.254710748791694641e-04
9.411610662937164307e-04
9.551709517836570740e-04
9.685466066002845764e-04
9.808028116822242737e-04
9.922115132212638855e-04
1.002151519060134888e-03
1.011933200061321259e-03
1.020283438265323639e-03
1.028015278279781342e-03
1.034736633300781250e-03
1.040915027260780334e-03
1.046255230903625488e-03
1.050468534231185913e-03
1.053070649504661560e-03
1.054808497428894043e-03
1.055832952260971069e-03
1.057648099958896637e-03
1.057249493896961212e-03
1.056262291967868805e-03
1.055375672876834869e-03
1.054602675139904022e-03
1.053919084370136261e-03
1.053246669471263885e-03
1.052677631378173828e-03
1.052035950124263763e-03
1.051511615514755249e-03
1.051018945872783661e-03
1.050543971359729767e-03
1.050090417265892029e-03
1.049630343914031982e-03
1.049243845045566559e-03
1.048835925757884979e-03
1.048444770276546478e-03
1.048066653311252594e-03
1.047671772539615631e-03
1.047329045832157135e-03
1.046987250447273254e-03
1.046641729772090912e-03
1.046291552484035492e-03
1.045964658260345459e-03
1.045623794198036194e-03
1.045285724103450775e-03
1.044945791363716125e-03
1.044616103172302246e-03
1.044280827045440674e-03
1.043867319822311401e-03
1.040479168295860291e-03
1.031321473419666290e-03
1.018257811665534973e-03
1.005214639008045197e-03
9.903246536850929260e-04
9.762421250343322754e-04
9.635109454393386841e-04
9.508514776825904846e-04
9.383661672472953796e-04
9.255502372980117798e-04
9.135222062468528748e-04
9.007463231682777405e-04
8.884919807314872742e-04
8.757682517170906067e-04
8.641825988888740540e-04
8.517187088727951050e-04
8.395286276936531067e-04
8.271029219031333923e-04
8.153012022376060486e-04
8.037341758608818054e-04
7.921727374196052551e-04
7.805740460753440857e-04
7.684463635087013245e-04
7.570618763566017151e-04
7.451828569173812866e-04
7.336391136050224304e-04
7.214983925223350525e-04
7.104743272066116333e-04
6.989669054746627808e-04
6.879493594169616699e-04
6.764419376850128174e-04
6.658397614955902100e-04
6.549051031470298767e-04
6.439704447984695435e-04
6.326772272586822510e-04
6.216960027813911438e-04
6.113070994615554810e-04
6.005065515637397766e-04
5.898438394069671631e-04
5.788300186395645142e-04
5.688285455107688904e-04
5.580019205808639526e-04
5.475552752614021301e-04
5.369074642658233643e-04
5.269730463624000549e-04
5.165087059140205383e-04
5.062902346253395081e-04
4.956927150487899780e-04
4.856009036302566528e-04
4.767738282680511475e-04
4.714643582701683044e-04
4.612822085618972778e-04
4.513813182711601257e-04
4.414860159158706665e-04
4.316000267863273621e-04
4.224097356200218201e-04
4.130601882934570312e-04
4.039863124489784241e-04
3.943368792533874512e-04
3.852322697639465332e-04
3.761881962418556213e-04
3.672158345580101013e-04
3.582108765840530396e-04
3.494638949632644653e-04
3.411481156945228577e-04
3.326283767819404602e-04
3.244671970605850220e-04
3.162417560815811157e-04
3.085732460021972656e-04
3.008451312780380249e-04
2.932576462626457214e-04
2.855081111192703247e-04
2.781795337796211243e-04
2.714656293392181396e-04
2.642571926116943359e-04
2.575153484940528870e-04
2.505024895071983337e-04
2.440577372908592224e-04
2.379314973950386047e-04
2.313675358891487122e-04
2.252003178000450134e-04
2.187481150031089783e-04
2.133101224899291992e-04
2.079000696539878845e-04
2.023447304964065552e-04
1.969896256923675537e-04
1.911809667944908142e-04
1.860465854406356812e-04
1.808265224099159241e-04
1.755161210894584656e-04
1.705419272184371948e-04
1.650312915444374084e-04
1.601008698344230652e-04
1.553175970911979675e-04
1.503108069300651550e-04
1.458870247006416321e-04
1.412630081176757812e-04
1.369034871459007263e-04
1.324573531746864319e-04
1.278137788176536560e-04
1.233844086527824402e-04
1.185992732644081116e-04
1.137871295213699341e-04
1.094546169042587280e-04
1.046694815158843994e-04
1.003434881567955017e-04
9.589269757270812988e-05
9.145308285951614380e-05
8.759275078773498535e-05
8.355081081390380859e-05
7.977616041898727417e-05
7.614679634571075439e-05
7.207877933979034424e-05
6.841495633125305176e-05
6.484240293502807617e-05
6.149802356958389282e-05
5.879346281290054321e-05
5.575083196163177490e-05
5.286838859319686890e-05
5.023274570703506470e-05
4.756078124046325684e-05
4.527438431978225708e-05
4.269555211067199707e-05
4.009623080492019653e-05
3.792438656091690063e-05
3.590714186429977417e-05
3.451295197010040283e-05
3.334041684865951538e-05
3.170501440763473511e-05
2.864096313714981079e-05
2.348329871892929077e-05
1.178868114948272705e-05
4.987232387065887451e-06
1.535750925540924072e-06
-2.624467015266418457e-06
-5.675479769706726074e-06
-6.911344826221466064e-06
-8.151866495609283447e-06
-8.244067430496215820e-06
-8.257105946540832520e-06
-8.231960237026214600e-06
-8.248724043369293213e-06
-8.236616849899291992e-06
-8.267350494861602783e-06
-8.261762559413909912e-06
-8.249655365943908691e-06
-8.261762559413909912e-06
-8.289702236652374268e-06
