-1.443549990653991699e-06
-1.411885023117065430e-06
-1.451000571250915527e-06
-1.356005668640136719e-06
-1.444481313228607178e-06
-1.448206603527069092e-06
-1.459382474422454834e-06
-1.594424247741699219e-06
-1.596286892890930176e-06
-1.555308699607849121e-06
-1.532025635242462158e-06
-6.584450602531433105e-07
3.231689333915710449e-07
8.996576070785522461e-07
1.273117959499359131e-06
2.600252628326416016e-06
3.842636942863464355e-06
4.558824002742767334e-06
4.778616130352020264e-06
4.936009645462036133e-06
5.101785063743591309e-06
5.354173481464385986e-06
5.445443093776702881e-06
5.627050995826721191e-06
8.856877684593200684e-06
1.023244112730026245e-05
1.120287925004959106e-05
1.208391040563583374e-05
1.250393688678741455e-05
1.324340701103210449e-05
1.390930265188217163e-05
1.469999551773071289e-05
1.540500670671463013e-05
1.629628241062164307e-05
1.734588295221328735e-05
1.836288720369338989e-05
1.915171742439270020e-05
1.966208219528198242e-05
2.047698944807052612e-05
2.144277095794677734e-05
2.258270978927612305e-05
2.388935536146163940e-05
2.544280141592025757e-05
2.685654908418655396e-05
2.820976078510284424e-05
2.954900264739990234e-05
3.075506538152694702e-05
3.212131559848785400e-05
3.347266465425491333e-05
3.487151116132736206e-05
3.645569086074829102e-05
3.810133785009384155e-05
3.938376903533935547e-05
4.084687680006027222e-05
4.350021481513977051e-05
4.672724753618240356e-05
5.080364644527435303e-05
5.600601434707641602e-05
6.177742034196853638e-05
6.327498704195022583e-05
6.013084203004837036e-05
5.796272307634353638e-05
5.657598376274108887e-05
5.564652383327484131e-05
5.484744906425476074e-05
5.419086664915084839e-05
5.362834781408309937e-05
5.310773849487304688e-05
5.265790969133377075e-05
5.227886140346527100e-05
5.188677459955215454e-05
5.155801773071289062e-05
5.122739821672439575e-05
5.094334483146667480e-05
5.068723112344741821e-05
5.041994154453277588e-05
5.019456148147583008e-05
4.994962364435195923e-05
4.974287003278732300e-05
4.953518509864807129e-05
4.937592893838882446e-05
5.017966032028198242e-05
5.390774458646774292e-05
5.754735320806503296e-05
6.134528666734695435e-05
6.455928087234497070e-05
6.733182817697525024e-05
6.997492164373397827e-05
7.245037704706192017e-05
7.605459541082382202e-05
8.014217019081115723e-05
8.500926196575164795e-05
9.023491293191909790e-05
9.582936763763427734e-05
1.019919291138648987e-04
1.110993325710296631e-04
1.218346878886222839e-04
1.345816999673843384e-04
1.484714448451995850e-04
1.637432724237442017e-04
1.803906634449958801e-04
1.990897580981254578e-04
2.186801284551620483e-04
2.399282529950141907e-04
2.620825543999671936e-04
2.844734117388725281e-04
3.076186403632164001e-04
3.320556133985519409e-04
3.592111170291900635e-04
3.870837390422821045e-04
4.176627844572067261e-04
4.496965557336807251e-04
4.839506000280380249e-04
5.209464579820632935e-04
5.605006590485572815e-04
6.018569692969322205e-04
6.444193422794342041e-04
6.886413320899009705e-04
7.330449298024177551e-04
7.774978876113891602e-04
8.206991478800773621e-04
8.624568581581115723e-04
9.022662416100502014e-04
9.404178708791732788e-04
9.771697223186492920e-04
1.012520864605903625e-03
1.045502722263336182e-03
1.076847314834594727e-03
1.106488518416881561e-03
1.134659163653850555e-03
1.160853542387485504e-03
1.185283996164798737e-03
1.208045519888401031e-03
1.229843124747276306e-03
1.249060966074466705e-03
1.266721636056900024e-03
1.283967867493629456e-03
1.299335621297359467e-03
1.313181594014167786e-03
1.326325349509716034e-03
1.338122412562370300e-03
1.348650082945823669e-03
1.358231529593467712e-03
1.366626471281051636e-03
1.374233514070510864e-03
1.380763947963714600e-03
1.384435221552848816e-03
1.387415453791618347e-03
1.390336081385612488e-03
1.390757970511913300e-03
1.392683945596218109e-03
1.391524448990821838e-03
1.390301622450351715e-03
1.389229670166969299e-03
1.388288103044033051e-03
1.387354917824268341e-03
1.386572606861591339e-03
1.385802403092384338e-03
1.385026611387729645e-03
1.384384930133819580e-03
1.383746042847633362e-03
1.383153721690177917e-03
1.382523216307163239e-03
1.382012851536273956e-03
1.381481997668743134e-03
1.380949281156063080e-03
1.380413770675659180e-03
1.379939727485179901e-03
1.379469409584999084e-03
1.379037275910377502e-03
1.378566958010196686e-03
1.378118991851806641e-03
1.377675682306289673e-03
1.377238892018795013e-03
1.376790925860404968e-03
1.376396976411342621e-03
1.375945284962654114e-03
1.375488936901092529e-03
1.375042833387851715e-03
1.373805105686187744e-03
1.365804113447666168e-03
1.350243575870990753e-03
1.333050429821014404e-03
1.315131783485412598e-03
1.295266672968864441e-03
1.278428360819816589e-03
1.261438243091106415e-03
1.245469786226749420e-03
1.228357665240764618e-03
1.212382689118385315e-03
1.196116209030151367e-03
1.179792918264865875e-03
1.163477078080177307e-03
1.147468574345111847e-03
1.131890341639518738e-03
1.115520484745502472e-03
1.099733635783195496e-03
1.083317212760448456e-03
1.068457029759883881e-03
1.053065992891788483e-03
1.038271933794021606e-03
1.022424548864364624e-03
1.007269136607646942e-03
9.916899725794792175e-04
9.766081348061561584e-04
9.610317647457122803e-04
9.458363056182861328e-04
9.310888126492500305e-04
9.162193164229393005e-04
9.016422554850578308e-04
8.868919685482978821e-04
8.731745183467864990e-04
8.584717288613319397e-04
8.441768586635589600e-04
8.292198181152343750e-04
8.156979456543922424e-04
8.014449849724769592e-04
7.875980809330940247e-04
7.730666548013687134e-04
7.596733048558235168e-04
7.459428161382675171e-04
7.318751886487007141e-04
7.180571556091308594e-04
7.043723016977310181e-04
6.914446130394935608e-04
6.776731461286544800e-04
6.641494110226631165e-04
6.500072777271270752e-04
6.376290693879127502e-04
6.287666037678718567e-04
6.184568628668785095e-04
6.054732948541641235e-04
5.924347788095474243e-04
5.793152377009391785e-04
5.669780075550079346e-04
5.547944456338882446e-04
5.427422001957893372e-04
5.304459482431411743e-04
5.180705338716506958e-04
5.063470453023910522e-04
4.942771047353744507e-04
4.827370867133140564e-04
4.708198830485343933e-04
4.597697407007217407e-04
4.487251862883567810e-04
4.378277808427810669e-04
4.269555211067199707e-04
4.165284335613250732e-04
4.065670073032379150e-04
3.963233903050422668e-04
3.865007311105728149e-04
3.763223066926002502e-04
3.672791644930839539e-04
3.582034260034561157e-04
3.488808870315551758e-04
3.400743007659912109e-04
3.308877348899841309e-04
3.228755667805671692e-04
3.145178779959678650e-04
3.061853349208831787e-04
2.978630363941192627e-04
2.898667007684707642e-04
2.830233424901962280e-04
2.756658941507339478e-04
2.685673534870147705e-04
2.612937241792678833e-04
2.539129927754402161e-04
2.473704516887664795e-04
2.403398975729942322e-04
2.336204051971435547e-04
2.268645912408828735e-04
2.197306603193283081e-04
2.135429531335830688e-04
2.070562914013862610e-04
2.008154988288879395e-04
1.950068399310112000e-04
1.889308914542198181e-04
1.833708956837654114e-04
1.772549003362655640e-04
1.713484525680541992e-04
1.653758808970451355e-04
1.589050516486167908e-04
1.530554145574569702e-04
1.470278948545455933e-04
1.409659162163734436e-04
1.353146508336067200e-04
1.293290406465530396e-04
1.239972189068794250e-04
1.188153401017189026e-04
1.135496422648429871e-04
1.088576391339302063e-04
1.038024201989173889e-04
9.854324162006378174e-05
9.389501065015792847e-05
8.917041122913360596e-05
8.536968380212783813e-05
8.154381066560745239e-05
7.759872823953628540e-05
7.407926023006439209e-05
7.048808038234710693e-05
6.729084998369216919e-05
6.418488919734954834e-05
6.064306944608688354e-05
5.754455924034118652e-05
5.471985787153244019e-05
5.247537046670913696e-05
5.085300654172897339e-05
4.932191222906112671e-05
4.617683589458465576e-05
4.006363451480865479e-05
3.026891499757766724e-05
1.761130988597869873e-05
1.124851405620574951e-05
4.949979484081268311e-06
6.137415766716003418e-07
-1.713633537292480469e-06
-3.673136234283447266e-06
-4.629604518413543701e-06
-4.615634679794311523e-06
-4.636123776435852051e-06
-4.620291292667388916e-06
-4.620291292667388916e-06
-4.637055099010467529e-06
-4.626810550689697266e-06
-4.624947905540466309e-06
-4.649162292480468750e-06
-4.601664841175079346e-06
-4.644505679607391357e-06
