-4.881061613559722900e-06
-4.873611032962799072e-06
-4.884786903858184814e-06
-4.895962774753570557e-06
-4.882924258708953857e-06
-4.879198968410491943e-06
-4.907138645648956299e-06
-4.888512194156646729e-06
-4.917383193969726562e-06
-4.887580871582031250e-06
-2.714805305004119873e-06
-6.919726729393005371e-07
1.106411218643188477e-06
1.914799213409423828e-06
2.520158886909484863e-06
3.112480044364929199e-06
3.630295395851135254e-06
4.653818905353546143e-06
5.368143320083618164e-06
6.026588380336761475e-06
7.807277143001556396e-06
9.912066161632537842e-06
1.145154237747192383e-05
1.308042556047439575e-05
1.432653516530990601e-05
1.590698957443237305e-05
1.731328666210174561e-05
1.879129558801651001e-05
2.075824886560440063e-05
2.324953675270080566e-05
2.564676105976104736e-05
2.765282988548278809e-05
3.064423799514770508e-05
3.335811197757720947e-05
3.685522824525833130e-05
3.979820758104324341e-05
4.306528717279434204e-05
4.777964204549789429e-05
5.774758756160736084e-05
7.150322198867797852e-05
9.000021964311599731e-05
1.237606629729270935e-04
1.701982691884040833e-04
2.257591113448143005e-04
2.834144979715347290e-04
3.440510481595993042e-04
4.094187170267105103e-04
4.805270582437515259e-04
5.560610443353652954e-04
6.344551220536231995e-04
7.123444229364395142e-04
7.894420996308326721e-04
8.651427924633026123e-04
9.406786412000656128e-04
1.015119254589080811e-03
1.088053919374942780e-03
1.159407198429107666e-03
1.227926462888717651e-03
1.294824294745922089e-03
1.359653659164905548e-03
1.423588953912258148e-03
1.487186178565025330e-03
1.550765708088874817e-03
1.613115891814231873e-03
1.673600636422634125e-03
1.732997596263885498e-03
1.791816204786300659e-03
1.850287429988384247e-03
1.908399164676666260e-03
1.965462230145931244e-03
2.021952532231807709e-03
2.078116871416568756e-03
2.101788297295570374e-03
2.087079919874668121e-03
2.064801752567291260e-03
2.041230909526348114e-03
2.018224447965621948e-03
1.996507868170738220e-03
1.975714229047298431e-03
1.955185085535049438e-03
1.935120671987533569e-03
1.915797591209411621e-03
1.896117813885211945e-03
1.876464113593101501e-03
1.856721006333827972e-03
1.837057992815971375e-03
1.817445270717144012e-03
1.798156648874282837e-03
1.778916455805301666e-03
1.759735867381095886e-03
1.740647479891777039e-03
1.721736043691635132e-03
1.702964305877685547e-03
1.683618873357772827e-03
1.664480194449424744e-03
1.645779237151145935e-03
1.627833582460880280e-03
1.609209924936294556e-03
1.591135747730731964e-03
1.572883687913417816e-03
1.554796472191810608e-03
1.535931602120399475e-03
1.518395729362964630e-03
1.500993035733699799e-03
1.483783125877380371e-03
1.465712673962116241e-03
1.448282040655612946e-03
1.430872827768325806e-03
1.413704827427864075e-03
1.396049745380878448e-03
1.378707587718963623e-03
1.361401751637458801e-03
1.344030722975730896e-03
1.326618716120719910e-03
1.309501938521862030e-03
1.293180510401725769e-03
1.276051625609397888e-03
1.259040087461471558e-03
1.241759397089481354e-03
1.225963234901428223e-03
1.209399662911891937e-03
1.193079166114330292e-03
1.175923272967338562e-03
1.160209067165851593e-03
1.143634319305419922e-03
1.127487979829311371e-03
1.111004501581192017e-03
1.095657236874103546e-03
1.079908572137355804e-03
1.064852811396121979e-03
1.049345359206199646e-03
1.034932211041450500e-03
1.019467599689960480e-03
1.004143618047237396e-03
9.878994897007942200e-04
9.732758626341819763e-04
9.582974016666412354e-04
9.437631815671920776e-04
9.283693507313728333e-04
9.141704067587852478e-04
8.993539959192276001e-04
8.846726268529891968e-04
8.696466684341430664e-04
8.558537811040878296e-04
8.414946496486663818e-04
8.272789418697357178e-04
8.128387853503227234e-04
7.994640618562698364e-04
7.854364812374114990e-04
7.715588435530662537e-04
7.569175213575363159e-04
7.437672466039657593e-04
7.299566641449928284e-04
7.164832204580307007e-04
7.023857906460762024e-04
6.892690435051918030e-04
6.802091374993324280e-04
6.683655083179473877e-04
6.482787430286407471e-04
6.358735263347625732e-04
6.228489801287651062e-04
6.143637001514434814e-04
6.049489602446556091e-04
5.923742428421974182e-04
5.799569189548492432e-04
5.689132958650588989e-04
5.574161186814308167e-04
5.455426871776580811e-04
5.306247621774673462e-04
5.226833745837211609e-04
5.115009844303131104e-04
5.003297701478004456e-04
4.879441112279891968e-04
4.764087498188018799e-04
4.646768793463706970e-04
4.531098529696464539e-04
4.412969574332237244e-04
4.306724295020103455e-04
4.203310236334800720e-04
4.103733226656913757e-04
4.003075882792472839e-04
3.903564065694808960e-04
3.811577335000038147e-04
3.713872283697128296e-04
3.618570044636726379e-04
3.520073369145393372e-04
3.432529047131538391e-04
3.338251262903213501e-04
3.250082954764366150e-04
3.163442015647888184e-04
3.079175949096679688e-04
3.000162541866302490e-04
2.915244549512863159e-04
2.839947119355201721e-04
2.755783498287200928e-04
2.679601311683654785e-04
2.602310851216316223e-04
2.524545416235923767e-04
2.449704334139823914e-04
2.372730523347854614e-04
2.305796369910240173e-04
2.235872671008110046e-04
2.166889607906341553e-04
2.101147547364234924e-04
2.032667398452758789e-04
1.971907913684844971e-04
1.906119287014007568e-04
1.837452873587608337e-04
1.775361597537994385e-04
1.711854711174964905e-04
1.654904335737228394e-04
1.593204215168952942e-04
1.529818400740623474e-04
1.470418646931648254e-04
1.405570656061172485e-04
1.348769292235374451e-04
1.291660591959953308e-04
1.231115311384201050e-04
1.178579404950141907e-04
1.122383400797843933e-04
1.069251447916030884e-04
1.018000766634941101e-04
9.638443589210510254e-05
9.173434227705001831e-05
8.703488856554031372e-05
8.292868733406066895e-05
7.931143045425415039e-05
7.533561438322067261e-05
7.188320159912109375e-05
6.828363984823226929e-05
6.474927067756652832e-05
6.184726953506469727e-05
5.875155329704284668e-05
5.595013499259948730e-05
5.329679697751998901e-05
5.091261118650436401e-05
4.929117858409881592e-05
4.813168197870254517e-05
4.743691533803939819e-05
4.709977656602859497e-05
4.692934453487396240e-05
4.693493247032165527e-05
4.687067121267318726e-05
4.669930785894393921e-05
4.648882895708084106e-05
4.594866186380386353e-05
4.534516483545303345e-05
4.477240145206451416e-05
4.415307193994522095e-05
4.353560507297515869e-05
4.285015165805816650e-05
4.232209175825119019e-05
4.201103001832962036e-05
4.174560308456420898e-05
4.157610237598419189e-05
4.125200212001800537e-05
4.070904105901718140e-05
3.998167812824249268e-05
3.911089152097702026e-05
3.783497959375381470e-05
3.598351031541824341e-05
3.431271761655807495e-05
3.291107714176177979e-05
3.148708492517471313e-05
3.021396696567535400e-05
2.818182110786437988e-05
2.677273005247116089e-05
2.577621489763259888e-05
2.452358603477478027e-05
2.365652471780776978e-05
2.274289727210998535e-05
2.167839556932449341e-05
2.064183354377746582e-05
1.960806548595428467e-05
1.875497400760650635e-05
1.778081059455871582e-05
1.717824488878250122e-05
1.660548150539398193e-05
1.605506986379623413e-05
1.561921089887619019e-05
1.509021967649459839e-05
1.466274261474609375e-05
1.430138945579528809e-05
1.394841820001602173e-05
1.358427107334136963e-05
1.294724643230438232e-05
1.216959208250045776e-05
1.139100641012191772e-05
1.074187457561492920e-05
1.020729541778564453e-05
9.873881936073303223e-06
9.309500455856323242e-06
8.311122655868530273e-06
7.506459951400756836e-06
6.648711860179901123e-06
6.036832928657531738e-06
5.536712706089019775e-06
5.153939127922058105e-06
4.643574357032775879e-06
4.165805876255035400e-06
3.720633685588836670e-06
3.190711140632629395e-06
2.729706466197967529e-06
2.189539372920989990e-06
1.724809408187866211e-06
1.262873411178588867e-06
8.726492524147033691e-07
3.222376108169555664e-07
-2.263113856315612793e-07
-7.739290595054626465e-07
-1.288950443267822266e-06
-1.837499439716339111e-06
-2.101995050907135010e-06
-2.278946340084075928e-06
-2.365559339523315430e-06
-2.458691596984863281e-06
-2.569518983364105225e-06
-2.636574208736419678e-06
-2.817250788211822510e-06
-3.043562173843383789e-06
-3.310851752758026123e-06
-3.588385879993438721e-06
-4.034489393234252930e-06
-4.825182259082794189e-06
-5.210749804973602295e-06
-5.233101546764373779e-06
-5.190260708332061768e-06
-5.228444933891296387e-06
-5.233101546764373779e-06
-5.215406417846679688e-06
-5.191192030906677246e-06
-5.209818482398986816e-06
-5.218200385570526123e-06
-5.209818482398986816e-06
-5.195848643779754639e-06
-5.212612450122833252e-06
-5.198642611503601074e-06
-5.218200385570526123e-06
-5.207024514675140381e-06
-5.192123353481292725e-06
-5.214475095272064209e-06
-5.187466740608215332e-06
