-8.309260010719299316e-06
-8.326955139636993408e-06
-8.328817784786224365e-06
-8.318573236465454102e-06
-8.292496204376220703e-06
-8.327886462211608887e-06
-8.333474397659301758e-06
-8.310191333293914795e-06
-8.312985301017761230e-06
-8.317641913890838623e-06
-6.983056664466857910e-06
-6.055459380149841309e-06
-4.310160875320434570e-06
-3.316439688205718994e-06
-2.846121788024902344e-06
-2.376735210418701172e-06
-1.953914761543273926e-06
-1.392327249050140381e-06
-6.686896085739135742e-07
-2.700835466384887695e-07
3.706663846969604492e-07
2.393499016761779785e-06
3.603287041187286377e-06
4.849396646022796631e-06
5.958601832389831543e-06
6.980262696743011475e-06
8.149072527885437012e-06
9.193085134029388428e-06
1.045037060976028442e-05
1.233350485563278198e-05
1.422688364982604980e-05
1.564249396324157715e-05
1.759268343448638916e-05
1.995172351598739624e-05
2.226792275905609131e-05
2.470053732395172119e-05
2.696644514799118042e-05
2.986006438732147217e-05
3.556814044713973999e-05
4.454329609870910645e-05
5.661975592374801636e-05
7.476564496755599976e-05
1.073516905307769775e-04
1.463191583752632141e-04
1.902375370264053345e-04
2.344064414501190186e-04
2.828072756528854370e-04
3.354353830218315125e-04
3.911871463060379028e-04
4.499582573771476746e-04
5.099484696984291077e-04
5.686460062861442566e-04
6.273165345191955566e-04
6.851200014352798462e-04
7.422585040330886841e-04
7.983259856700897217e-04
8.534640073776245117e-04
9.069181978702545166e-04
9.587770327925682068e-04
1.008489169180393219e-03
1.058192923665046692e-03
1.106393523514270782e-03
1.155060715973377228e-03
1.203232444822788239e-03
1.249920576810836792e-03
1.295154914259910583e-03
1.340707764029502869e-03
1.385726034641265869e-03
1.429958269000053406e-03
1.473842188715934753e-03
1.517205499112606049e-03
1.560626551508903503e-03
1.596937887370586395e-03
1.594431698322296143e-03
1.579294912517070770e-03
1.561425626277923584e-03
1.543332822620868683e-03
1.526414416730403900e-03
1.510053873062133789e-03
1.494483090937137604e-03
1.478701829910278320e-03
1.463919878005981445e-03
1.448819413781166077e-03
1.433998346328735352e-03
1.418769359588623047e-03
1.403890550136566162e-03
1.388589851558208466e-03
1.374000683426856995e-03
1.359083689749240875e-03
1.344553194940090179e-03
1.329786144196987152e-03
1.315379515290260315e-03
1.300896517932415009e-03
1.286564394831657410e-03
1.271573826670646667e-03
1.257239840924739838e-03
1.243200153112411499e-03
1.229397021234035492e-03
1.215130090713500977e-03
1.201396808028221130e-03
1.187468878924846649e-03
1.173377968370914459e-03
1.159446313977241516e-03
1.146201975643634796e-03
1.132981851696968079e-03
1.119440421462059021e-03
1.105910167098045349e-03
1.092502847313880920e-03
1.079530455172061920e-03
1.065971329808235168e-03
1.052915118634700775e-03
1.039415597915649414e-03
1.026445999741554260e-03
1.012794673442840576e-03
9.999861940741539001e-04
9.870454668998718262e-04
9.744670242071151733e-04
9.612105786800384521e-04
9.482055902481079102e-04
9.355042129755020142e-04
9.232610464096069336e-04
9.107245132327079773e-04
8.979169651865959167e-04
8.854465559124946594e-04
8.730748668313026428e-04
8.606472983956336975e-04
8.478648960590362549e-04
8.360231295228004456e-04
8.239913731813430786e-04
8.124336600303649902e-04
8.004968985915184021e-04
7.894057780504226685e-04
7.778396829962730408e-04
7.662577554583549500e-04
7.539410144090652466e-04
7.424317300319671631e-04
7.309839129447937012e-04
7.198937237262725830e-04
7.083090022206306458e-04
6.972504779696464539e-04
6.859796121716499329e-04
6.749108433723449707e-04
6.632767617702484131e-04
6.526401266455650330e-04
6.417147815227508545e-04
6.309803575277328491e-04
6.197765469551086426e-04
6.095236167311668396e-04
5.987938493490219116e-04
5.884002894163131714e-04
5.773184821009635925e-04
5.669416859745979309e-04
5.564875900745391846e-04
5.462560802698135376e-04
5.355188623070716858e-04
5.254177376627922058e-04
5.158130079507827759e-04
5.110790953040122986e-04
4.935860633850097656e-04
4.844563081860542297e-04
4.745302721858024597e-04
4.658456891775131226e-04
4.618177190423011780e-04
4.512099549174308777e-04
4.416089504957199097e-04
4.328833892941474915e-04
4.242807626724243164e-04
4.154406487941741943e-04
4.054848104715347290e-04
3.972388803958892822e-04
3.891102969646453857e-04
3.807405009865760803e-04
3.717010840773582458e-04
3.624670207500457764e-04
3.537219017744064331e-04
3.446731716394424438e-04
3.359708935022354126e-04
3.272881731390953064e-04
3.194697201251983643e-04
3.115274012088775635e-04
3.042174503207206726e-04
2.963067963719367981e-04
2.891914919018745422e-04
2.819625660777091980e-04
2.746190875768661499e-04
2.672094851732254028e-04
2.600941807031631470e-04
2.532927319407463074e-04
2.461327239871025085e-04
2.396591007709503174e-04
2.329749986529350281e-04
2.269204705953598022e-04
2.206200733780860901e-04
2.145618200302124023e-04
2.085622400045394897e-04
2.022972330451011658e-04
1.966487616300582886e-04
1.905765384435653687e-04
1.848628744482994080e-04
1.789806410670280457e-04
1.735091209411621094e-04
1.684250310063362122e-04
1.630065962672233582e-04
1.580202952027320862e-04
1.528048887848854065e-04
1.479005441069602966e-04
1.432439312338829041e-04
1.379465684294700623e-04
1.330543309450149536e-04
1.281984150409698486e-04
1.236414536833763123e-04
1.192213967442512512e-04
1.143673434853553772e-04
1.097368076443672180e-04
1.050084829330444336e-04
1.002242788672447205e-04
9.612087160348892212e-05
9.149033576250076294e-05
8.723419159650802612e-05
8.316989988088607788e-05
7.889512926340103149e-05
7.501523941755294800e-05
7.100962102413177490e-05
6.710458546876907349e-05
6.366334855556488037e-05
6.016530096530914307e-05
5.739089101552963257e-05
5.449820309877395630e-05
5.160644650459289551e-05
4.901457577943801880e-05
4.620570689439773560e-05
4.379916936159133911e-05
4.155840724706649780e-05
3.923196345567703247e-05
3.725010901689529419e-05
3.521703183650970459e-05
3.374554216861724854e-05
3.269314765930175781e-05
3.198254853487014771e-05
3.163702785968780518e-05
3.143027424812316895e-05
3.139209002256393433e-05
3.142002969980239868e-05
3.129150718450546265e-05
3.117043524980545044e-05
3.089848905801773071e-05
3.044493496417999268e-05
2.996250987052917480e-05
2.954993396997451782e-05
2.906657755374908447e-05
2.852361649274826050e-05
2.808030694723129272e-05
2.778787165880203247e-05
2.758204936981201172e-05
2.738647162914276123e-05
2.721790224313735962e-05
2.695340663194656372e-05
2.638809382915496826e-05
2.583209425210952759e-05
2.497807145118713379e-05
2.382043749094009399e-05
2.235826104879379272e-05
2.124812453985214233e-05
2.017617225646972656e-05
1.917034387588500977e-05
1.801364123821258545e-05
1.642014831304550171e-05
1.568626612424850464e-05
1.482944935560226440e-05
1.397170126438140869e-05
1.337099820375442505e-05
1.257658004760742188e-05
1.180451363325119019e-05
1.098215579986572266e-05
1.025013625621795654e-05
9.573996067047119141e-06
8.950009942054748535e-06
8.556060492992401123e-06
8.097849786281585693e-06
7.723458111286163330e-06
7.326714694499969482e-06
6.985850632190704346e-06
6.702728569507598877e-06
6.398186087608337402e-06
6.204470992088317871e-06
5.812384188175201416e-06
5.243346095085144043e-06
4.622153937816619873e-06
4.092231392860412598e-06
3.644265234470367432e-06
3.297813236713409424e-06
3.086403012275695801e-06
2.354383468627929688e-06
1.658685505390167236e-06
1.065433025360107422e-06
5.019828677177429199e-07
7.357448339462280273e-08
-2.384185791015625000e-07
-5.709007382392883301e-07
-1.004897058010101318e-06
-1.302920281887054443e-06
-1.702457666397094727e-06
-2.078711986541748047e-06
-2.461485564708709717e-06
-2.827495336532592773e-06
-3.169290721416473389e-06
-3.515742719173431396e-06
-3.870576620101928711e-06
-4.265457391738891602e-06
-4.701316356658935547e-06
-5.165114998817443848e-06
-5.554407835006713867e-06
-5.861744284629821777e-06
-5.980953574180603027e-06
-6.083399057388305664e-06
-6.099231541156768799e-06
-6.225891411304473877e-06
-6.307847797870635986e-06
-6.394460797309875488e-06
-6.526708602905273438e-06
-6.757676601409912109e-06
-6.947666406631469727e-06
-7.173046469688415527e-06
-7.662922143936157227e-06
-8.295290172100067139e-06
-8.303672075271606445e-06
-8.306466042995452881e-06
-8.313916623592376709e-06
-8.300878107547760010e-06
-8.293427526950836182e-06
-8.307397365570068359e-06
-8.288770914077758789e-06
-8.285045623779296875e-06
-8.299015462398529053e-06
-8.309260010719299316e-06
-8.285045623779296875e-06
-8.315779268741607666e-06
-8.307397365570068359e-06
-8.318573236465454102e-06
-8.290633559226989746e-06
-8.310191333293914795e-06
-8.301809430122375488e-06
-8.298084139823913574e-06
