-8.298084139823913574e-06
-8.281320333480834961e-06
-8.294358849525451660e-06
-8.317641913890838623e-06
-8.305534720420837402e-06
-8.279457688331604004e-06
-8.294358849525451660e-06
-8.286908268928527832e-06
-8.285976946353912354e-06
-8.258968591690063477e-06
-8.287839591503143311e-06
-8.288770914077758789e-06
-8.274801075458526611e-06
-8.273869752883911133e-06
-8.285045623779296875e-06
-8.295290172100067139e-06
-8.278526365756988525e-06
-8.287839591503143311e-06
-8.314847946166992188e-06
-8.305534720420837402e-06
-8.273869752883911133e-06
-8.309260010719299316e-06
-8.305534720420837402e-06
-8.285045623779296875e-06
-8.299015462398529053e-06
-8.304603397846221924e-06
-8.284114301204681396e-06
-8.324161171913146973e-06
-8.303672075271606445e-06
-8.298084139823913574e-06
-8.298084139823913574e-06
-8.293427526950836182e-06
-8.259899914264678955e-06
-8.288770914077758789e-06
-8.286908268928527832e-06
-8.299946784973144531e-06
-8.302740752696990967e-06
-8.279457688331604004e-06
-8.289702236652374268e-06
-8.298084139823913574e-06
-8.295290172100067139e-06
-8.291564881801605225e-06
-8.266419172286987305e-06
-8.283182978630065918e-06
-8.282251656055450439e-06
-8.281320333480834961e-06
-8.309260010719299316e-06
-8.326955139636993408e-06
-7.194466888904571533e-06
-5.704350769519805908e-06
-4.178844392299652100e-06
-3.166496753692626953e-06
6.882473826408386230e-07
7.668510079383850098e-06
1.045875251293182373e-05
1.297611743211746216e-05
1.619942486286163330e-05
2.050120383501052856e-05
2.505164593458175659e-05
3.113225102424621582e-05
3.742147237062454224e-05
4.541035741567611694e-05
4.668626934289932251e-05
4.575215280055999756e-05
4.533678293228149414e-05
4.505552351474761963e-05
4.484318196773529053e-05
4.469603300094604492e-05
4.455633461475372314e-05
4.444457590579986572e-05
4.437658935785293579e-05
4.431605339050292969e-05
4.420895129442214966e-05
4.414375871419906616e-05
4.462059587240219116e-05
4.480965435504913330e-05
4.476681351661682129e-05
4.481989890336990356e-05
4.499778151512145996e-05
4.510860890150070190e-05
4.515331238508224487e-05
4.519987851381301880e-05
4.525203257799148560e-05
4.537310451269149780e-05
4.678685218095779419e-05
5.042366683483123779e-05
5.338620394468307495e-05
5.654525011777877808e-05
6.039999425411224365e-05
6.463192403316497803e-05
6.868969649076461792e-05
7.343199104070663452e-05
8.059199899435043335e-05
8.919090032577514648e-05
9.833369404077529907e-05
1.092432066798210144e-04
1.217434182763099670e-04
1.349225640296936035e-04
1.492965966463088989e-04
1.645358279347419739e-04
1.806449145078659058e-04
1.975791528820991516e-04
2.151140943169593811e-04
2.327254042029380798e-04
2.499474212527275085e-04
2.673650160431861877e-04
2.842331305146217346e-04
3.013871610164642334e-04
3.184992820024490356e-04
3.349836915731430054e-04
3.513973206281661987e-04
3.675883635878562927e-04
3.840532153844833374e-04
4.007080569863319397e-04
4.176823422312736511e-04
4.346603527665138245e-04
4.514371976256370544e-04
4.682606086134910583e-04
4.850877448916435242e-04
5.020396783947944641e-04
5.189785733819007874e-04
5.357740446925163269e-04
5.529439076781272888e-04
5.700774490833282471e-04
5.869148299098014832e-04
6.035836413502693176e-04
6.201164796948432922e-04
6.357263773679733276e-04
6.513912230730056763e-04
6.672898307442665100e-04
6.828689947724342346e-04
6.983792409300804138e-04
7.133381441235542297e-04
7.280679419636726379e-04
7.428117096424102783e-04
7.561361417174339294e-04
7.678978145122528076e-04
7.794583216309547424e-04
7.897634059190750122e-04
7.989779114723205566e-04
8.070366457104682922e-04
8.148951455950737000e-04
8.220029994845390320e-04
8.275564759969711304e-04
8.323844522237777710e-04
8.359961211681365967e-04
8.384911343455314636e-04
8.398611098527908325e-04
8.401991799473762512e-04
8.391980081796646118e-04
8.383812382817268372e-04
8.376613259315490723e-04
8.370624855160713196e-04
8.365381509065628052e-04
8.359337225556373596e-04
8.354373276233673096e-04
8.350107818841934204e-04
8.346280083060264587e-04
8.342629298567771912e-04
8.339229971170425415e-04
8.335830643773078918e-04
8.332692086696624756e-04
8.329525589942932129e-04
8.325893431901931763e-04
8.322428911924362183e-04
8.320119231939315796e-04
8.317483589053153992e-04
8.315443992614746094e-04
8.313274011015892029e-04
8.311253041028976440e-04
8.309381082653999329e-04
8.307769894599914551e-04
8.305758237838745117e-04
8.304733783006668091e-04
8.302778005599975586e-04
8.300961926579475403e-04
8.298745378851890564e-04
8.295802399516105652e-04
8.293110877275466919e-04
8.290400728583335876e-04
8.287569507956504822e-04
8.284179493784904480e-04
8.275788277387619019e-04
8.207391947507858276e-04
8.114529773592948914e-04
8.022710680961608887e-04
7.918849587440490723e-04
7.802490144968032837e-04
7.683727890253067017e-04
7.555996999144554138e-04
7.424820214509963989e-04
7.282784208655357361e-04
7.133949548006057739e-04
6.967755034565925598e-04
6.798906251788139343e-04
6.634527817368507385e-04
6.525563076138496399e-04
6.365627050399780273e-04
6.207823753356933594e-04
6.046053022146224976e-04
5.886638537049293518e-04
5.733110010623931885e-04
5.583092570304870605e-04
5.433624610304832458e-04
5.289241671562194824e-04
5.141990259289741516e-04
4.997104406356811523e-04
4.862658679485321045e-04
4.727514460682868958e-04
4.591513425111770630e-04
4.461416974663734436e-04
4.331367090344429016e-04
4.201484844088554382e-04
4.074424505233764648e-04
3.951108083128929138e-04
3.828303888440132141e-04
3.707371652126312256e-04
3.589494153857231140e-04
3.469949588179588318e-04
3.349436447024345398e-04
3.233635798096656799e-04
3.120070323348045349e-04
3.004269674420356750e-04
2.896105870604515076e-04
2.785604447126388550e-04
2.670548856258392334e-04
2.557830885052680969e-04
2.442132681608200073e-04
2.324795350432395935e-04
2.215262502431869507e-04
2.108570188283920288e-04
1.998087391257286072e-04
1.890137791633605957e-04
1.784088090062141418e-04
1.674732193350791931e-04
1.567844301462173462e-04
1.463154330849647522e-04
1.357486471533775330e-04
1.254817470908164978e-04
1.158956438302993774e-04
1.063616946339607239e-04
9.681656956672668457e-05
8.762814104557037354e-05
7.830467075109481812e-05
6.918236613273620605e-05
6.064772605895996094e-05
5.312077701091766357e-05
4.636961966753005981e-05
4.044082015752792358e-05
3.493763506412506104e-05
3.033690154552459717e-05
2.707261592149734497e-05
2.317968755960464478e-05
1.230463385581970215e-05
4.746019840240478516e-06
1.350417733192443848e-07
-9.704381227493286133e-07
-3.699213266372680664e-06
-6.363727152347564697e-06
-8.275732398033142090e-06
-8.310191333293914795e-06
-8.302740752696990967e-06
-8.315779268741607666e-06
-8.315779268741607666e-06
-8.313916623592376709e-06
-8.291564881801605225e-06
-8.307397365570068359e-06
-8.281320333480834961e-06
-8.285976946353912354e-06
-8.287839591503143311e-06
-8.331611752510070801e-06
-8.299015462398529053e-06
