-4.632398486137390137e-06
-4.631467163562774658e-06
-4.616566002368927002e-06
-4.606321454048156738e-06
-4.598870873451232910e-06
-4.594214260578155518e-06
-4.615634679794311523e-06
-4.636123776435852051e-06
-4.632398486137390137e-06
-4.597008228302001953e-06
-4.606321454048156738e-06
-4.589557647705078125e-06
-4.610978066921234131e-06
-4.601664841175079346e-06
-4.594214260578155518e-06
-4.600733518600463867e-06
-4.605390131473541260e-06
-4.608184099197387695e-06
-4.624016582965850830e-06
-4.620291292667388916e-06
-4.583969712257385254e-06
-4.623085260391235352e-06
-4.584901034832000732e-06
-4.609115421772003174e-06
-4.628673195838928223e-06
-4.576519131660461426e-06
-4.615634679794311523e-06
-4.593282938003540039e-06
-4.585832357406616211e-06
-4.617497324943542480e-06
-4.601664841175079346e-06
-4.597008228302001953e-06
-4.601664841175079346e-06
-4.592351615428924561e-06
-4.612840712070465088e-06
-4.616566002368927002e-06
-4.598870873451232910e-06
-4.612840712070465088e-06
-4.569999873638153076e-06
-4.632398486137390137e-06
-4.597939550876617432e-06
-4.582107067108154297e-06
-4.599802196025848389e-06
-4.608184099197387695e-06
-4.592351615428924561e-06
-4.604458808898925781e-06
-4.596076905727386475e-06
-4.595145583152770996e-06
-4.597939550876617432e-06
-2.651475369930267334e-06
-1.629814505577087402e-07
1.432374119758605957e-06
4.157423973083496094e-06
1.175049692392349243e-05
1.768395304679870605e-05
2.198386937379837036e-05
2.423580735921859741e-05
3.045704215764999390e-05
3.587920218706130981e-05
4.266668111085891724e-05
5.083531141281127930e-05
6.042793393135070801e-05
6.777886301279067993e-05
6.683450192213058472e-05
6.599817425012588501e-05
6.551481783390045166e-05
6.523262709379196167e-05
6.498303264379501343e-05
6.482005119323730469e-05
6.463751196861267090e-05
6.452482193708419800e-05
6.441399455070495605e-05
6.431620568037033081e-05
6.422214210033416748e-05
6.435252726078033447e-05
6.506033241748809814e-05
6.504449993371963501e-05
6.504449993371963501e-05
6.513576954603195190e-05
6.537046283483505249e-05
6.544496864080429077e-05
6.552692502737045288e-05
6.560236215591430664e-05
6.569363176822662354e-05
6.601028144359588623e-05
7.017888128757476807e-05
7.429532706737518311e-05
7.823575288057327271e-05
8.273031562566757202e-05
8.812546730041503906e-05
9.368732571601867676e-05
9.917095303535461426e-05
1.066559925675392151e-04
1.173652708530426025e-04
1.288605853915214539e-04
1.416476443409919739e-04
1.573823392391204834e-04
1.740055158734321594e-04
1.920377835631370544e-04
2.115797251462936401e-04
2.320418134331703186e-04
2.538645640015602112e-04
2.762842923402786255e-04
2.997098490595817566e-04
3.222664818167686462e-04
3.451537340879440308e-04
3.674412146210670471e-04
3.897529095411300659e-04
4.122434183955192566e-04
4.343939945101737976e-04
4.558535292744636536e-04
4.772767424583435059e-04
4.986366257071495056e-04
5.205124616622924805e-04
5.424087867140769958e-04
5.645863711833953857e-04
5.867648869752883911e-04
6.087534129619598389e-04
6.307931616902351379e-04
6.531467661261558533e-04
6.753494963049888611e-04
6.973361596465110779e-04
7.194383069872856140e-04
7.421122863888740540e-04
7.642740383744239807e-04
7.863231003284454346e-04
8.081849664449691772e-04
8.292682468891143799e-04
8.494239300489425659e-04
8.704457432031631470e-04
8.909553289413452148e-04
9.112311527132987976e-04
9.313123300671577454e-04
9.507304057478904724e-04
9.700879454612731934e-04
9.887032210826873779e-04
1.005127094686031342e-03
1.020172610878944397e-03
1.034928485751152039e-03
1.047632656991481781e-03
1.058907248079776764e-03
1.069269143044948578e-03
1.079385168850421906e-03
1.087571494281291962e-03
1.094540581107139587e-03
1.099756918847560883e-03
1.103588379919528961e-03
1.105629839003086090e-03
1.108301803469657898e-03
1.107128337025642395e-03
1.105931587517261505e-03
1.105011440813541412e-03
1.104140654206275940e-03
1.103428192436695099e-03
1.102713868021965027e-03
1.101921312510967255e-03
1.101315021514892578e-03
1.100798137485980988e-03
1.100334338843822479e-03
1.099865883588790894e-03
1.099428161978721619e-03
1.099009998142719269e-03
1.098568551242351532e-03
1.098139211535453796e-03
1.097660511732101440e-03
1.097313128411769867e-03
1.096975058317184448e-03
1.096713356673717499e-03
1.096424646675586700e-03
1.096109859645366669e-03
1.095875166356563568e-03
1.095660030841827393e-03
1.095438376069068909e-03
1.095195300877094269e-03
1.094993203878402710e-03
1.094785518944263458e-03
1.094488427042961121e-03
1.094206236302852631e-03
1.093822531402111053e-03
1.093451865017414093e-03
1.093098893761634827e-03
1.092701219022274017e-03
1.092191785573959351e-03
1.087751239538192749e-03
1.076645217835903168e-03
1.064447686076164246e-03
1.052012667059898376e-03
1.037313602864742279e-03
1.022083684802055359e-03
1.005871221423149109e-03
9.888382628560066223e-04
9.714132174849510193e-04
9.521851316094398499e-04
9.316494688391685486e-04
9.098518639802932739e-04
8.873846381902694702e-04
8.701272308826446533e-04
8.522737771272659302e-04
8.314242586493492126e-04
8.106371387839317322e-04
7.895808666944503784e-04
7.688514888286590576e-04
7.490450516343116760e-04
7.295757532119750977e-04
7.101641967892646790e-04
6.911791861057281494e-04
6.720041856169700623e-04
6.534699350595474243e-04
6.361426785588264465e-04
6.182724609971046448e-04
6.006043404340744019e-04
5.837278440594673157e-04
5.666781216859817505e-04
5.495753139257431030e-04
5.333544686436653137e-04
5.173068493604660034e-04
5.010720342397689819e-04
4.856958985328674316e-04
4.699658602476119995e-04
4.541622474789619446e-04
4.387767985463142395e-04
4.238234832882881165e-04
4.085097461938858032e-04
3.939205780625343323e-04
3.797691315412521362e-04
3.648325800895690918e-04
3.499984741210937500e-04
3.348728641867637634e-04
3.196047618985176086e-04
3.047585487365722656e-04
2.904264256358146667e-04
2.764649689197540283e-04
2.619475126266479492e-04
2.477671951055526733e-04
2.338849008083343506e-04
2.196226269006729126e-04
2.055279910564422607e-04
1.921392977237701416e-04
1.782048493623733521e-04
1.649409532546997070e-04
1.528337597846984863e-04
1.400988548994064331e-04
1.276377588510513306e-04
1.158472150564193726e-04
1.033963635563850403e-04
9.169057011604309082e-05
8.126255124807357788e-05
7.174257189035415649e-05
6.342306733131408691e-05
5.590543150901794434e-05
4.925765097141265869e-05
4.392955452203750610e-05
3.987550735473632812e-05
3.102049231529235840e-05
1.753959804773330688e-05
1.098029315471649170e-05
5.477108061313629150e-06
4.416331648826599121e-06
-1.291744410991668701e-06
-3.037974238395690918e-06
-4.592351615428924561e-06
-4.558824002742767334e-06
-4.562549293041229248e-06
-4.574656486511230469e-06
-4.569068551063537598e-06
-4.539266228675842285e-06
-4.539266228675842285e-06
-4.573725163936614990e-06
-4.569068551063537598e-06
-4.556030035018920898e-06
-4.569068551063537598e-06
-4.551373422145843506e-06
-4.558824002742767334e-06
