-8.289702236652374268e-06
-8.313916623592376709e-06
-8.268281817436218262e-06
-8.272007107734680176e-06
-8.289702236652374268e-06
-8.308328688144683838e-06
-8.314847946166992188e-06
-8.313916623592376709e-06
-8.330680429935455322e-06
-8.290633559226989746e-06
-8.312985301017761230e-06
-8.305534720420837402e-06
-8.304603397846221924e-06
-8.319504559040069580e-06
-8.318573236465454102e-06
-8.271075785160064697e-06
-8.289702236652374268e-06
-8.305534720420837402e-06
-8.314847946166992188e-06
-8.312985301017761230e-06
-8.282251656055450439e-06
-8.317641913890838623e-06
-8.299946784973144531e-06
-8.324161171913146973e-06
-8.312053978443145752e-06
-8.310191333293914795e-06
-8.298084139823913574e-06
-8.293427526950836182e-06
-8.316710591316223145e-06
-8.312053978443145752e-06
-8.266419172286987305e-06
-8.300878107547760010e-06
-8.309260010719299316e-06
-8.330680429935455322e-06
-8.298084139823913574e-06
-8.338131010532379150e-06
-8.314847946166992188e-06
-8.306466042995452881e-06
-8.287839591503143311e-06
-8.295290172100067139e-06
-8.331611752510070801e-06
-8.299015462398529053e-06
-8.315779268741607666e-06
-8.317641913890838623e-06
-8.295290172100067139e-06
-8.321367204189300537e-06
-8.315779268741607666e-06
-8.285045623779296875e-06
-8.305534720420837402e-06
-8.285045623779296875e-06
-8.302740752696990967e-06
-6.730668246746063232e-06
-4.225410521030426025e-06
-3.382563591003417969e-06
-5.755573511123657227e-07
6.596557796001434326e-06
9.536743164062500000e-06
1.247134059667587280e-05
1.437962055206298828e-05
1.951958984136581421e-05
2.376548945903778076e-05
2.942606806755065918e-05
3.556255251169204712e-05
4.375167191028594971e-05
4.767160862684249878e-05
4.719384014606475830e-05
4.660710692405700684e-05
4.626624286174774170e-05
4.604551941156387329e-05
4.588626325130462646e-05
4.575774073600769043e-05
4.564970731735229492e-05
4.558824002742767334e-05
4.550907760858535767e-05
4.546158015727996826e-05
4.535820335149765015e-05
4.533864557743072510e-05
4.532374441623687744e-05
4.528928548097610474e-05
4.527252167463302612e-05
4.534609615802764893e-05
4.552397876977920532e-05
4.560593515634536743e-05
4.568509757518768311e-05
4.579685628414154053e-05
4.586204886436462402e-05
4.616566002368927002e-05
4.920642822980880737e-05
5.291122943162918091e-05
5.593895912170410156e-05
5.931593477725982666e-05
6.349012255668640137e-05
6.770808249711990356e-05
7.208064198493957520e-05
7.870793342590332031e-05
8.680485188961029053e-05
9.586010128259658813e-05
1.066932454705238342e-04
1.190220937132835388e-04
1.319507136940956116e-04
1.459382474422454834e-04
1.609800383448600769e-04
1.766942441463470459e-04
1.936051994562149048e-04
2.108141779899597168e-04
2.286126837134361267e-04
2.458691596984863281e-04
2.632988616824150085e-04
2.804519608616828918e-04
2.974653616547584534e-04
3.146165981888771057e-04
3.313673660159111023e-04
3.475863486528396606e-04
3.639142960309982300e-04
3.801239654421806335e-04
3.967704251408576965e-04
4.134904593229293823e-04
4.302663728594779968e-04
4.469482228159904480e-04
4.635285586118698120e-04
4.801070317625999451e-04
4.968997091054916382e-04
5.135210230946540833e-04
5.300939083099365234e-04
5.466202273964881897e-04
5.634538829326629639e-04
5.802828818559646606e-04
5.968604236841201782e-04
6.131827831268310547e-04
6.292043253779411316e-04
6.445636972784996033e-04
6.602760404348373413e-04
6.759632378816604614e-04
6.914073601365089417e-04
7.066344842314720154e-04
7.214583456516265869e-04
7.364023476839065552e-04
7.516639307141304016e-04
7.660761475563049316e-04
7.801884785294532776e-04
7.945271208882331848e-04
8.085323497653007507e-04
8.223997429013252258e-04
8.363798260688781738e-04
8.498271927237510681e-04
8.632149547338485718e-04
8.769268169999122620e-04
8.902009576559066772e-04
9.032925590872764587e-04
9.158654138445854187e-04
9.280126541852951050e-04
9.403508156538009644e-04
9.523304179310798645e-04
9.640492498874664307e-04
9.760223329067230225e-04
9.880941361188888550e-04
9.997040033340454102e-04
1.010741107165813446e-03
1.022289507091045380e-03
1.032845117151737213e-03
1.041967421770095825e-03
1.050484366714954376e-03
1.058489084243774414e-03
1.065320335328578949e-03
1.071016304194927216e-03
1.075447537004947662e-03
1.079170033335685730e-03
1.082555390894412994e-03
1.085357740521430969e-03
1.086737960577011108e-03
1.088401302695274353e-03
1.087480224668979645e-03
1.086668111383914948e-03
1.086694188416004181e-03
1.087607815861701965e-03
1.087124459445476532e-03
1.086596399545669556e-03
1.086106523871421814e-03
1.085657626390457153e-03
1.085221767425537109e-03
1.084849238395690918e-03
1.084452494978904724e-03
1.084079034626483917e-03
1.083741895854473114e-03
1.083440147340297699e-03
1.083113253116607666e-03
1.082809641957283020e-03
1.082543283700942993e-03
1.082307659089565277e-03
1.082047820091247559e-03
1.081847585737705231e-03
1.081597991287708282e-03
1.081433147192001343e-03
1.081231050193309784e-03
1.081033609807491302e-03
1.080882735550403595e-03
1.080681569874286652e-03
1.080539077520370483e-03
1.080400310456752777e-03
1.080213114619255066e-03
1.080070622265338898e-03
1.079935580492019653e-03
1.079751178622245789e-03
1.079594716429710388e-03
1.079397276043891907e-03
1.079105772078037262e-03
1.074870117008686066e-03
1.068549230694770813e-03
1.061609946191310883e-03
1.054017804563045502e-03
1.045251265168190002e-03
1.035982742905616760e-03
1.027789898216724396e-03
1.020751893520355225e-03
1.013651490211486816e-03
1.006239093840122223e-03
1.000209711492061615e-03
9.939558804035186768e-04
9.871693328022956848e-04
9.797196835279464722e-04
9.725857526063919067e-04
9.663272649049758911e-04
9.594876319169998169e-04
9.521087631583213806e-04
9.451899677515029907e-04
9.385263547301292419e-04
9.314976632595062256e-04
9.236149489879608154e-04
9.167343378067016602e-04
9.103827178478240967e-04
9.038867428898811340e-04
8.967351168394088745e-04
8.901692926883697510e-04
8.838325738906860352e-04
8.767163380980491638e-04
8.695339784026145935e-04
8.631795644760131836e-04
8.576819673180580139e-04
8.509717881679534912e-04
8.442597463726997375e-04
8.378410711884498596e-04
8.313888683915138245e-04
8.243424817919731140e-04
8.174004033207893372e-04
8.118217810988426208e-04
8.058892562985420227e-04
7.993420585989952087e-04
7.927687838673591614e-04
7.865531370043754578e-04
7.799779996275901794e-04
7.727770134806632996e-04
7.668370380997657776e-04
7.612919434905052185e-04
7.553100585937500000e-04
7.487116381525993347e-04
7.424484938383102417e-04
7.366063073277473450e-04
7.297368720173835754e-04
7.229810580611228943e-04
7.173400372266769409e-04
7.115425541996955872e-04
7.052561268210411072e-04
6.989641115069389343e-04
6.932057440280914307e-04
6.870711222290992737e-04
6.802882999181747437e-04
6.743697449564933777e-04
6.691431626677513123e-04
6.634294986724853516e-04
6.571356207132339478e-04
6.513530388474464417e-04
6.470847874879837036e-04
6.449744105339050293e-04
6.393548101186752319e-04
6.337184458971023560e-04
6.279638037085533142e-04
6.217109039425849915e-04
6.154440343379974365e-04
6.102379411458969116e-04
6.045904010534286499e-04
5.985358729958534241e-04
5.935141816735267639e-04
5.887374281883239746e-04
5.839848890900611877e-04
5.785850808024406433e-04
5.735568702220916748e-04
5.688397213816642761e-04
5.635321140289306641e-04
5.579451099038124084e-04
5.526943132281303406e-04
5.481746047735214233e-04
5.432218313217163086e-04
5.380986258387565613e-04
5.327658727765083313e-04
5.282051861286163330e-04
5.233669653534889221e-04
5.182055756449699402e-04
5.133422091603279114e-04
5.088737234473228455e-04
5.046315491199493408e-04
4.995893687009811401e-04
4.947232082486152649e-04
4.902947694063186646e-04
4.859659820795059204e-04
4.816083237528800964e-04
4.766117781400680542e-04
4.722019657492637634e-04
4.682298749685287476e-04
4.636915400624275208e-04
4.588626325130462646e-04
4.544332623481750488e-04
4.506772384047508240e-04
4.470469430088996887e-04
4.434091970324516296e-04
4.392573609948158264e-04
4.349714145064353943e-04
4.312172532081604004e-04
4.275292158126831055e-04
4.231585189700126648e-04
4.185540601611137390e-04
4.149423912167549133e-04
4.112925380468368530e-04
4.074582830071449280e-04
4.034778103232383728e-04
3.995494917035102844e-04
3.959536552429199219e-04
3.924481570720672607e-04
3.887005150318145752e-04
3.845412284135818481e-04
3.804806619882583618e-04
3.771008923649787903e-04
3.736456856131553650e-04
3.694919869303703308e-04
3.654100000858306885e-04
3.622556105256080627e-04
3.590239211916923523e-04
3.553926944732666016e-04
3.513712435960769653e-04
3.475258126854896545e-04
3.440016880631446838e-04
3.404896706342697144e-04
3.370353952050209045e-04
3.330605104565620422e-04
3.294087946414947510e-04
3.262180835008621216e-04
3.230711445212364197e-04
3.194287419319152832e-04
3.152219578623771667e-04
3.116559237241744995e-04
3.082826733589172363e-04
3.046290948987007141e-04
3.006327897310256958e-04
2.969773486256599426e-04
2.936618402600288391e-04
2.903966233134269714e-04
2.868361771106719971e-04
2.827644348144531250e-04
2.790521830320358276e-04
2.759620547294616699e-04
2.727173268795013428e-04
2.689389511942863464e-04
2.653095871210098267e-04
2.623628824949264526e-04
2.591237425804138184e-04
2.552233636379241943e-04
2.511609345674514771e-04
2.470882609486579895e-04
2.435529604554176331e-04
2.398910000920295715e-04
2.356795594096183777e-04
2.319915220141410828e-04
2.285558730363845825e-04
2.252338454127311707e-04
2.217702567577362061e-04
2.177208662033081055e-04
2.141129225492477417e-04
2.110609784722328186e-04
2.075098454952239990e-04
2.037426456809043884e-04
2.004066482186317444e-04
1.975521445274353027e-04
1.948270946741104126e-04
1.916745677590370178e-04
1.881159842014312744e-04
1.843646168708801270e-04
1.812335103750228882e-04
1.777112483978271484e-04
1.741563901305198669e-04
1.710224896669387817e-04
1.684678718447685242e-04
1.659113913774490356e-04
1.628510653972625732e-04
1.593222841620445251e-04
1.565041020512580872e-04
1.536346971988677979e-04
1.503089442849159241e-04
1.469142735004425049e-04
1.437366008758544922e-04
1.413263380527496338e-04
1.384299248456954956e-04
1.347195357084274292e-04
1.313239336013793945e-04
1.282151788473129272e-04
1.252889633178710938e-04
1.219324767589569092e-04
1.184139400720596313e-04
1.155268400907516479e-04
1.126043498516082764e-04
1.093680039048194885e-04
1.055458560585975647e-04
1.023402437567710876e-04
9.927246719598770142e-05
9.577628225088119507e-05
9.220745414495468140e-05
8.894037455320358276e-05
8.627586066722869873e-05
8.299853652715682983e-05
7.950887084007263184e-05
7.597822695970535278e-05
7.301103323698043823e-05
6.982032209634780884e-05
6.644893437623977661e-05
6.336718797683715820e-05
6.097089499235153198e-05
5.864724516868591309e-05
5.566421896219253540e-05
5.298852920532226562e-05
5.051493644714355469e-05
4.819594323635101318e-05
4.562176764011383057e-05
4.327949136495590210e-05
4.139728844165802002e-05
3.926176577806472778e-05
3.708899021148681641e-05
3.512017428874969482e-05
3.361236304044723511e-05
3.190524876117706299e-05
3.038253635168075562e-05
2.904050052165985107e-05
1.913961023092269897e-05
8.266419172286987305e-06
3.456138074398040771e-06
-5.653128027915954590e-07
-1.687556505203247070e-06
-5.743466317653656006e-06
-7.225200533866882324e-06
-8.294358849525451660e-06
-8.312053978443145752e-06
-8.309260010719299316e-06
-8.317641913890838623e-06
-8.321367204189300537e-06
-8.319504559040069580e-06
-8.292496204376220703e-06
-8.303672075271606445e-06
-8.319504559040069580e-06
-8.306466042995452881e-06
-8.320435881614685059e-06
-8.328817784786224365e-06
