-4.561617970466613770e-06
-4.558824002742767334e-06
-4.575587809085845947e-06
-4.556961357593536377e-06
-4.554167389869689941e-06
-4.557892680168151855e-06
-4.564411938190460205e-06
-4.551373422145843506e-06
-4.546716809272766113e-06
-4.556961357593536377e-06
-4.540197551250457764e-06
-4.549510776996612549e-06
-4.550442099571228027e-06
-4.552304744720458984e-06
-4.575587809085845947e-06
-4.552304744720458984e-06
-4.566274583339691162e-06
-4.563480615615844727e-06
-4.550442099571228027e-06
-4.569999873638153076e-06
-4.563480615615844727e-06
-4.556030035018920898e-06
-4.543922841548919678e-06
-4.556961357593536377e-06
-4.559755325317382812e-06
-4.554167389869689941e-06
-4.549510776996612549e-06
-4.523433744907379150e-06
-4.559755325317382812e-06
-4.550442099571228027e-06
-4.527159035205841064e-06
-4.553236067295074463e-06
-4.532746970653533936e-06
-4.545785486698150635e-06
-4.542060196399688721e-06
-4.569068551063537598e-06
-4.545785486698150635e-06
-4.563480615615844727e-06
-4.552304744720458984e-06
-4.522502422332763672e-06
-4.506669938564300537e-06
-4.563480615615844727e-06
-4.552304744720458984e-06
-4.534609615802764893e-06
-4.558824002742767334e-06
-4.570931196212768555e-06
-4.571862518787384033e-06
-4.548579454421997070e-06
-4.559755325317382812e-06
-4.528090357780456543e-06
-2.823770046234130859e-06
-1.184642314910888672e-06
1.397915184497833252e-06
3.009103238582611084e-06
1.050159335136413574e-05
1.681130379438400269e-05
2.097617834806442261e-05
2.341624349355697632e-05
2.901256084442138672e-05
3.443751484155654907e-05
4.084222018718719482e-05
4.902202636003494263e-05
5.783047527074813843e-05
6.755813956260681152e-05
6.865616887807846069e-05
6.776954978704452515e-05
6.722845137119293213e-05
6.685592234134674072e-05
6.664916872978210449e-05
6.646476686000823975e-05
6.631016731262207031e-05
6.618350744247436523e-05
6.605871021747589111e-05
6.596930325031280518e-05
6.590504199266433716e-05
6.582308560609817505e-05
6.577838212251663208e-05
6.575975567102432251e-05
6.574112921953201294e-05
6.579514592885971069e-05
6.592646241188049316e-05
6.609223783016204834e-05
6.624497473239898682e-05
6.635114550590515137e-05
6.643403321504592896e-05
6.663892418146133423e-05
6.853230297565460205e-05
7.326900959014892578e-05
7.784739136695861816e-05
8.178502321243286133e-05
8.675456047058105469e-05
9.243935346603393555e-05
9.765010327100753784e-05
1.047179102897644043e-04
1.143664121627807617e-04
1.260396093130111694e-04
1.388201490044593811e-04
1.541124656796455383e-04
1.707486808300018311e-04
1.884084194898605347e-04
2.075005322694778442e-04
2.276031300425529480e-04
2.490058541297912598e-04
2.713389694690704346e-04
2.944953739643096924e-04
3.174124285578727722e-04
3.401599824428558350e-04
3.629270941019058228e-04
3.852853551506996155e-04
4.077525809407234192e-04
4.301611334085464478e-04
4.515405744314193726e-04
4.729973152279853821e-04
4.940787330269813538e-04
5.156714469194412231e-04
5.374941974878311157e-04
5.596000701189041138e-04
5.816649645566940308e-04
6.033945828676223755e-04
6.252126768231391907e-04
6.467867642641067505e-04
6.686942651867866516e-04
6.904816254973411560e-04
7.123323157429695129e-04
7.341271266341209412e-04
7.562283426523208618e-04
7.779942825436592102e-04
7.995795458555221558e-04
8.210130035877227783e-04
8.414620533585548401e-04
8.616354316473007202e-04
8.822605013847351074e-04
9.027635678648948669e-04
9.228773415088653564e-04
9.424686431884765625e-04
9.619668126106262207e-04
9.818980470299720764e-04
1.001338474452495575e-03
1.019709743559360504e-03
1.038733869791030884e-03
1.057244837284088135e-03
1.075221225619316101e-03
1.093734987080097198e-03
1.111689954996109009e-03
1.129020005464553833e-03
1.146964728832244873e-03
1.164738088846206665e-03
1.181841827929019928e-03
1.198811456561088562e-03
1.215015538036823273e-03
1.230856403708457947e-03
1.246974803507328033e-03
1.262531615793704987e-03
1.277743838727474213e-03
1.293809153139591217e-03
1.309249550104141235e-03
1.323934644460678101e-03
1.338684931397438049e-03
1.353495754301548004e-03
1.366322860121726990e-03
1.377643086016178131e-03
1.388757489621639252e-03
1.398391090333461761e-03
1.406539231538772583e-03
1.413254067301750183e-03
1.418313011527061462e-03
1.423392444849014282e-03
1.427675597369670868e-03
1.430820673704147339e-03
1.432389020919799805e-03
1.432494260370731354e-03
1.431253738701343536e-03
1.430409960448741913e-03
1.431995071470737457e-03
1.431738026440143585e-03
1.431044191122055054e-03
1.430381089448928833e-03
1.429770141839981079e-03
1.429205760359764099e-03
1.428667455911636353e-03
1.428217627108097076e-03
1.427667215466499329e-03
1.427203416824340820e-03
1.426800154149532318e-03
1.426371745765209198e-03
1.425990834832191467e-03
1.425639726221561432e-03
1.425306312739849091e-03
1.424964517354965210e-03
1.424686051905155182e-03
1.424412243068218231e-03
1.424149610102176666e-03
1.423863694071769714e-03
1.423659734427928925e-03
1.423407346010208130e-03
1.423176378011703491e-03
1.422962173819541931e-03
1.422739587724208832e-03
1.422541216015815735e-03
1.422319561243057251e-03
1.422124914824962616e-03
1.421906054019927979e-03
1.421721652150154114e-03
1.421488821506500244e-03
1.421274617314338684e-03
1.418692991137504578e-03
1.411193981766700745e-03
1.402633264660835266e-03
1.393530517816543579e-03
1.382472924888134003e-03
1.370679587125778198e-03
1.358893699944019318e-03
1.349528320133686066e-03
1.340112648904323578e-03
1.330542378127574921e-03
1.321686431765556335e-03
1.313517801463603973e-03
1.305551268160343170e-03
1.296048052608966827e-03
1.286326907575130463e-03
1.277402043342590332e-03
1.269397325813770294e-03
1.259902492165565491e-03
1.250430010259151459e-03
1.241493038833141327e-03
1.232914626598358154e-03
1.222882419824600220e-03
1.212922856211662292e-03
1.204716041684150696e-03
1.196315512061119080e-03
1.187313348054885864e-03
1.178154721856117249e-03
1.170127652585506439e-03
1.161145977675914764e-03
1.151616685092449188e-03
1.142831519246101379e-03
1.135217025876045227e-03
1.127243973314762115e-03
1.118292100727558136e-03
1.109855249524116516e-03
1.101360656321048737e-03
1.092633232474327087e-03
1.083256676793098450e-03
1.074962317943572998e-03
1.067806966602802277e-03
1.059644855558872223e-03
1.050814986228942871e-03
1.042436808347702026e-03
1.034343615174293518e-03
1.025103032588958740e-03
1.016180962324142456e-03
1.009207218885421753e-03
1.001601107418537140e-03
9.932667016983032227e-04
9.847106412053108215e-04
9.769955649971961975e-04
9.686648845672607422e-04
9.595053270459175110e-04
9.514084085822105408e-04
9.440751746296882629e-04
9.362921118736267090e-04
9.278291836380958557e-04
9.199036285281181335e-04
9.124856442213058472e-04
9.037647396326065063e-04
8.952124044299125671e-04
8.882163092494010925e-04
8.811252191662788391e-04
8.731223642826080322e-04
8.650552481412887573e-04
8.582696318626403809e-04
8.541783317923545837e-04
8.499203249812126160e-04
8.421102538704872131e-04
8.345777168869972229e-04
8.267806842923164368e-04
8.183540776371955872e-04
8.110636845231056213e-04
8.039809763431549072e-04
7.962081581354141235e-04
7.886998355388641357e-04
7.823547348380088806e-04
7.765246555209159851e-04
7.695769891142845154e-04
7.628072053194046021e-04
7.562115788459777832e-04
7.499875500798225403e-04
7.426468655467033386e-04
7.355716079473495483e-04
7.288558408617973328e-04
7.230024784803390503e-04
7.165269926190376282e-04
7.092943415045738220e-04
7.031233981251716614e-04
6.967503577470779419e-04
6.904052570462226868e-04
6.834547966718673706e-04
6.777886301279067993e-04
6.719464436173439026e-04
6.657997146248817444e-04
6.592245772480964661e-04
6.528655067086219788e-04
6.477255374193191528e-04
6.418842822313308716e-04
6.355149671435356140e-04
6.295582279562950134e-04
6.237644702196121216e-04
6.182314828038215637e-04
6.124358624219894409e-04
6.057983264327049255e-04
6.007738411426544189e-04
5.963286384940147400e-04
5.914391949772834778e-04
5.859509110450744629e-04
5.805427208542823792e-04
5.755638703703880310e-04
5.704481154680252075e-04
5.649179220199584961e-04
5.592610687017440796e-04
5.535297095775604248e-04
5.487976595759391785e-04
5.442593246698379517e-04
5.392329767346382141e-04
5.335314199328422546e-04
5.288831889629364014e-04
5.245702341198921204e-04
5.197869613766670227e-04
5.142167210578918457e-04
5.088746547698974609e-04
5.042515695095062256e-04
4.994329065084457397e-04
4.944661632180213928e-04
4.891930148005485535e-04
4.840493202209472656e-04
4.798844456672668457e-04
4.757102578878402710e-04
4.709428176283836365e-04
4.652449861168861389e-04
4.605464637279510498e-04
4.563517868518829346e-04
4.516225308179855347e-04
4.464834928512573242e-04
4.416974261403083801e-04
4.373490810394287109e-04
4.330705851316452026e-04
4.283227026462554932e-04
4.233056679368019104e-04
4.182234406471252441e-04
4.134820774197578430e-04
4.089474678039550781e-04
4.042619839310646057e-04
3.987727686762809753e-04
3.943443298339843750e-04
3.904541954398155212e-04
3.858571872115135193e-04
3.805356100201606750e-04
3.755800426006317139e-04
3.711963072419166565e-04
3.667902201414108276e-04
3.621820360422134399e-04
3.574881702661514282e-04
3.529237583279609680e-04
3.487979993224143982e-04
3.443975001573562622e-04
3.393432125449180603e-04
3.336481750011444092e-04
3.289673477411270142e-04
3.240434452891349792e-04
3.190543502569198608e-04
3.135204315185546875e-04
3.090398386120796204e-04
3.049401566386222839e-04
3.002285957336425781e-04
2.951361238956451416e-04
2.902690321207046509e-04
2.858499065041542053e-04
2.813916653394699097e-04
2.768496051430702209e-04
2.717841416597366333e-04
2.679489552974700928e-04
2.646306529641151428e-04
2.607489004731178284e-04
2.559842541813850403e-04
2.512093633413314819e-04
2.468181774020195007e-04
2.422351390123367310e-04
2.377619966864585876e-04
2.330075949430465698e-04
2.296688035130500793e-04
2.264752984046936035e-04
2.224594354629516602e-04
2.181855961680412292e-04
2.139061689376831055e-04
2.100244164466857910e-04
2.063121646642684937e-04
2.017375081777572632e-04
1.973621547222137451e-04
1.938380300998687744e-04
1.902123913168907166e-04
1.860642805695533752e-04
1.811115071177482605e-04
1.770108938217163086e-04
1.732120290398597717e-04
1.688012853264808655e-04
1.643411815166473389e-04
1.599267125129699707e-04
1.563671976327896118e-04
1.524640247225761414e-04
1.475745812058448792e-04
1.430278643965721130e-04
1.387847587466239929e-04
1.347297802567481995e-04
1.298943534493446350e-04
1.254584640264511108e-04
1.214472576975822449e-04
1.176632940769195557e-04
1.132776960730552673e-04
1.084450632333755493e-04
1.044059172272682190e-04
1.001711934804916382e-04
9.605381637811660767e-05
9.154994040727615356e-05
8.819252252578735352e-05
8.498132228851318359e-05
8.161179721355438232e-05
7.768161594867706299e-05
7.456913590431213379e-05
7.123779505491256714e-05
6.806291639804840088e-05
6.475392729043960571e-05
6.209407001733779907e-05
5.939602851867675781e-05
5.655176937580108643e-05
5.381368100643157959e-05
5.152076482772827148e-05
4.946812987327575684e-05
4.729721695184707642e-05
4.549045115709304810e-05
3.990065306425094604e-05
2.254359424114227295e-05
1.268461346626281738e-05
6.592832505702972412e-06
5.233101546764373779e-06
1.577660441398620605e-06
-1.998618245124816895e-06
-4.518777132034301758e-06
-4.565343260765075684e-06
-4.536472260951995850e-06
-4.559755325317382812e-06
-4.561617970466613770e-06
-4.545785486698150635e-06
-4.556961357593536377e-06
-4.555098712444305420e-06
-4.533678293228149414e-06
-4.558824002742767334e-06
-4.544854164123535156e-06
-4.548579454421997070e-06
-4.548579454421997070e-06
