-8.291564881801605225e-06
-8.309260010719299316e-06
-8.300878107547760010e-06
-8.272938430309295654e-06
-8.292496204376220703e-06
-8.257105946540832520e-06
-8.293427526950836182e-06
-8.270144462585449219e-06
-8.269213140010833740e-06
-8.306466042995452881e-06
-8.287839591503143311e-06
-8.258968591690063477e-06
-8.279457688331604004e-06
-8.275732398033142090e-06
-8.303672075271606445e-06
-8.296221494674682617e-06
-8.264556527137756348e-06
-8.272007107734680176e-06
-8.266419172286987305e-06
-8.281320333480834961e-06
-8.282251656055450439e-06
-8.292496204376220703e-06
-8.279457688331604004e-06
-8.279457688331604004e-06
-8.273869752883911133e-06
-8.282251656055450439e-06
-8.285976946353912354e-06
-8.258037269115447998e-06
-8.276663720607757568e-06
-8.298084139823913574e-06
-8.248724043369293213e-06
-8.277595043182373047e-06
-8.258968591690063477e-06
-8.295290172100067139e-06
-8.277595043182373047e-06
-8.292496204376220703e-06
-8.272938430309295654e-06
-8.274801075458526611e-06
-8.289702236652374268e-06
-8.267350494861602783e-06
-8.277595043182373047e-06
-8.272938430309295654e-06
-8.291564881801605225e-06
-8.272007107734680176e-06
-8.291564881801605225e-06
-8.270144462585449219e-06
-8.278526365756988525e-06
-8.298084139823913574e-06
-8.285045623779296875e-06
-8.272007107734680176e-06
-8.284114301204681396e-06
-8.275732398033142090e-06
-8.280389010906219482e-06
-8.296221494674682617e-06
-8.291564881801605225e-06
-8.300878107547760010e-06
-8.297152817249298096e-06
-8.289702236652374268e-06
-8.277595043182373047e-06
-8.275732398033142090e-06
-8.279457688331604004e-06
-8.272938430309295654e-06
-8.300878107547760010e-06
-8.292496204376220703e-06
-8.309260010719299316e-06
-8.284114301204681396e-06
-8.298084139823913574e-06
-8.276663720607757568e-06
-8.255243301391601562e-06
-8.270144462585449219e-06
-8.276663720607757568e-06
-8.300878107547760010e-06
-8.272007107734680176e-06
-7.188878953456878662e-06
-7.000751793384552002e-06
-5.347654223442077637e-06
-4.124827682971954346e-06
-3.936700522899627686e-06
-2.704560756683349609e-06
-6.025657057762145996e-07
2.961605787277221680e-06
8.493661880493164062e-06
1.185946166515350342e-05
1.543387770652770996e-05
1.931935548782348633e-05
2.162810415029525757e-05
2.113077789545059204e-05
2.068653702735900879e-05
2.047326415777206421e-05
2.027675509452819824e-05
2.017617225646972656e-05
2.008769661188125610e-05
1.997314393520355225e-05
1.992192119359970093e-05
1.987442374229431152e-05
1.979339867830276489e-05
1.980084925889968872e-05
2.018548548221588135e-05
2.038013190031051636e-05
2.031121402978897095e-05
2.032425254583358765e-05
2.039689570665359497e-05
2.048723399639129639e-05
2.048816531896591187e-05
2.047326415777206421e-05
2.055056393146514893e-05
2.050958573818206787e-05
2.063065767288208008e-05
2.200342714786529541e-05
2.489238977432250977e-05
2.732593566179275513e-05
3.008916974067687988e-05
3.334973007440567017e-05
3.733579069375991821e-05
4.183407872915267944e-05
4.764832556247711182e-05
5.374476313591003418e-05
6.011500954627990723e-05
6.699748337268829346e-05
7.419195026159286499e-05
8.556153625249862671e-05
1.007588580250740051e-04
1.165829598903656006e-04
1.339837908744812012e-04
1.529920846223831177e-04
1.719938591122627258e-04
1.911530271172523499e-04
2.099918201565742493e-04
2.287598326802253723e-04
2.478081732988357544e-04
2.669868990778923035e-04
2.862485125660896301e-04
3.050388768315315247e-04
3.235433250665664673e-04
3.412878140807151794e-04
3.581484779715538025e-04
3.751739859580993652e-04
3.922674804925918579e-04
4.092492163181304932e-04
4.271976649761199951e-04
4.451079294085502625e-04
4.628477618098258972e-04
4.797773435711860657e-04
4.958966746926307678e-04
5.117617547512054443e-04
5.271043628454208374e-04
5.428632721304893494e-04
5.582962185144424438e-04
5.733557045459747314e-04
5.884747952222824097e-04
6.036292761564254761e-04
6.181905046105384827e-04
6.324369460344314575e-04
6.466731429100036621e-04
6.608590483665466309e-04
6.749965250492095947e-04
6.884559988975524902e-04
7.021082565188407898e-04
7.159560918807983398e-04
7.290169596672058105e-04
7.422743365168571472e-04
7.557654753327369690e-04
7.683774456381797791e-04
7.814755663275718689e-04
7.944265380501747131e-04
8.066417649388313293e-04
8.191242814064025879e-04
8.315416052937507629e-04
8.435631170868873596e-04
8.554607629776000977e-04
8.669588714838027954e-04
8.782166987657546997e-04
8.898414671421051025e-04
9.008683264255523682e-04
9.114416316151618958e-04
9.227059781551361084e-04
9.339302778244018555e-04
9.450204670429229736e-04
9.562214836478233337e-04
9.667668491601943970e-04
9.770961478352546692e-04
9.876769036054611206e-04
9.981850162148475647e-04
1.008361577987670898e-03
1.018749549984931946e-03
1.029911451041698456e-03
1.040587201714515686e-03
1.051008701324462891e-03
1.061809249222278595e-03
1.072394661605358124e-03
1.083083450794219971e-03
1.093504019081592560e-03
1.104180701076984406e-03
1.114568673074245453e-03
1.124833710491657257e-03
1.135696657001972198e-03
1.146156340837478638e-03
1.156153157353401184e-03
1.166187226772308350e-03
1.176823861896991730e-03
1.186931505799293518e-03
1.196624711155891418e-03
1.206650398671627045e-03
1.216427423059940338e-03
1.226151362061500549e-03
1.235431060194969177e-03
1.245307736098766327e-03
1.254636794328689575e-03
1.264139078557491302e-03
1.273077912628650665e-03
1.282443292438983917e-03
1.291248947381973267e-03
1.299988478422164917e-03
1.308939419686794281e-03
1.318212598562240601e-03
1.326671801507472992e-03
1.335113309323787689e-03
1.343403011560440063e-03
1.352350227534770966e-03
1.360824331641197205e-03
1.369457691907882690e-03
1.377524808049201965e-03
1.386143267154693604e-03
1.394582912325859070e-03
1.403246074914932251e-03
1.411460340023040771e-03
1.419713720679283142e-03
1.427551731467247009e-03
1.435611397027969360e-03
1.443348824977874756e-03
1.451079733669757843e-03
1.458710059523582458e-03
1.466021873056888580e-03
1.473811455070972443e-03
1.481306739151477814e-03
1.489192247390747070e-03
1.496515236794948578e-03
1.503789797425270081e-03
1.511414535343647003e-03
1.519064418971538544e-03
1.526685431599617004e-03
1.533864997327327728e-03
1.540780998766422272e-03
1.547974534332752228e-03
1.554816961288452148e-03
1.560649834573268890e-03
1.565416343510150909e-03
1.569530926644802094e-03
1.573526300489902496e-03
1.577358692884445190e-03
1.581259071826934814e-03
1.585043035447597504e-03
1.588398590683937073e-03
1.591884531080722809e-03
1.595195382833480835e-03
1.598342321813106537e-03
1.601880416274070740e-03
1.605291850864887238e-03
1.608344726264476776e-03
1.611380837857723236e-03
1.614380627870559692e-03
1.617332920432090759e-03
1.620515249669551849e-03
1.623689197003841400e-03
1.626384444534778595e-03
1.629203557968139648e-03
1.632000319659709930e-03
1.634460873901844025e-03
1.637040637433528900e-03
1.639824360609054565e-03
1.642690971493721008e-03
1.645000651478767395e-03
1.646809279918670654e-03
1.648577861487865448e-03
1.650041900575160980e-03
1.650963909924030304e-03
1.651508733630180359e-03
1.651984639465808868e-03
1.651961356401443481e-03
1.651459373533725739e-03
1.650990918278694153e-03
1.650532707571983337e-03
1.650169491767883301e-03
1.649772748351097107e-03
1.649409532546997070e-03
1.649191603064537048e-03
1.648860983550548553e-03
1.648609526455402374e-03
1.648339442908763885e-03
1.648074947297573090e-03
1.647878438234329224e-03
1.647635363042354584e-03
1.647393219172954559e-03
1.647194847464561462e-03
1.646945253014564514e-03
1.646773889660835266e-03
1.646573655307292938e-03
1.646369695663452148e-03
1.646229065954685211e-03
1.646040938794612885e-03
1.645861193537712097e-03
1.645686104893684387e-03
1.645576208829879761e-03
1.645412296056747437e-03
1.645287498831748962e-03
1.645155251026153564e-03
1.644990406930446625e-03
1.644907519221305847e-03
1.644727773964405060e-03
1.644628122448921204e-03
1.644479110836982727e-03
1.644348725676536560e-03
1.644222997128963470e-03
1.644103787839412689e-03
1.643939875066280365e-03
1.643840223550796509e-03
1.643661409616470337e-03
1.643535681068897247e-03
1.643364317715167999e-03
1.643265597522258759e-03
1.643123105168342590e-03
1.643001101911067963e-03
1.642856746912002563e-03
1.642717048525810242e-03
1.642591319978237152e-03
1.642473042011260986e-03
1.642333343625068665e-03
1.642222516238689423e-03
1.642120070755481720e-03
1.641995273530483246e-03
1.641852781176567078e-03
1.641748473048210144e-03
1.641497947275638580e-03
1.639589667320251465e-03
1.636991277337074280e-03
1.634282059967517853e-03
1.631094142794609070e-03
1.627002842724323273e-03
1.621724106371402740e-03
1.616212539374828339e-03
1.609863713383674622e-03
1.602832227945327759e-03
1.595797948539257050e-03
1.587992534041404724e-03
1.579754054546356201e-03
1.570633612573146820e-03
1.560904085636138916e-03
1.550205051898956299e-03
1.532039605081081390e-03
1.513159833848476410e-03
1.492853276431560516e-03
1.471710391342639923e-03
1.449762843549251556e-03
1.426943577826023102e-03
1.403344795107841492e-03
1.378755085170269012e-03
1.353401690721511841e-03
1.327417790889739990e-03
1.300334930419921875e-03
1.273018307983875275e-03
1.244408078491687775e-03
1.215176656842231750e-03
1.185557805001735687e-03
1.155169680714607239e-03
1.124870032072067261e-03
1.094581559300422668e-03
1.065113581717014313e-03
1.035993918776512146e-03
1.006931997835636139e-03
9.791851043701171875e-04
9.517446160316467285e-04
9.256731718778610229e-04
8.989684283733367920e-04
8.760709315538406372e-04
8.496511727571487427e-04
8.240202441811561584e-04
7.986584678292274475e-04
7.721334695816040039e-04
7.466878741979598999e-04
7.214834913611412048e-04
6.963806226849555969e-04
6.723925471305847168e-04
6.492584943771362305e-04
6.268108263611793518e-04
6.036860868334770203e-04
5.805660039186477661e-04
5.570370703935623169e-04
5.331393331289291382e-04
5.094259977340698242e-04
4.853131249547004700e-04
4.614181816577911377e-04
4.382468760013580322e-04
4.148771986365318298e-04
3.908108919858932495e-04
3.666225820779800415e-04
3.423132002353668213e-04
3.173248842358589172e-04
2.918541431427001953e-04
2.653878182172775269e-04
2.385601401329040527e-04
2.108337357640266418e-04
1.832861453294754028e-04
1.575080677866935730e-04
1.331726089119911194e-04
1.081731170415878296e-04
8.363556116819381714e-05
6.156321614980697632e-05
4.205666482448577881e-05
2.865493297576904297e-05
1.852586865425109863e-05
8.855946362018585205e-06
3.456138074398040771e-06
-6.407499313354492188e-07
-3.279186785221099854e-06
-3.255903720855712891e-06
-6.194226443767547607e-06
-8.038245141506195068e-06
-8.294358849525451660e-06
-8.302740752696990967e-06
-8.312985301017761230e-06
-8.285976946353912354e-06
-8.297152817249298096e-06
-8.303672075271606445e-06
-8.271075785160064697e-06
-8.288770914077758789e-06
-8.302740752696990967e-06
-8.296221494674682617e-06
-8.295290172100067139e-06
-8.295290172100067139e-06
-8.322298526763916016e-06
-8.313916623592376709e-06
-8.276663720607757568e-06
