-4.522502422332763672e-06
-4.526227712631225586e-06
-4.526227712631225586e-06
-4.548579454421997070e-06
-4.533678293228149414e-06
-4.521571099758148193e-06
-4.537403583526611328e-06
-4.516914486885070801e-06
-4.539266228675842285e-06
-4.533678293228149414e-06
-4.519708454608917236e-06
-4.508532583713531494e-06
-4.535540938377380371e-06
-4.537403583526611328e-06
-4.529953002929687500e-06
-4.490837454795837402e-06
-4.515983164310455322e-06
-4.521571099758148193e-06
-4.519708454608917236e-06
-4.526227712631225586e-06
-4.519708454608917236e-06
-4.551373422145843506e-06
-4.533678293228149414e-06
-4.518777132034301758e-06
-4.519708454608917236e-06
-4.532746970653533936e-06
-4.492700099945068359e-06
-4.508532583713531494e-06
-4.494562745094299316e-06
-4.508532583713531494e-06
-4.535540938377380371e-06
-4.538334906101226807e-06
-4.541128873825073242e-06
-4.516914486885070801e-06
-4.535540938377380371e-06
-4.506669938564300537e-06
-4.517845809459686279e-06
-4.521571099758148193e-06
-4.514120519161224365e-06
-4.505738615989685059e-06
-4.513189196586608887e-06
-4.502944648265838623e-06
-4.515983164310455322e-06
-4.534609615802764893e-06
-4.507601261138916016e-06
-4.502013325691223145e-06
-4.503875970840454102e-06
-4.525296390056610107e-06
-4.521571099758148193e-06
-4.512257874011993408e-06
-4.509463906288146973e-06
-4.519708454608917236e-06
-4.533678293228149414e-06
-4.494562745094299316e-06
-4.509463906288146973e-06
-4.518777132034301758e-06
-4.529953002929687500e-06
-4.527159035205841064e-06
-4.512257874011993408e-06
-4.533678293228149414e-06
-4.502944648265838623e-06
-4.528090357780456543e-06
-4.510395228862762451e-06
-4.510395228862762451e-06
-4.486180841922760010e-06
-4.519708454608917236e-06
-4.516914486885070801e-06
-4.528090357780456543e-06
-4.533678293228149414e-06
-4.515983164310455322e-06
-4.530884325504302979e-06
-4.538334906101226807e-06
-4.520639777183532715e-06
-2.955086529254913330e-06
-2.682209014892578125e-06
6.910413503646850586e-07
1.003034412860870361e-06
1.582317054271697998e-06
3.804452717304229736e-06
7.255934178829193115e-06
1.355912536382675171e-05
1.931376755237579346e-05
2.411287277936935425e-05
2.886634320020675659e-05
3.356765955686569214e-05
3.452785313129425049e-05
3.370828926563262939e-05
3.329478204250335693e-05
3.303959965705871582e-05
3.282353281974792480e-05
3.274716436862945557e-05
3.256555646657943726e-05
3.248546272516250610e-05
3.241561353206634521e-05
3.234297037124633789e-05
3.226753324270248413e-05
3.239419311285018921e-05
3.305263817310333252e-05
3.300327807664871216e-05
3.299303352832794189e-05
3.298837691545486450e-05
3.317091614007949829e-05
3.320164978504180908e-05
3.321748226881027222e-05
3.324542194604873657e-05
3.326870501041412354e-05
3.329943865537643433e-05
3.359839320182800293e-05
3.751087933778762817e-05
4.040729254484176636e-05
4.383642226457595825e-05
4.767905920743942261e-05
5.249865353107452393e-05
5.775317549705505371e-05
6.474182009696960449e-05
7.247179746627807617e-05
8.086394518613815308e-05
8.932594209909439087e-05
9.857490658760070801e-05
1.099491491913795471e-04
1.278892159461975098e-04
1.481547951698303223e-04
1.695379614830017090e-04
1.937830820679664612e-04
2.188198268413543701e-04
2.437410876154899597e-04
2.688840031623840332e-04
2.932501956820487976e-04
3.179572522640228271e-04
3.430359065532684326e-04
3.680782392621040344e-04
3.930646926164627075e-04
4.175826907157897949e-04
4.416480660438537598e-04
4.642019048333168030e-04
4.860814660787582397e-04
5.084387958049774170e-04
5.304822698235511780e-04
5.535418167710304260e-04
5.771964788436889648e-04
6.005084142088890076e-04
6.231851875782012939e-04
6.446903571486473083e-04
6.656646728515625000e-04
6.864015012979507446e-04
7.064677774906158447e-04
7.268106564879417419e-04
7.467418909072875977e-04
7.668286561965942383e-04
7.865801453590393066e-04
8.057598024606704712e-04
8.246926590800285339e-04
8.436786010861396790e-04
8.618226274847984314e-04
8.803550153970718384e-04
8.987877517938613892e-04
9.161662310361862183e-04
9.341724216938018799e-04
9.519951418042182922e-04
9.690308943390846252e-04
9.864158928394317627e-04
1.003883779048919678e-03
1.020405441522598267e-03
1.037488691508769989e-03
1.054065302014350891e-03
1.070192083716392517e-03
1.086246222257614136e-03
1.102506183087825775e-03
1.118196174502372742e-03
1.133308745920658112e-03
1.148332841694355011e-03
1.163298264145851135e-03
1.178056932985782623e-03
1.192319206893444061e-03
1.206474378705024719e-03
1.221232116222381592e-03
1.235901378095149994e-03
1.250438392162322998e-03
1.264827325940132141e-03
1.278460957109928131e-03
1.291908323764801025e-03
1.305990852415561676e-03
1.319426111876964569e-03
1.332724466919898987e-03
1.346931792795658112e-03
1.361290924251079559e-03
1.375143416225910187e-03
1.388862729072570801e-03
1.403083093464374542e-03
1.416972838342189789e-03
1.430679112672805786e-03
1.444601453840732574e-03
1.458267681300640106e-03
1.471849158406257629e-03
1.485588960349559784e-03
1.499748788774013519e-03
1.513048075139522552e-03
1.525882631540298462e-03
1.539665274322032928e-03
1.553024165332317352e-03
1.566109247505664825e-03
1.578780822455883026e-03
1.592049375176429749e-03
1.604661345481872559e-03
1.617142930626869202e-03
1.629595644772052765e-03
1.642153598368167877e-03
1.654559746384620667e-03
1.666482537984848022e-03
1.678588800132274628e-03
1.690383069217205048e-03
1.702097244560718536e-03
1.713191159069538116e-03
1.725452952086925507e-03
1.736905425786972046e-03
1.748014241456985474e-03
1.758765429258346558e-03
1.770257018506526947e-03
1.781590282917022705e-03
1.792886294424533844e-03
1.803630031645298004e-03
1.814642921090126038e-03
1.825761981308460236e-03
1.836925745010375977e-03
1.847979612648487091e-03
1.858807168900966644e-03
1.869358122348785400e-03
1.879529096186161041e-03
1.890148967504501343e-03
1.899962313473224640e-03
1.910135149955749512e-03
1.919890753924846649e-03
1.929647289216518402e-03
1.939769834280014038e-03
1.949708908796310425e-03
1.959824934601783752e-03
1.969045028090476990e-03
1.978873275220394135e-03
1.988877542316913605e-03
1.998906023800373077e-03
2.008636482059955597e-03
2.017575316131114960e-03
2.027015201747417450e-03
2.037679776549339294e-03
2.053790725767612457e-03
2.071914263069629669e-03
2.089848741888999939e-03
2.108653075993061066e-03
2.128395251929759979e-03
2.148457802832126617e-03
2.169191837310791016e-03
2.188297919929027557e-03
2.207589335739612579e-03
2.228054217994213104e-03
2.246424555778503418e-03
2.266396768391132355e-03
2.287610433995723724e-03
2.306580543518066406e-03
2.324728295207023621e-03
2.343025989830493927e-03
2.361001446843147278e-03
2.379762008786201477e-03
2.399370074272155762e-03
2.417371608316898346e-03
2.434118650853633881e-03
2.451454289257526398e-03
2.468582242727279663e-03
2.484322525560855865e-03
2.502114512026309967e-03
2.520059235394001007e-03
2.537059597671031952e-03
2.550889737904071808e-03
2.563655376434326172e-03
2.573753707110881805e-03
2.582471817731857300e-03
2.589243464171886444e-03
2.590587362647056580e-03
2.595618367195129395e-03
2.594309858977794647e-03
2.592402510344982147e-03
2.590774558484554291e-03
2.589011564850807190e-03
2.587548457086086273e-03
2.586340531706809998e-03
2.584944479167461395e-03
2.583738416433334351e-03
2.582624554634094238e-03
2.581565640866756439e-03
2.580524422228336334e-03
2.579560503363609314e-03
2.578683197498321533e-03
2.577795647084712982e-03
2.577061764895915985e-03
2.576245926320552826e-03
2.575533464550971985e-03
2.574915066361427307e-03
2.574209123849868774e-03
2.573575824499130249e-03
2.572863362729549408e-03
2.572257071733474731e-03
2.571670338511466980e-03
2.571057528257369995e-03
2.570516429841518402e-03
2.569831907749176025e-03
2.569296397268772125e-03
2.568703144788742065e-03
2.568158321082592010e-03
2.567664720118045807e-03
2.567149698734283447e-03
2.566701732575893402e-03
2.566220238804817200e-03
2.565800212323665619e-03
2.565335482358932495e-03
2.564775757491588593e-03
2.564181573688983917e-03
2.563647925853729248e-03
2.563126385211944580e-03
2.562601119279861450e-03
2.562070265412330627e-03
2.561617642641067505e-03
2.561105415225028992e-03
2.560636028647422791e-03
2.560103312134742737e-03
2.559628337621688843e-03
2.559135667979717255e-03
2.558745443820953369e-03
2.558317035436630249e-03
2.557829953730106354e-03
2.557415515184402466e-03
2.556939609348773956e-03
2.556474879384040833e-03
2.555795013904571533e-03
2.550439909100532532e-03
2.535786479711532593e-03
2.519736997783184052e-03
2.503434196114540100e-03
2.482682466506958008e-03
2.454791218042373657e-03
2.422910183668136597e-03
2.389207482337951660e-03
2.349070273339748383e-03
2.309327013790607452e-03
2.266261726617813110e-03
2.221539616584777832e-03
2.172737382352352142e-03
2.121948637068271637e-03
2.069022506475448608e-03
2.025000751018524170e-03
2.000190317630767822e-03
1.975025981664657593e-03
1.948013901710510254e-03
1.919992268085479736e-03
1.890896819531917572e-03
1.860945485532283783e-03
1.829425804316997528e-03
1.797267235815525055e-03
1.764044165611267090e-03
1.729681156575679779e-03
1.694330945611000061e-03
1.657833345234394073e-03
1.620419323444366455e-03
1.582224853336811066e-03
1.542745158076286316e-03
1.503526233136653900e-03
1.464089378714561462e-03
1.424921676516532898e-03
1.386268995702266693e-03
1.348990015685558319e-03
1.311718486249446869e-03
1.275558024644851685e-03
1.240026205778121948e-03
1.207445748150348663e-03
1.173666678369045258e-03
1.141930930316448212e-03
1.107371412217617035e-03
1.074357889592647552e-03
1.040271483361721039e-03
1.006489619612693787e-03
9.727459400892257690e-04
9.397193789482116699e-04
9.076902642846107483e-04
8.763885125517845154e-04
8.463840931653976440e-04
8.171517401933670044e-04
7.863659411668777466e-04
7.552495226263999939e-04
7.243528962135314941e-04
6.932178512215614319e-04
6.611524149775505066e-04
6.298422813415527344e-04
5.989316850900650024e-04
5.681235343217849731e-04
5.367090925574302673e-04
5.056476220488548279e-04
4.733176901936531067e-04
4.407120868563652039e-04
4.076613113284111023e-04
3.741355612874031067e-04
3.383876755833625793e-04
3.024563193321228027e-04
2.663936465978622437e-04
2.311039716005325317e-04
1.975651830434799194e-04
1.659477129578590393e-04
1.328112557530403137e-04
1.020636409521102905e-04
7.372163236141204834e-05
5.243346095085144043e-05
3.760959953069686890e-05
2.391915768384933472e-05
1.363921910524368286e-05
8.736737072467803955e-06
2.755783498287200928e-06
1.998618245124816895e-06
3.026798367500305176e-07
-2.780929207801818848e-06
-4.516914486885070801e-06
-4.539266228675842285e-06
-4.471279680728912354e-06
-4.530884325504302979e-06
-4.500150680541992188e-06
-4.529021680355072021e-06
-4.506669938564300537e-06
-4.502013325691223145e-06
-4.518777132034301758e-06
-4.520639777183532715e-06
-4.507601261138916016e-06
-4.485249519348144531e-06
-4.475004971027374268e-06
-4.475004971027374268e-06
-4.491768777370452881e-06
-4.529953002929687500e-06
