-4.543922841548919678e-06
-4.527159035205841064e-06
-4.539266228675842285e-06
-4.528090357780456543e-06
-4.551373422145843506e-06
-4.530884325504302979e-06
-4.524365067481994629e-06
-4.524365067481994629e-06
-4.541128873825073242e-06
-4.540197551250457764e-06
-4.515051841735839844e-06
-4.548579454421997070e-06
-4.522502422332763672e-06
-4.529021680355072021e-06
-4.546716809272766113e-06
-4.519708454608917236e-06
-4.546716809272766113e-06
-4.514120519161224365e-06
-4.495494067668914795e-06
-4.515983164310455322e-06
-4.534609615802764893e-06
-4.532746970653533936e-06
-4.539266228675842285e-06
-4.532746970653533936e-06
-4.544854164123535156e-06
-4.534609615802764893e-06
-4.536472260951995850e-06
-4.544854164123535156e-06
-4.511326551437377930e-06
-4.511326551437377930e-06
-4.532746970653533936e-06
-4.553236067295074463e-06
-4.523433744907379150e-06
-4.520639777183532715e-06
-4.529021680355072021e-06
-4.534609615802764893e-06
-4.537403583526611328e-06
-4.546716809272766113e-06
-4.554167389869689941e-06
-4.535540938377380371e-06
-4.542991518974304199e-06
-4.528090357780456543e-06
-4.536472260951995850e-06
-4.520639777183532715e-06
-4.559755325317382812e-06
-4.527159035205841064e-06
-4.543922841548919678e-06
-4.546716809272766113e-06
-4.541128873825073242e-06
-4.530884325504302979e-06
-4.536472260951995850e-06
-4.529953002929687500e-06
-4.533678293228149414e-06
-4.545785486698150635e-06
-4.525296390056610107e-06
-4.537403583526611328e-06
-4.556030035018920898e-06
-4.531815648078918457e-06
-4.566274583339691162e-06
-4.535540938377380371e-06
-4.529953002929687500e-06
-4.536472260951995850e-06
-4.548579454421997070e-06
-4.539266228675842285e-06
-4.578381776809692383e-06
-4.544854164123535156e-06
-4.522502422332763672e-06
-4.419125616550445557e-06
-1.981854438781738281e-06
-1.495704054832458496e-06
1.938082277774810791e-06
2.433545887470245361e-06
5.812384188175201416e-06
1.041125506162643433e-05
1.662783324718475342e-05
2.274569123983383179e-05
2.568587660789489746e-05
2.923421561717987061e-05
2.938602119684219360e-05
2.911966294050216675e-05
2.880673855543136597e-05
2.864189445972442627e-05
2.849753946065902710e-05
2.838391810655593872e-05
2.829544246196746826e-05
2.822652459144592285e-05
2.816878259181976318e-05
2.812221646308898926e-05
2.817530184984207153e-05
2.873037010431289673e-05
3.199372440576553345e-05
3.423914313316345215e-05
3.740843385457992554e-05
4.152581095695495605e-05
4.736892879009246826e-05
5.710404366254806519e-05
7.041450589895248413e-05
8.405745029449462891e-05
9.841285645961761475e-05
1.184856519103050232e-04
1.429412513971328735e-04
1.697363331913948059e-04
1.952135935425758362e-04
2.199141308665275574e-04
2.453634515404701233e-04
2.723559737205505371e-04
2.986621111631393433e-04
3.250809386372566223e-04
3.502396866679191589e-04
3.754924982786178589e-04
3.998419269919395447e-04
4.242938011884689331e-04
4.480509087443351746e-04
4.715221002697944641e-04
4.952307790517807007e-04
5.194945260882377625e-04
5.446067079901695251e-04
5.696779116988182068e-04
5.949679762125015259e-04
6.199367344379425049e-04
6.443159654736518860e-04
6.688740104436874390e-04
6.939517334103584290e-04
7.189530879259109497e-04
7.437411695718765259e-04
7.679192349314689636e-04
7.924279198050498962e-04
8.163638412952423096e-04
8.403919637203216553e-04
8.645672351121902466e-04
8.881334215402603149e-04
9.114593267440795898e-04
9.347340092062950134e-04
9.574834257364273071e-04
9.799860417842864990e-04
1.002568751573562622e-03
1.025127246975898743e-03
1.046579331159591675e-03
1.067317090928554535e-03
1.088431105017662048e-03
1.109423115849494934e-03
1.130967400968074799e-03
1.152655109763145447e-03
1.173021271824836731e-03
1.192842610180377960e-03
1.213931478559970856e-03
1.233864575624465942e-03
1.253250055015087128e-03
1.273862086236476898e-03
1.293419860303401947e-03
1.312479376792907715e-03
1.332649029791355133e-03
1.351486891508102417e-03
1.370247453451156616e-03
1.389232464134693146e-03
1.408264040946960449e-03
1.426454633474349976e-03
1.444737426936626434e-03
1.464040949940681458e-03
1.481991261243820190e-03
1.499155536293983459e-03
1.516998745501041412e-03
1.534749753773212433e-03
1.551894471049308777e-03
1.568404026329517365e-03
1.586223021149635315e-03
1.602837815880775452e-03
1.619760878384113312e-03
1.636246219277381897e-03
1.653315499424934387e-03
1.669376157224178314e-03
1.685524359345436096e-03
1.701438799500465393e-03
1.717927865684032440e-03
1.733366400003433228e-03
1.748475246131420135e-03
1.764346845448017120e-03
1.780946739017963409e-03
1.795837655663490295e-03
1.810758374631404877e-03
1.825012266635894775e-03
1.840517856180667877e-03
1.855388283729553223e-03
1.870097592473030090e-03
1.884061843156814575e-03
1.898859627544879913e-03
1.913876272737979889e-03
1.928432844579219818e-03
1.942876726388931274e-03
1.956649124622344971e-03
1.970730721950531006e-03
1.983799971640110016e-03
1.997329294681549072e-03
2.010079100728034973e-03
2.023002132773399353e-03
2.036312595009803772e-03
2.048865891993045807e-03
2.061747014522552490e-03
2.074207179248332977e-03
2.087092027068138123e-03
2.100549638271331787e-03
2.112786285579204559e-03
2.125268802046775818e-03
2.137891016900539398e-03
2.150103449821472168e-03
2.162671647965908051e-03
2.174234017729759216e-03
2.185768447816371918e-03
2.197427675127983093e-03
2.208954654633998871e-03
2.221160568296909332e-03
2.232675440609455109e-03
2.243175171315670013e-03
2.254144288599491119e-03
2.264957875013351440e-03
2.271661534905433655e-03
2.272753044962882996e-03
2.272933721542358398e-03
2.271516248583793640e-03
2.270230092108249664e-03
2.269088290631771088e-03
2.268062904477119446e-03
2.267118543386459351e-03
2.266253344714641571e-03
2.265446819365024567e-03
2.264652401208877563e-03
2.263966016471385956e-03
2.263275906443595886e-03
2.262604422867298126e-03
2.262015827000141144e-03
2.261460758745670319e-03
2.260881476104259491e-03
2.260394394397735596e-03
2.259867265820503235e-03
2.259357832372188568e-03
2.258899621665477753e-03
2.258453518152236938e-03
2.258045598864555359e-03
2.257651649415493011e-03
2.257263287901878357e-03
2.256873063743114471e-03
2.256507053971290588e-03
2.256132662296295166e-03
2.255789935588836670e-03
2.255420200526714325e-03
2.255062572658061981e-03
2.254753373563289642e-03
2.254415303468704224e-03
2.254085615277290344e-03
2.253768034279346466e-03
2.253460697829723358e-03
2.253157086670398712e-03
2.252887003123760223e-03
2.252584323287010193e-03
2.252315171062946320e-03
2.252047881484031677e-03
2.251650206744670868e-03
2.251222729682922363e-03
2.250817604362964630e-03
2.247966825962066650e-03
2.235686406493186951e-03
2.212608233094215393e-03
2.180469222366809845e-03
2.140759490430355072e-03
2.098626457154750824e-03
2.055948600172996521e-03
2.011978067457675934e-03
1.967974007129669189e-03
1.924699172377586365e-03
1.883148215711116791e-03
1.841994002461433411e-03
1.801450736820697784e-03
1.760045066475868225e-03
1.719697378575801849e-03
1.679314300417900085e-03
1.640327274799346924e-03
1.601287163794040680e-03
1.562124118208885193e-03
1.523212529718875885e-03
1.485236920416355133e-03
1.446840353310108185e-03
1.409929245710372925e-03
1.373121514916419983e-03
1.336799934506416321e-03
1.301095820963382721e-03
1.266613602638244629e-03
1.231955364346504211e-03
1.198347657918930054e-03
1.164829358458518982e-03
1.131994649767875671e-03
1.099043525755405426e-03
1.066091470420360565e-03
1.036473549902439117e-03
1.010386273264884949e-03
9.803324937820434570e-04
9.496612474322319031e-04
9.190598502755165100e-04
8.900202810764312744e-04
8.614566177129745483e-04
8.336314931511878967e-04
8.060336112976074219e-04
7.785521447658538818e-04
7.519498467445373535e-04
7.250783964991569519e-04
6.993664428591728210e-04
6.732819601893424988e-04
6.483625620603561401e-04
6.233463063836097717e-04
5.989773198962211609e-04
5.743559449911117554e-04
5.506053566932678223e-04
5.264123901724815369e-04
5.020648241043090820e-04
4.784045740962028503e-04
4.546511918306350708e-04
4.313196986913681030e-04
4.083514213562011719e-04
3.861170262098312378e-04
3.634644672274589539e-04
3.424016758799552917e-04
3.233933821320533752e-04
3.032246604561805725e-04
2.829013392329216003e-04
2.636183053255081177e-04
2.442589029669761658e-04
2.259174361824989319e-04
2.070842310786247253e-04
1.885239034891128540e-04
1.700073480606079102e-04
1.525962725281715393e-04
1.352699473500251770e-04
1.176372170448303223e-04
1.009823754429817200e-04
8.602812886238098145e-05
6.996095180511474609e-05
5.684513598680496216e-05
4.682410508394241333e-05
3.803428262472152710e-05
2.904888242483139038e-05
2.232287079095840454e-05
1.902133226394653320e-05
1.511350274085998535e-05
8.974224328994750977e-06
4.479661583900451660e-06
4.116445779800415039e-06
1.147389411926269531e-06
-5.140900611877441406e-07
-2.912245690822601318e-06
-3.773719072341918945e-06
-4.478730261325836182e-06
-4.510395228862762451e-06
-4.485249519348144531e-06
-4.472211003303527832e-06
-4.490837454795837402e-06
-4.497356712818145752e-06
-4.447996616363525391e-06
-4.488043487071990967e-06
-4.477798938751220703e-06
-4.456378519535064697e-06
-4.485249519348144531e-06
-4.502013325691223145e-06
