-8.305534720420837402e-06
-8.317641913890838623e-06
-8.312985301017761230e-06
-8.322298526763916016e-06
-8.285045623779296875e-06
-8.312985301017761230e-06
-8.306466042995452881e-06
-8.309260010719299316e-06
-8.305534720420837402e-06
-8.304603397846221924e-06
-8.316710591316223145e-06
-8.309260010719299316e-06
-8.329749107360839844e-06
-8.344650268554687500e-06
-8.297152817249298096e-06
-8.319504559040069580e-06
-8.308328688144683838e-06
-8.308328688144683838e-06
-8.296221494674682617e-06
-8.281320333480834961e-06
-8.300878107547760010e-06
-8.304603397846221924e-06
-8.285045623779296875e-06
-8.290633559226989746e-06
-8.299946784973144531e-06
-8.305534720420837402e-06
-8.304603397846221924e-06
-8.287839591503143311e-06
-8.292496204376220703e-06
-8.274801075458526611e-06
-8.315779268741607666e-06
-8.325092494487762451e-06
-8.295290172100067139e-06
-8.304603397846221924e-06
-8.315779268741607666e-06
-8.326023817062377930e-06
-8.306466042995452881e-06
-8.290633559226989746e-06
-8.312053978443145752e-06
-8.294358849525451660e-06
-8.310191333293914795e-06
-8.312985301017761230e-06
-8.308328688144683838e-06
-8.283182978630065918e-06
-8.299946784973144531e-06
-8.309260010719299316e-06
-8.333474397659301758e-06
-8.312985301017761230e-06
-8.295290172100067139e-06
-8.299946784973144531e-06
-8.307397365570068359e-06
-8.318573236465454102e-06
-8.318573236465454102e-06
-8.295290172100067139e-06
-8.299946784973144531e-06
-8.312985301017761230e-06
-8.291564881801605225e-06
-8.316710591316223145e-06
-8.295290172100067139e-06
-8.308328688144683838e-06
-8.282251656055450439e-06
-8.274801075458526611e-06
-8.293427526950836182e-06
-8.305534720420837402e-06
-8.303672075271606445e-06
-8.317641913890838623e-06
-8.312053978443145752e-06
-8.314847946166992188e-06
-6.605871021747589111e-06
-6.135553121566772461e-06
-3.966502845287322998e-06
-3.249384462833404541e-06
-1.902692019939422607e-06
1.066364347934722900e-06
5.567446351051330566e-06
1.055747270584106445e-05
1.314748078584671021e-05
1.668278127908706665e-05
1.769326627254486084e-05
1.754425466060638428e-05
1.726299524307250977e-05
1.708045601844787598e-05
1.697801053524017334e-05
1.683086156845092773e-05
1.676939427852630615e-05
1.670420169830322266e-05
1.665018498897552490e-05
1.661293208599090576e-05
1.659896224737167358e-05
1.681316643953323364e-05
1.833681017160415649e-05
2.033077180385589600e-05
2.257898449897766113e-05
2.514012157917022705e-05
2.898462116718292236e-05
3.470852971076965332e-05
4.385225474834442139e-05
5.434732884168624878e-05
6.477907299995422363e-05
7.816310971975326538e-05
9.491294622421264648e-05
1.150146126747131348e-04
1.349719241261482239e-04
1.540109515190124512e-04
1.730490475893020630e-04
1.931358128786087036e-04
2.136286348104476929e-04
2.337405458092689514e-04
2.533718943595886230e-04
2.726037055253982544e-04
2.916026860475540161e-04
3.101965412497520447e-04
3.286339342594146729e-04
3.466270864009857178e-04
3.648288547992706299e-04
3.830557689070701599e-04
4.022195935249328613e-04
4.211282357573509216e-04
4.403190687298774719e-04
4.594987258315086365e-04
4.783812910318374634e-04
4.972368478775024414e-04
5.163000896573066711e-04
5.353223532438278198e-04
5.542626604437828064e-04
5.729729309678077698e-04
5.917670205235481262e-04
6.104847416281700134e-04
6.284872069954872131e-04
6.468482315540313721e-04
6.653368473052978516e-04
6.832890212535858154e-04
7.010502740740776062e-04
7.185284048318862915e-04
7.358705624938011169e-04
7.531410083174705505e-04
7.703164592385292053e-04
7.871901616454124451e-04
8.033057674765586853e-04
8.192658424377441406e-04
8.351709693670272827e-04
8.515156805515289307e-04
8.681500330567359924e-04
8.841771632432937622e-04
8.993092924356460571e-04
9.151687845587730408e-04
9.307460859417915344e-04
9.457748383283615112e-04
9.610624983906745911e-04
9.764414280652999878e-04
9.911851957440376282e-04
1.006042584776878357e-03
1.021195203065872192e-03
1.035430468618869781e-03
1.049607992172241211e-03
1.064531505107879639e-03
1.078487373888492584e-03
1.092367805540561676e-03
1.106841489672660828e-03
1.121028326451778412e-03
1.134450547397136688e-03
1.147619448602199554e-03
1.161564141511917114e-03
1.174747943878173828e-03
1.187484711408615112e-03
1.200656406581401825e-03
1.213951967656612396e-03
1.226651482284069061e-03
1.239294186234474182e-03
1.252252608537673950e-03
1.264866441488265991e-03
1.277242787182331085e-03
1.289295963943004608e-03
1.301825977861881256e-03
1.314003951847553253e-03
1.325695775449275970e-03
1.337316818535327911e-03
1.350037753582000732e-03
1.362052746117115021e-03
1.373422332108020782e-03
1.384473405778408051e-03
1.395834609866142273e-03
1.407607458531856537e-03
1.418851315975189209e-03
1.429817639291286469e-03
1.440534368157386780e-03
1.452311873435974121e-03
1.463385298848152161e-03
1.474572345614433289e-03
1.485220156610012054e-03
1.496013253927230835e-03
1.506340689957141876e-03
1.516532152891159058e-03
1.526584848761558533e-03
1.536113210022449493e-03
1.546318642795085907e-03
1.556192524731159210e-03
1.565953716635704041e-03
1.575691625475883484e-03
1.585106365382671356e-03
1.595468260347843170e-03
1.605241559445858002e-03
1.614656299352645874e-03
1.624240539968013763e-03
1.633648760616779327e-03
1.643131487071514130e-03
1.652473583817481995e-03
1.661102287471294403e-03
1.670024357736110687e-03
1.678857952356338501e-03
1.688064076006412506e-03
1.697140745818614960e-03
1.705356873571872711e-03
1.713647507131099701e-03
1.722005195915699005e-03
1.729108393192291260e-03
1.732026226818561554e-03
1.731901429593563080e-03
1.731298863887786865e-03
1.730188727378845215e-03
1.729228533804416656e-03
1.728390343487262726e-03
1.727607101202011108e-03
1.726903952658176422e-03
1.726230606436729431e-03
1.725615933537483215e-03
1.725002191960811615e-03
1.724463887512683868e-03
1.723934896290302277e-03
1.723460853099822998e-03
1.723012886941432953e-03
1.722564920783042908e-03
1.722144894301891327e-03
1.721732318401336670e-03
1.721364445984363556e-03
1.720979809761047363e-03
1.720619387924671173e-03
1.720277592539787292e-03
1.719952560961246490e-03
1.719675026834011078e-03
1.719353720545768738e-03
1.719062216579914093e-03
1.718756742775440216e-03
1.718472689390182495e-03
1.718213781714439392e-03
1.717923209071159363e-03
1.717651262879371643e-03
1.717410050332546234e-03
1.717132516205310822e-03
1.716887578368186951e-03
1.716656610369682312e-03
1.716402359306812286e-03
1.716156490147113800e-03
1.715935766696929932e-03
1.715737394988536835e-03
1.715513877570629120e-03
1.715282909572124481e-03
1.714940182864665985e-03
1.714615151286125183e-03
1.714203506708145142e-03
1.708437688648700714e-03
1.694516278803348541e-03
1.673467457294464111e-03
1.645050011575222015e-03
1.613078638911247253e-03
1.580733805894851685e-03
1.547168008983135223e-03
1.513520255684852600e-03
1.479864120483398438e-03
1.447435468435287476e-03
1.415718346834182739e-03
1.384676434099674225e-03
1.353213563561439514e-03
1.321938820183277130e-03
1.290835440158843994e-03
1.260440796613693237e-03
1.230608671903610229e-03
1.200777478516101837e-03
1.170570030808448792e-03
1.141416840255260468e-03
1.112021505832672119e-03
1.083181239664554596e-03
1.054780557751655579e-03
1.027083955705165863e-03
9.994730353355407715e-04
9.726146236062049866e-04
9.462563320994377136e-04
9.201187640428543091e-04
8.943025022745132446e-04
8.690143004059791565e-04
8.438797667622566223e-04
8.187443017959594727e-04
7.947683334350585938e-04
7.736068218946456909e-04
7.525049149990081787e-04
7.287319749593734741e-04
7.061259821057319641e-04
6.827646866440773010e-04
6.610564887523651123e-04
6.392020732164382935e-04
6.183953955769538879e-04
5.971435457468032837e-04
5.766162648797035217e-04
5.560694262385368347e-04
5.361437797546386719e-04
5.163485184311866760e-04
4.969239234924316406e-04
4.780292510986328125e-04
4.592407494783401489e-04
4.407605156302452087e-04
4.222262650728225708e-04
4.043057560920715332e-04
3.855600953102111816e-04
3.675315529108047485e-04
3.492906689643859863e-04
3.315247595310211182e-04
3.137718886137008667e-04
2.965759485960006714e-04
2.795523032546043396e-04
2.629188820719718933e-04
2.478305250406265259e-04
2.328502014279365540e-04
2.174843102693557739e-04
2.024844288825988770e-04
1.879418268799781799e-04
1.735351979732513428e-04
1.595783978700637817e-04
1.451419666409492493e-04
1.313267275691032410e-04
1.173969358205795288e-04
1.044329255819320679e-04
9.100325405597686768e-05
7.796194404363632202e-05
6.597954779863357544e-05
5.414336919784545898e-05
4.262011498212814331e-05
3.424752503633499146e-05
2.709962427616119385e-05
2.103578299283981323e-05
1.387391239404678345e-05
1.079775393009185791e-05
8.322298526763916016e-06
4.419125616550445557e-06
-6.053596735000610352e-07
-1.856125891208648682e-06
-2.789311110973358154e-06
-5.004927515983581543e-06
-6.492249667644500732e-06
-7.648952305316925049e-06
-8.314847946166992188e-06
-8.310191333293914795e-06
-8.317641913890838623e-06
-8.325092494487762451e-06
-8.316710591316223145e-06
-8.323229849338531494e-06
-8.332543075084686279e-06
-8.313916623592376709e-06
-8.310191333293914795e-06
-8.338131010532379150e-06
-8.333474397659301758e-06
-8.326023817062377930e-06
-8.317641913890838623e-06
