-1.994892954826354980e-06
-2.020038664340972900e-06
-1.974403858184814453e-06
-1.993961632251739502e-06
-2.118758857250213623e-06
-2.202577888965606689e-06
-2.245418727397918701e-06
-2.233311533927917480e-06
-2.182088792324066162e-06
-2.142973244190216064e-06
-1.668930053710937500e-06
-4.880130290985107422e-07
1.545995473861694336e-07
6.062909960746765137e-07
1.694075763225555420e-06
3.353692591190338135e-06
4.243105649948120117e-06
4.662200808525085449e-06
4.755333065986633301e-06
4.921108484268188477e-06
5.064532160758972168e-06
5.288980901241302490e-06
5.463138222694396973e-06
5.520880222320556641e-06
8.072704076766967773e-06
9.731389582157135010e-06
1.081917434930801392e-05
1.167133450508117676e-05
1.234281808137893677e-05
1.293886452913284302e-05
1.363176852464675903e-05
1.445878297090530396e-05
1.512747257947921753e-05
1.600477844476699829e-05
1.699104905128479004e-05
1.789536327123641968e-05
1.855567097663879395e-05
1.915637403726577759e-05
1.990608870983123779e-05
2.100691199302673340e-05
2.215057611465454102e-05
2.356339246034622192e-05
2.488866448402404785e-05
2.618413418531417847e-05
2.733059227466583252e-05
2.876482903957366943e-05
3.006681799888610840e-05
3.133714199066162109e-05
3.253296017646789551e-05
3.383029252290725708e-05
3.533158451318740845e-05
3.683567047119140625e-05
3.815069794654846191e-05
3.949459642171859741e-05
4.162546247243881226e-05
4.445388913154602051e-05
4.807952791452407837e-05
5.273334681987762451e-05
5.820207297801971436e-05
6.177090108394622803e-05
5.971919745206832886e-05
5.696900188922882080e-05
5.542673170566558838e-05
5.435477942228317261e-05
5.357712507247924805e-05
5.291122943162918091e-05
5.227513611316680908e-05
5.177129060029983521e-05
5.132425576448440552e-05
5.091447383165359497e-05
5.053356289863586426e-05
5.018711090087890625e-05
4.987418651580810547e-05
4.957336932420730591e-05
4.932470619678497314e-05
4.907883703708648682e-05
4.881154745817184448e-05
4.860945045948028564e-05
4.840642213821411133e-05
4.817731678485870361e-05
4.815962165594100952e-05
5.070306360721588135e-05
5.368050187826156616e-05
5.673989653587341309e-05
6.009824573993682861e-05
6.335880607366561890e-05
6.588082760572433472e-05
6.840657442808151245e-05
7.088389247655868530e-05
7.401127368211746216e-05
7.790699601173400879e-05
8.239690214395523071e-05
8.750334382057189941e-05
9.301956743001937866e-05
9.883195161819458008e-05
1.067118719220161438e-04
1.162579283118247986e-04
1.281760632991790771e-04
1.419410109519958496e-04
1.565078273415565491e-04
1.726364716887474060e-04
1.903632655739784241e-04
2.098763361573219299e-04
2.302005887031555176e-04
2.522114664316177368e-04
2.747057005763053894e-04
2.972623333334922791e-04
3.210892900824546814e-04
3.473814576864242554e-04
3.752447664737701416e-04
4.047248512506484985e-04
4.366086795926094055e-04
4.705516621470451355e-04
5.065295845270156860e-04
5.450556054711341858e-04
5.863821133971214294e-04
6.288178265094757080e-04
6.727129220962524414e-04
7.176306098699569702e-04
7.620193064212799072e-04
8.060690015554428101e-04
8.486015722155570984e-04
8.889697492122650146e-04
9.277248755097389221e-04
9.650513529777526855e-04
1.001141034066677094e-03
1.034944318234920502e-03
1.066822558641433716e-03
1.097147352993488312e-03
1.126203685998916626e-03
1.153227873146533966e-03
1.178450882434844971e-03
1.202107407152652740e-03
1.224287785589694977e-03
1.244561746716499329e-03
1.262472011148929596e-03
1.279923133552074432e-03
1.295880414545536041e-03
1.310438849031925201e-03
1.323477365076541901e-03
1.336407847702503204e-03
1.347545534372329712e-03
1.357798464596271515e-03
1.366504468023777008e-03
1.374697312712669373e-03
1.382321119308471680e-03
1.387495547533035278e-03
1.391102559864521027e-03
1.394355669617652893e-03
1.397271640598773956e-03
1.396614126861095428e-03
1.399236731231212616e-03
1.398505643010139465e-03
1.397358253598213196e-03
1.396312378346920013e-03
1.395395956933498383e-03
1.394516788423061371e-03
1.393699087202548981e-03
1.392933540046215057e-03
1.392235048115253448e-03
1.391584053635597229e-03
1.390986144542694092e-03
1.390396617352962494e-03
1.389810815453529358e-03
1.389285549521446228e-03
1.388746313750743866e-03
1.388239674270153046e-03
1.387755386531352997e-03
1.387236639857292175e-03
1.386780291795730591e-03
1.386317424476146698e-03
1.385879702866077423e-03
1.385372132062911987e-03
1.384980976581573486e-03
1.384497620165348053e-03
1.384061761200428009e-03
1.383640803396701813e-03
1.383145339787006378e-03
1.382590271532535553e-03
1.381439156830310822e-03
1.376026310026645660e-03
1.366912387311458588e-03
1.354746520519256592e-03
1.342074945569038391e-03
1.332157291471958160e-03
1.321506686508655548e-03
1.309863291680812836e-03
1.298415474593639374e-03
1.290173269808292389e-03
1.281665638089179993e-03
1.272235997021198273e-03
1.262770034372806549e-03
1.254899427294731140e-03
1.247291453182697296e-03
1.237557269632816315e-03
1.227508299052715302e-03
1.218617893755435944e-03
1.210289075970649719e-03
1.200359314680099487e-03
1.190248876810073853e-03
1.181786879897117615e-03
1.172652468085289001e-03
1.162721775472164154e-03
1.153444871306419373e-03
1.145387068390846252e-03
1.136897131800651550e-03
1.126823015511035919e-03
1.117821782827377319e-03
1.109470613300800323e-03
1.100815832614898682e-03
1.091104000806808472e-03
1.082769595086574554e-03
1.075551845133304596e-03
1.067811623215675354e-03
1.058741472661495209e-03
1.050871796905994415e-03
1.043237745761871338e-03
1.035084016621112823e-03
1.025243662297725677e-03
1.016366295516490936e-03
1.008717343211174011e-03
9.999508038163185120e-04
9.909123182296752930e-04
9.824335575103759766e-04
9.747277945280075073e-04
9.653111919760704041e-04
9.558992460370063782e-04
9.481180459260940552e-04
9.404094889760017395e-04
9.319623932242393494e-04
9.234920144081115723e-04
9.163832291960716248e-04
9.087268263101577759e-04
9.003831073641777039e-04
8.919397369027137756e-04
8.853115141391754150e-04
8.783796802163124084e-04
8.699931204319000244e-04
8.615907281637191772e-04
8.541103452444076538e-04
8.460786193609237671e-04
8.372897282242774963e-04
8.286675438284873962e-04
8.218437433242797852e-04
8.142534643411636353e-04
8.060708642005920410e-04
7.981369271874427795e-04
7.908549159765243530e-04
7.829163223505020142e-04
7.741795852780342102e-04
7.668854668736457825e-04
7.602842524647712708e-04
7.532089948654174805e-04
7.449891418218612671e-04
7.377928122878074646e-04
7.305406033992767334e-04
7.232222706079483032e-04
7.150107994675636292e-04
7.080845534801483154e-04
7.014544680714607239e-04
6.943391636013984680e-04
6.860597059130668640e-04
6.789769977331161499e-04
6.717266514897346497e-04
6.643338128924369812e-04
6.560105830430984497e-04
6.490545347332954407e-04
6.435150280594825745e-04
6.409715861082077026e-04
6.348472088575363159e-04
6.277570500969886780e-04
6.213877350091934204e-04
6.146375089883804321e-04
6.072977557778358459e-04
6.007766351103782654e-04
5.943328142166137695e-04
5.875024944543838501e-04
5.798637866973876953e-04
5.737245082855224609e-04
5.673961713910102844e-04
5.611740052700042725e-04
5.539627745747566223e-04
5.481587722897529602e-04
5.419310182332992554e-04
5.353679880499839783e-04
5.282592028379440308e-04
5.217734724283218384e-04
5.162954330444335938e-04
5.099810659885406494e-04
5.034953355789184570e-04
4.967804998159408569e-04
4.911590367555618286e-04
4.855496808886528015e-04
4.786578938364982605e-04
4.723705351352691650e-04
4.668058827519416809e-04
4.614619538187980652e-04
4.560342058539390564e-04
4.499424248933792114e-04
4.445826634764671326e-04
4.399316385388374329e-04
4.345271736383438110e-04
4.284316673874855042e-04
4.227487370371818542e-04
4.176534712314605713e-04
4.128376021981239319e-04
4.076324403285980225e-04
4.019597545266151428e-04
3.974828869104385376e-04
3.930823877453804016e-04
3.879750147461891174e-04
3.823684528470039368e-04
3.772396594285964966e-04
3.729416057467460632e-04
3.689043223857879639e-04
3.646127879619598389e-04
3.598229959607124329e-04
3.548478707671165466e-04
3.508208319544792175e-04
3.469139337539672852e-04
3.426736220717430115e-04
3.376379609107971191e-04
3.331247717142105103e-04
3.297710791230201721e-04
3.263661637902259827e-04
3.226688131690025330e-04
3.186184912919998169e-04
3.145486116409301758e-04
3.109956160187721252e-04
3.075115382671356201e-04
3.032824024558067322e-04
2.986555919051170349e-04
2.945829182863235474e-04
2.916296944022178650e-04
2.888459712266921997e-04
2.855416387319564819e-04
2.817548811435699463e-04
2.778638154268264771e-04
2.748519182205200195e-04
2.720169723033905029e-04
2.690460532903671265e-04
2.656495198607444763e-04
2.618022263050079346e-04
2.581672742962837219e-04
2.555958926677703857e-04
2.524880692362785339e-04
2.486854791641235352e-04
2.449043095111846924e-04
2.415664494037628174e-04
2.389876171946525574e-04
2.365186810493469238e-04
2.336613833904266357e-04
2.303961664438247681e-04
2.265786752104759216e-04
2.234634011983871460e-04
2.215169370174407959e-04
2.191010862588882446e-04
2.160491421818733215e-04
2.127755433320999146e-04
2.093156799674034119e-04
2.065636217594146729e-04
2.046022564172744751e-04
2.025235444307327271e-04
1.996411010622978210e-04
1.963889226317405701e-04
1.930054277181625366e-04
1.904973760247230530e-04
1.885555684566497803e-04
1.861937344074249268e-04
1.833643764257431030e-04
1.802481710910797119e-04
1.773172989487648010e-04
1.749349758028984070e-04
1.729000359773635864e-04
1.708352938294410706e-04
1.679100096225738525e-04
1.644697040319442749e-04
1.611718907952308655e-04
1.587821170687675476e-04
1.565488055348396301e-04
1.539885997772216797e-04
1.510763540863990784e-04
1.480355858802795410e-04
1.453002914786338806e-04
1.432718709111213684e-04
1.411270350217819214e-04
1.385705545544624329e-04
1.357188448309898376e-04
1.327153295278549194e-04
1.304764300584793091e-04
1.290217041969299316e-04
1.269429922103881836e-04
1.246593892574310303e-04
1.222006976604461670e-04
1.195026561617851257e-04
1.171026378870010376e-04
1.152250915765762329e-04
1.137219369411468506e-04
1.124041154980659485e-04
1.100450754165649414e-04
1.072268933057785034e-04
1.042578369379043579e-04
1.021362841129302979e-04
1.006778329610824585e-04
9.905919432640075684e-05
9.700469672679901123e-05
9.457021951675415039e-05
9.212270379066467285e-05
9.043142199516296387e-05
8.963514119386672974e-05
8.839368820190429688e-05
8.665118366479873657e-05
8.470471948385238647e-05
8.271820843219757080e-05
8.101295679807662964e-05
7.973425090312957764e-05
7.855426520109176636e-05
7.742457091808319092e-05
7.601268589496612549e-05
7.431954145431518555e-05
7.247924804687500000e-05
7.117912173271179199e-05
7.057469338178634644e-05
6.940774619579315186e-05
6.791856139898300171e-05
6.629526615142822266e-05
6.459467113018035889e-05
6.314460188150405884e-05
6.208848208189010620e-05
6.088893860578536987e-05
5.964841693639755249e-05
5.835015326738357544e-05
5.716737359762191772e-05
5.633197724819183350e-05
5.576759576797485352e-05
5.520693957805633545e-05
5.452521145343780518e-05
5.383882671594619751e-05
5.321763455867767334e-05
5.273520946502685547e-05
5.251355469226837158e-05
5.223229527473449707e-05
5.192216485738754272e-05
5.162321031093597412e-05
5.135033279657363892e-05
5.119573324918746948e-05
5.119107663631439209e-05
5.109328776597976685e-05
5.098711699247360229e-05
5.083996802568435669e-05
5.068350583314895630e-05
4.901457577943801880e-05
3.919284790754318237e-05
2.130400389432907104e-05
1.274142414331436157e-05
8.021481335163116455e-06
2.362765371799468994e-06
-1.718290150165557861e-06
-3.612600266933441162e-06
-4.633329808712005615e-06
-4.605390131473541260e-06
-4.579313099384307861e-06
-4.631467163562774658e-06
-4.607252776622772217e-06
-4.619359970092773438e-06
-4.607252776622772217e-06
-4.625879228115081787e-06
-4.610978066921234131e-06
-4.616566002368927002e-06
-4.630535840988159180e-06
