-6.248243153095245361e-06
-6.245449185371398926e-06
-6.225891411304473877e-06
-6.191432476043701172e-06
-6.263144314289093018e-06
-6.346963346004486084e-06
-6.369315087795257568e-06
-6.408430635929107666e-06
-6.340444087982177734e-06
-6.380490958690643311e-06
-6.291083991527557373e-06
-5.117617547512054443e-06
-4.895962774753570557e-06
-4.434026777744293213e-06
-4.051253199577331543e-06
-2.856366336345672607e-06
-1.654028892517089844e-06
-1.251697540283203125e-06
-1.120381057262420654e-06
-9.974464774131774902e-07
-8.950009942054748535e-07
-6.994232535362243652e-07
-6.286427378654479980e-07
-5.420297384262084961e-07
2.887099981307983398e-08
2.188608050346374512e-06
3.141351044178009033e-06
3.881752490997314453e-06
4.553236067295074463e-06
4.895031452178955078e-06
5.415640771389007568e-06
5.998648703098297119e-06
6.560236215591430664e-06
7.143244147300720215e-06
7.826834917068481445e-06
8.549541234970092773e-06
9.190291166305541992e-06
9.644776582717895508e-06
1.015234738588333130e-05
1.079495996236801147e-05
1.166574656963348389e-05
1.266319304704666138e-05
1.376494765281677246e-05
1.467950642108917236e-05
1.564994454383850098e-05
1.667160540819168091e-05
1.772586256265640259e-05
1.858919858932495117e-05
1.964345574378967285e-05
2.059806138277053833e-05
2.152938395738601685e-05
2.266373485326766968e-05
2.387166023254394531e-05
2.482905983924865723e-05
2.594292163848876953e-05
2.803932875394821167e-05
3.053341060876846313e-05
3.353599458932876587e-05
3.746431320905685425e-05
4.175864160060882568e-05
4.198402166366577148e-05
3.953371196985244751e-05
3.806035965681076050e-05
3.704987466335296631e-05
3.635510802268981934e-05
3.581587225198745728e-05
3.530643880367279053e-05
3.491248935461044312e-05
3.455299884080886841e-05
3.422889858484268188e-05
3.393273800611495972e-05
3.364402800798416138e-05
3.339722752571105957e-05
3.314949572086334229e-05
3.296602517366409302e-05
3.276485949754714966e-05
3.255717456340789795e-05
3.241281956434249878e-05
3.221351653337478638e-05
3.204494714736938477e-05
3.192480653524398804e-05
3.235135227441787720e-05
3.498140722513198853e-05
3.736373037099838257e-05
3.973115235567092896e-05
4.236493259668350220e-05
4.454422742128372192e-05
4.643388092517852783e-05
4.834774881601333618e-05
5.037244409322738647e-05
5.313009023666381836e-05
5.627050995826721191e-05
6.000977009534835815e-05
6.399769335985183716e-05
6.832461804151535034e-05
7.316190749406814575e-05
8.015334606170654297e-05
8.819065988063812256e-05
9.814463555812835693e-05
1.087514683604240417e-04
1.205941662192344666e-04
1.332927495241165161e-04
1.477338373661041260e-04
1.627020537853240967e-04
1.790625974535942078e-04
1.960573717951774597e-04
2.130884677171707153e-04
2.308860421180725098e-04
2.497071400284767151e-04
2.707494422793388367e-04
2.922983840107917786e-04
3.160024061799049377e-04
3.407793119549751282e-04
3.674179315567016602e-04
3.958884626626968384e-04
4.265513271093368530e-04
4.584826529026031494e-04
4.912931472063064575e-04
5.252528935670852661e-04
5.594529211521148682e-04
5.934257060289382935e-04
6.263935938477516174e-04
6.578788161277770996e-04
6.882250308990478516e-04
7.171472534537315369e-04
7.450934499502182007e-04
7.718745619058609009e-04
7.968135178089141846e-04
8.204821497201919556e-04
8.432231843471527100e-04
8.647227659821510315e-04
8.845794945955276489e-04
9.032608941197395325e-04
9.206486865878105164e-04
9.371759369969367981e-04
9.515453130006790161e-04
9.648865088820457458e-04
9.777927771210670471e-04
9.894538670778274536e-04
9.997477754950523376e-04
1.009801402688026428e-03
1.019041053950786591e-03
1.027144491672515869e-03
1.034376211464405060e-03
1.040784642100334167e-03
1.046855002641677856e-03
1.052014529705047607e-03
1.055581495165824890e-03
1.058283261954784393e-03
1.060406677424907684e-03
1.060835085809230804e-03
1.061870716512203217e-03
1.062486320734024048e-03
1.061581075191497803e-03
1.060754992067813873e-03
1.059975475072860718e-03
1.059308648109436035e-03
1.058669760823249817e-03
1.058083958923816681e-03
1.057500019669532776e-03
1.056971028447151184e-03
1.056508161127567291e-03
1.056050881743431091e-03
1.055601984262466431e-03
1.055185683071613312e-03
1.054764725267887115e-03
1.054380089044570923e-03
1.053972169756889343e-03
1.053581945598125458e-03
1.053211279213428497e-03
1.052867621183395386e-03
1.052543520927429199e-03
1.052184030413627625e-03
1.051832921802997589e-03
1.051479019224643707e-03
1.051141880452632904e-03
1.050794497132301331e-03
1.050434075295925140e-03
1.050072722136974335e-03
1.049540936946868896e-03
1.046858727931976318e-03
1.041548326611518860e-03
1.033504493534564972e-03
1.023516990244388580e-03
1.014907844364643097e-03
1.007293350994586945e-03
9.988080710172653198e-04
9.897165000438690186e-04
9.819706901907920837e-04
9.759357199072837830e-04
9.692739695310592651e-04
9.616622701287269592e-04
9.553460404276847839e-04
9.494563564658164978e-04
9.428467601537704468e-04
9.350534528493881226e-04
9.279167279601097107e-04
9.212885051965713501e-04
9.145094081759452820e-04
9.065838530659675598e-04
8.994266390800476074e-04
8.929315954446792603e-04
8.856663480401039124e-04
8.780891075730323792e-04
8.714962750673294067e-04
8.655646815896034241e-04
8.582687005400657654e-04
8.507501333951950073e-04
8.444292470812797546e-04
8.378950878977775574e-04
8.308375254273414612e-04
8.236635476350784302e-04
8.181435987353324890e-04
8.123656734824180603e-04
8.058445528149604797e-04
7.991930469870567322e-04
7.934551686048507690e-04
7.876232266426086426e-04
7.805693894624710083e-04
7.732054218649864197e-04
7.672533392906188965e-04
7.608551532030105591e-04
7.539708167314529419e-04
7.473053410649299622e-04
7.412470877170562744e-04
7.347334176301956177e-04
7.272996008396148682e-04
7.208036258816719055e-04
7.149484008550643921e-04
7.089544087648391724e-04
7.022237405180931091e-04
6.963415071368217468e-04
6.906976923346519470e-04
6.848108023405075073e-04
6.780875846743583679e-04
6.725387647747993469e-04
6.672777235507965088e-04
6.616804748773574829e-04
6.549432873725891113e-04
6.491076201200485229e-04
6.430773064494132996e-04
6.367713212966918945e-04
6.299605593085289001e-04
6.239628419280052185e-04
6.188005208969116211e-04
6.126789376139640808e-04
6.064632907509803772e-04
6.005922332406044006e-04
5.950722843408584595e-04
5.884757265448570251e-04
5.822032690048217773e-04
5.769794806838035583e-04
5.721207708120346069e-04
5.660345777869224548e-04
5.600824952125549316e-04
5.545699968934059143e-04
5.493005737662315369e-04
5.431286990642547607e-04
5.373023450374603271e-04
5.321018397808074951e-04
5.272300913929939270e-04
5.210991948843002319e-04
5.151052027940750122e-04
5.098422989249229431e-04
5.043363198637962341e-04
4.982100799679756165e-04
4.921210929751396179e-04
4.874123260378837585e-04
4.842495545744895935e-04
4.825582727789878845e-04
4.759142175316810608e-04
4.712706431746482849e-04
4.660794511437416077e-04
4.607355222105979919e-04
4.553413018584251404e-04
4.504118114709854126e-04
4.454823210835456848e-04
4.398487508296966553e-04
4.344293847680091858e-04
4.299255087971687317e-04
4.252698272466659546e-04
4.199435934424400330e-04
4.149274900555610657e-04
4.102997481822967529e-04
4.057884216308593750e-04
4.003327339887619019e-04
3.951610997319221497e-04
3.904867917299270630e-04
3.860956057906150818e-04
3.813132643699645996e-04
3.761174157261848450e-04
3.716871142387390137e-04
3.671701997518539429e-04
3.624716773629188538e-04
3.573019057512283325e-04
3.527151420712471008e-04
3.490382805466651917e-04
3.447392955422401428e-04
3.401692956686019897e-04
3.359811380505561829e-04
3.319745883345603943e-04
3.281300887465476990e-04
3.239987418055534363e-04
3.191959112882614136e-04
3.152582794427871704e-04
3.117173910140991211e-04
3.076326102018356323e-04
3.035478293895721436e-04
2.995515242218971252e-04
2.959650009870529175e-04
2.925330772995948792e-04
2.887500450015068054e-04
2.842675894498825073e-04
2.807863056659698486e-04
2.779457718133926392e-04
2.748379483819007874e-04
2.710986882448196411e-04
2.672113478183746338e-04
2.641333267092704773e-04
2.612322568893432617e-04
2.579754218459129333e-04
2.541663125157356262e-04
2.506235614418983459e-04
2.479581162333488464e-04
2.454314380884170532e-04
2.426728606224060059e-04
2.394970506429672241e-04
2.360520884394645691e-04
2.332106232643127441e-04
2.306159585714340210e-04
2.278499305248260498e-04
2.246396616101264954e-04
2.209190279245376587e-04
2.180784940719604492e-04
2.159615978598594666e-04
2.136714756488800049e-04
2.112276852130889893e-04
2.084290608763694763e-04
2.057803794741630554e-04
2.037193626165390015e-04
2.016536891460418701e-04
1.990543678402900696e-04
1.960238441824913025e-04
1.928741112351417542e-04
1.905718818306922913e-04
1.885099336504936218e-04
1.860754564404487610e-04
1.833476126194000244e-04
1.803487539291381836e-04
1.778425648808479309e-04
1.758765429258346558e-04
1.739934086799621582e-04
1.716548576951026917e-04
1.689847558736801147e-04
1.664459705352783203e-04
1.645507290959358215e-04
1.627160236239433289e-04
1.606736332178115845e-04
1.583276316523551941e-04
1.559229567646980286e-04
1.537138596177101135e-04
1.519722864031791687e-04
1.501422375440597534e-04
1.481650397181510925e-04
1.459028571844100952e-04
1.435261219739913940e-04
1.413961872458457947e-04
1.398874446749687195e-04
1.381412148475646973e-04
1.360839232802391052e-04
1.338683068752288818e-04
1.314589753746986389e-04
1.294277608394622803e-04
1.280903816223144531e-04
1.263218000531196594e-04
1.242728903889656067e-04
1.219436526298522949e-04
1.192558556795120239e-04
1.169899478554725647e-04
1.155557110905647278e-04
1.137470826506614685e-04
1.114793121814727783e-04
1.089842990040779114e-04
1.065693795680999756e-04
1.047113910317420959e-04
1.031458377838134766e-04
1.014405861496925354e-04
9.938701987266540527e-05
9.717326611280441284e-05
9.507127106189727783e-05
9.355414658784866333e-05
9.257346391677856445e-05
9.128451347351074219e-05
8.948892354965209961e-05
8.742325007915496826e-05
8.524488657712936401e-05
8.359551429748535156e-05
8.270237594842910767e-05
8.145254105329513550e-05
7.981434464454650879e-05
7.787998765707015991e-05
7.578358054161071777e-05
7.395260035991668701e-05
7.269158959388732910e-05
7.129833102226257324e-05
6.973557174205780029e-05
6.804335862398147583e-05
6.625335663557052612e-05
6.479769945144653320e-05
6.374064832925796509e-05
6.269291043281555176e-05
6.186682730913162231e-05
6.047822535037994385e-05
5.892664194107055664e-05
5.734153091907501221e-05
5.622487515211105347e-05
5.573127418756484985e-05
5.478877574205398560e-05
5.362834781408309937e-05
5.239620804786682129e-05
5.105230957269668579e-05
4.991609603166580200e-05
4.900619387626647949e-05
4.828535020351409912e-05
4.757475107908248901e-05
4.631839692592620850e-05
4.499405622482299805e-05
4.359148442745208740e-05
4.258286207914352417e-05
4.190951585769653320e-05
4.114210605621337891e-05
4.017632454633712769e-05
3.916583955287933350e-05
3.827456384897232056e-05
3.771111369132995605e-05
3.736838698387145996e-05
3.699958324432373047e-05
3.646407276391983032e-05
3.592763096094131470e-05
3.547128289937973022e-05
3.517419099807739258e-05
3.499072045087814331e-05
3.484264016151428223e-05
3.461726009845733643e-05
3.437232226133346558e-05
3.420747816562652588e-05
3.412086516618728638e-05
3.410037606954574585e-05
3.408920019865036011e-05
3.398675471544265747e-05
3.392435610294342041e-05
3.352388739585876465e-05
2.977903932332992554e-05
1.869723200798034668e-05
8.356757462024688721e-06
3.955326974391937256e-06
-1.429580152034759521e-06
-4.718080163002014160e-06
-6.530433893203735352e-06
-8.144415915012359619e-06
-8.288770914077758789e-06
-8.261762559413909912e-06
-8.293427526950836182e-06
-8.309260010719299316e-06
-8.277595043182373047e-06
-8.284114301204681396e-06
-8.290633559226989746e-06
-8.292496204376220703e-06
-8.276663720607757568e-06
-8.289702236652374268e-06
-8.275732398033142090e-06
