-4.562549293041229248e-06
-4.555098712444305420e-06
-4.545785486698150635e-06
-4.556030035018920898e-06
-4.555098712444305420e-06
-4.564411938190460205e-06
-4.568137228488922119e-06
-4.558824002742767334e-06
-4.562549293041229248e-06
-4.570931196212768555e-06
-4.539266228675842285e-06
-4.568137228488922119e-06
-4.561617970466613770e-06
-4.548579454421997070e-06
-4.569999873638153076e-06
-4.574656486511230469e-06
-4.561617970466613770e-06
-4.568137228488922119e-06
-4.565343260765075684e-06
-4.580244421958923340e-06
-4.550442099571228027e-06
-4.551373422145843506e-06
-4.567205905914306641e-06
-4.574656486511230469e-06
-4.539266228675842285e-06
-4.571862518787384033e-06
-4.543922841548919678e-06
-4.565343260765075684e-06
-4.541128873825073242e-06
-4.555098712444305420e-06
-4.568137228488922119e-06
-4.576519131660461426e-06
-4.569999873638153076e-06
-4.542991518974304199e-06
-4.543922841548919678e-06
-4.540197551250457764e-06
-4.561617970466613770e-06
-4.536472260951995850e-06
-4.573725163936614990e-06
-4.549510776996612549e-06
-4.548579454421997070e-06
-4.553236067295074463e-06
-4.560686647891998291e-06
-4.561617970466613770e-06
-4.549510776996612549e-06
-4.549510776996612549e-06
-4.541128873825073242e-06
-4.576519131660461426e-06
-4.560686647891998291e-06
-4.565343260765075684e-06
-4.559755325317382812e-06
-4.550442099571228027e-06
-4.552304744720458984e-06
-4.556961357593536377e-06
-4.544854164123535156e-06
-4.547648131847381592e-06
-4.544854164123535156e-06
-4.533678293228149414e-06
-4.557892680168151855e-06
-4.544854164123535156e-06
-4.566274583339691162e-06
-4.529953002929687500e-06
-4.551373422145843506e-06
-4.552304744720458984e-06
-4.538334906101226807e-06
-1.259148120880126953e-06
-4.293397068977355957e-07
4.116445779800415039e-07
3.128312528133392334e-06
3.605149686336517334e-06
7.282942533493041992e-06
1.196656376123428345e-05
1.613050699234008789e-05
2.098735421895980835e-05
2.553220838308334351e-05
2.892501652240753174e-05
2.915691584348678589e-05
2.882536500692367554e-05
2.843141555786132812e-05
2.820231020450592041e-05
2.808030694723129272e-05
2.799462527036666870e-05
2.788379788398742676e-05
2.781488001346588135e-05
2.774409949779510498e-05
2.770405262708663940e-05
2.765003591775894165e-05
2.763327211141586304e-05
2.763420343399047852e-05
2.765562385320663452e-05
2.775993198156356812e-05
2.784561365842819214e-05
2.788472920656204224e-05
2.793036401271820068e-05
2.798344939947128296e-05
2.866797149181365967e-05
3.165565431118011475e-05
3.264192491769790649e-05
3.411527723073959351e-05
3.619771450757980347e-05
3.837235271930694580e-05
4.096794873476028442e-05
4.372838884592056274e-05
4.666205495595932007e-05
5.010049790143966675e-05
5.538202822208404541e-05
6.196834146976470947e-05
7.060915231704711914e-05
7.989723235368728638e-05
9.020883589982986450e-05
1.029372215270996094e-04
1.215720549225807190e-04
1.434274017810821533e-04
1.671081408858299255e-04
1.910272985696792603e-04
2.154083922505378723e-04
2.415440976619720459e-04
2.695433795452117920e-04
2.972325310111045837e-04
3.247372806072235107e-04
3.507230430841445923e-04
3.763791173696517944e-04
4.021525382995605469e-04
4.276968538761138916e-04
4.525678232312202454e-04
4.777163267135620117e-04
5.031991750001907349e-04
5.291160196065902710e-04
5.559092387557029724e-04
5.825674161314964294e-04
6.089014932513237000e-04
6.353762000799179077e-04
6.614997982978820801e-04
6.881291046738624573e-04
7.142107933759689331e-04
7.405625656247138977e-04
7.668538019061088562e-04
7.925136014819145203e-04
8.180830627679824829e-04
8.427724242210388184e-04
8.680708706378936768e-04
8.934196084737777710e-04
9.185476228594779968e-04
9.432760998606681824e-04
9.676944464445114136e-04
9.918259456753730774e-04
1.015348359942436218e-03
1.039000228047370911e-03
1.061803661286830902e-03
1.083758659660816193e-03
1.106576994061470032e-03
1.129297539591789246e-03
1.152464188635349274e-03
1.175063662230968475e-03
1.197185367345809937e-03
1.219137571752071381e-03
1.240632496774196625e-03
1.261896453797817230e-03
1.283533871173858643e-03
1.304742880165576935e-03
1.325396820902824402e-03
1.346823759377002716e-03
1.367542892694473267e-03
1.387781463563442230e-03
1.408478245139122009e-03
1.429078169167041779e-03
1.448846422135829926e-03
1.468877308070659637e-03
1.489053480327129364e-03
1.508006826043128967e-03
1.526865176856517792e-03
1.546693965792655945e-03
1.565822400152683258e-03
1.584196463227272034e-03
1.603426411747932434e-03
1.621847040951251984e-03
1.640012487769126892e-03
1.658100634813308716e-03
1.676450483500957489e-03
1.694280654191970825e-03
1.711240038275718689e-03
1.728923059999942780e-03
1.745750196278095245e-03
1.762396655976772308e-03
1.779754646122455597e-03
1.797472126781940460e-03
1.813676208257675171e-03
1.829631626605987549e-03
1.846086233854293823e-03
1.863126643002033234e-03
1.879248768091201782e-03
1.894950866699218750e-03
1.911075785756111145e-03
1.927631907165050507e-03
1.943539828062057495e-03
1.959236338734626770e-03
1.974601298570632935e-03
1.990003511309623718e-03
2.004928886890411377e-03
2.019721083343029022e-03
2.033885568380355835e-03
2.049242146313190460e-03
2.063704654574394226e-03
2.078393474221229553e-03
2.092066220939159393e-03
2.106883563101291656e-03
2.121396362781524658e-03
2.135556191205978394e-03
2.149921841919422150e-03
2.163623459637165070e-03
2.177827060222625732e-03
2.190861850976943970e-03
2.204304561018943787e-03
2.217165194451808929e-03
2.230257727205753326e-03
2.243542112410068512e-03
2.255821600556373596e-03
2.268635667860507965e-03
2.280985936522483826e-03
2.293243072926998138e-03
2.306118607521057129e-03
2.318523824214935303e-03
2.331431955099105835e-03
2.343344502151012421e-03
2.355547621846199036e-03
2.368954010307788849e-03
2.381195314228534698e-03
2.393309958279132843e-03
2.405731938779354095e-03
2.417643554508686066e-03
2.430587075650691986e-03
2.442766912281513214e-03
2.453856170177459717e-03
2.465500496327877045e-03
2.476583234965801239e-03
2.487758174538612366e-03
2.500299364328384399e-03
2.511613070964813232e-03
2.521907910704612732e-03
2.532910555601119995e-03
2.543802373111248016e-03
2.554894424974918365e-03
2.567276358604431152e-03
2.578621730208396912e-03
2.588943578302860260e-03
2.599648199975490570e-03
2.609944902360439301e-03
2.619837410748004913e-03
2.631437964737415314e-03
2.643256448209285736e-03
2.654825337231159210e-03
2.668836154043674469e-03
2.684153616428375244e-03
2.696535550057888031e-03
2.708505839109420776e-03
2.720524556934833527e-03
2.731144428253173828e-03
2.739406190812587738e-03
2.744379453361034393e-03
2.745033241808414459e-03
2.743187360465526581e-03
2.741447649896144867e-03
2.739847637712955475e-03
2.738378010690212250e-03
2.737134695053100586e-03
2.735942602157592773e-03
2.734894864261150360e-03
2.733920700848102570e-03
2.733133733272552490e-03
2.732257358729839325e-03
2.731395885348320007e-03
2.730500884354114532e-03
2.729874104261398315e-03
2.728649415075778961e-03
2.727577462792396545e-03
2.726580947637557983e-03
2.725900150835514069e-03
2.725049853324890137e-03
2.724220044910907745e-03
2.723604440689086914e-03
2.723161131143569946e-03
2.722637727856636047e-03
2.722106873989105225e-03
2.721455879509449005e-03
2.720992080867290497e-03
2.720525488257408142e-03
2.720175310969352722e-03
2.719834446907043457e-03
2.719511277973651886e-03
2.718999050557613373e-03
2.718400210142135620e-03
2.717773430049419403e-03
2.717322669923305511e-03
2.716737799346446991e-03
2.716084010899066925e-03
2.715722657740116119e-03
2.715392038226127625e-03
2.714832313358783722e-03
2.714041620492935181e-03
2.713486552238464355e-03
2.713011577725410461e-03
2.712486311793327332e-03
2.711950801312923431e-03
2.711457200348377228e-03
2.711100503802299500e-03
2.710532397031784058e-03
2.710028551518917084e-03
2.709582448005676270e-03
2.709014341235160828e-03
2.708554267883300781e-03
2.708071842789649963e-03
2.707345411181449890e-03
2.706238068640232086e-03
2.697948366403579712e-03
2.686493098735809326e-03
2.672223374247550964e-03
2.654174342751502991e-03
2.631365321576595306e-03
2.614110708236694336e-03
2.598112449049949646e-03
2.578523941338062286e-03
2.557104453444480896e-03
2.532796002924442291e-03
2.507046796381473541e-03
2.479331567883491516e-03
2.449592575430870056e-03
2.417703159153461456e-03
2.384685911238193512e-03
2.349880523979663849e-03
2.313508652150630951e-03
2.274068072438240051e-03
2.232735976576805115e-03
2.190116792917251587e-03
2.145814709365367889e-03
2.101757563650608063e-03
2.055264078080654144e-03
2.007144503295421600e-03
1.958395354449748993e-03
1.907694153487682343e-03
1.856529153883457184e-03
1.804319210350513458e-03
1.750939525663852692e-03
1.697741448879241943e-03
1.643098890781402588e-03
1.587536185979843140e-03
1.532418653368949890e-03
1.478314399719238281e-03
1.425052992999553680e-03
1.372535713016986847e-03
1.321526244282722473e-03
1.273165456950664520e-03
1.224996522068977356e-03
1.176940277218818665e-03
1.129425130784511566e-03
1.085142605006694794e-03
1.043928787112236023e-03
9.981393814086914062e-04
9.538866579532623291e-04
9.102839976549148560e-04
8.669011294841766357e-04
8.252151310443878174e-04
7.847659289836883545e-04
7.450515404343605042e-04
7.069846615195274353e-04
6.696460768580436707e-04
6.325449794530868530e-04
5.961665883660316467e-04
5.600824952125549316e-04
5.241250619292259216e-04
4.883399233222007751e-04
4.555927589535713196e-04
4.222961142659187317e-04
3.897408023476600647e-04
3.577806055545806885e-04
3.272136673331260681e-04
2.966849133372306824e-04
2.667540684342384338e-04
2.371743321418762207e-04
2.090279012918472290e-04
1.804791390895843506e-04
1.538479700684547424e-04
1.288000494241714478e-04
1.028748229146003723e-04
7.959920912981033325e-05
5.832128226757049561e-05
4.287250339984893799e-05
3.040302544832229614e-05
2.021994441747665405e-05
1.439545303583145142e-05
6.518326699733734131e-06
2.173706889152526855e-06
1.560896635055541992e-06
-9.099021553993225098e-07
-2.638436853885650635e-06
-4.552304744720458984e-06
-4.491768777370452881e-06
-4.539266228675842285e-06
-4.508532583713531494e-06
-4.515051841735839844e-06
-4.510395228862762451e-06
-4.453584551811218262e-06
-4.537403583526611328e-06
-4.508532583713531494e-06
-4.502013325691223145e-06
-4.500150680541992188e-06
-4.498288035392761230e-06
-4.505738615989685059e-06
-4.507601261138916016e-06
-4.491768777370452881e-06
