-8.310191333293914795e-06
-8.306466042995452881e-06
-8.286908268928527832e-06
-8.288770914077758789e-06
-8.286908268928527832e-06
-8.299946784973144531e-06
-8.272938430309295654e-06
-8.280389010906219482e-06
-8.303672075271606445e-06
-8.304603397846221924e-06
-8.253380656242370605e-06
-8.290633559226989746e-06
-8.283182978630065918e-06
-8.270144462585449219e-06
-8.285976946353912354e-06
-8.278526365756988525e-06
-8.294358849525451660e-06
-8.274801075458526611e-06
-8.282251656055450439e-06
-8.307397365570068359e-06
-8.275732398033142090e-06
-8.286908268928527832e-06
-8.273869752883911133e-06
-8.280389010906219482e-06
-8.284114301204681396e-06
-8.274801075458526611e-06
-8.288770914077758789e-06
-8.281320333480834961e-06
-8.269213140010833740e-06
-8.278526365756988525e-06
-8.299946784973144531e-06
-8.281320333480834961e-06
-8.280389010906219482e-06
-8.291564881801605225e-06
-8.289702236652374268e-06
-8.311122655868530273e-06
-8.296221494674682617e-06
-8.303672075271606445e-06
-8.315779268741607666e-06
-8.272938430309295654e-06
-8.273869752883911133e-06
-8.266419172286987305e-06
-8.295290172100067139e-06
-8.292496204376220703e-06
-8.312053978443145752e-06
-8.284114301204681396e-06
-8.289702236652374268e-06
-8.279457688331604004e-06
-8.290633559226989746e-06
-8.298084139823913574e-06
-8.303672075271606445e-06
-8.317641913890838623e-06
-8.273869752883911133e-06
-8.313916623592376709e-06
-8.289702236652374268e-06
-8.313916623592376709e-06
-8.286908268928527832e-06
-8.274801075458526611e-06
-8.300878107547760010e-06
-8.265487849712371826e-06
-8.279457688331604004e-06
-8.305534720420837402e-06
-8.346512913703918457e-06
-8.358620107173919678e-06
-8.404254913330078125e-06
-8.256174623966217041e-06
-5.492009222507476807e-06
-5.281530320644378662e-06
-3.146007657051086426e-06
-2.407468855381011963e-06
-1.067295670509338379e-06
2.747401595115661621e-06
5.668960511684417725e-06
1.063104718923568726e-05
1.280754804611206055e-05
1.632422208786010742e-05
1.755636185407638550e-05
1.734960824251174927e-05
1.700967550277709961e-05
1.678243279457092285e-05
1.663714647293090820e-05
1.658219844102859497e-05
1.648440957069396973e-05
1.641362905502319336e-05
1.636240631341934204e-05
1.634657382965087891e-05
1.630000770092010498e-05
1.629069447517395020e-05
1.621805131435394287e-05
1.627206802368164062e-05
1.629628241062164307e-05
1.642946153879165649e-05
1.649092882871627808e-05
1.650303602218627930e-05
1.651328057050704956e-05
1.662597060203552246e-05
1.862086355686187744e-05
1.963321119546890259e-05
2.058688551187515259e-05
2.198200672864913940e-05
2.364069223403930664e-05
2.542138099670410156e-05
2.758856862783432007e-05
2.961233258247375488e-05
3.207474946975708008e-05
3.525894135236740112e-05
3.974977880716323853e-05
4.569813609123229980e-05
5.253218114376068115e-05
5.988497287034988403e-05
6.829947233200073242e-05
8.040945976972579956e-05
9.622611105442047119e-05
1.136474311351776123e-04
1.320559531450271606e-04
1.503471285104751587e-04
1.694262027740478516e-04
1.903017982840538025e-04
2.117259427905082703e-04
2.326341345906257629e-04
2.533840015530586243e-04
2.728048712015151978e-04
2.925461158156394958e-04
3.121020272374153137e-04
3.314549103379249573e-04
3.504129126667976379e-04
3.699799999594688416e-04
3.894474357366561890e-04
4.096934571862220764e-04
4.300987347960472107e-04
4.502097144722938538e-04
4.704054445028305054e-04
4.904419183731079102e-04
5.106795579195022583e-04
5.310466513037681580e-04
5.509965121746063232e-04
5.713878199458122253e-04
5.909102037549018860e-04
6.104633212089538574e-04
6.296709179878234863e-04
6.489958614110946655e-04
6.683478131890296936e-04
6.875218823552131653e-04
7.065394893288612366e-04
7.252907380461692810e-04
7.439777255058288574e-04
7.622465491294860840e-04
7.800832390785217285e-04
7.979134097695350647e-04
8.149258792400360107e-04
8.321031928062438965e-04
8.494229987263679504e-04
8.669327944517135620e-04
8.846372365951538086e-04
9.016590192914009094e-04
9.182691574096679688e-04
9.351158514618873596e-04
9.514316916465759277e-04
9.675817564129829407e-04
9.842198342084884644e-04
1.000188291072845459e-03
1.015979796648025513e-03
1.032452099025249481e-03
1.047886908054351807e-03
1.063353382050991058e-03
1.079525798559188843e-03
1.094833016395568848e-03
1.109642907977104187e-03
1.125521026551723480e-03
1.140339300036430359e-03
1.154475845396518707e-03
1.169555820524692535e-03
1.184304244816303253e-03
1.198649406433105469e-03
1.212960109114646912e-03
1.227324828505516052e-03
1.241511665284633636e-03
1.254981383681297302e-03
1.269265078008174896e-03
1.282922923564910889e-03
1.296353526413440704e-03
1.309385523200035095e-03
1.322641037404537201e-03
1.335442997515201569e-03
1.348207704722881317e-03
1.361995935440063477e-03
1.374740153551101685e-03
1.387176103889942169e-03
1.399173401296138763e-03
1.412380486726760864e-03
1.424861140549182892e-03
1.437223516404628754e-03
1.449051313102245331e-03
1.461822539567947388e-03
1.474004238843917847e-03
1.486334949731826782e-03
1.497928053140640259e-03
1.509924419224262238e-03
1.521292142570018768e-03
1.532832160592079163e-03
1.543670892715454102e-03
1.555106602609157562e-03
1.566547900438308716e-03
1.577678136527538300e-03
1.588569954037666321e-03
1.599259674549102783e-03
1.610755920410156250e-03
1.621440052986145020e-03
1.632438041269779205e-03
1.643131487071514130e-03
1.653866842389106750e-03
1.664300449192523956e-03
1.674369908869266510e-03
1.684465445578098297e-03
1.694251783192157745e-03
1.704366877675056458e-03
1.714138314127922058e-03
1.723709516227245331e-03
1.733478158712387085e-03
1.742530614137649536e-03
1.752304844558238983e-03
1.761940307915210724e-03
1.771669834852218628e-03
1.781313680112361908e-03
1.790111884474754333e-03
1.800065860152244568e-03
1.810084097087383270e-03
1.819171942770481110e-03
1.828663982450962067e-03
1.837851479649543762e-03
1.847391948103904724e-03
1.857194118201732635e-03
1.865832135081291199e-03
1.874555833637714386e-03
1.883368939161300659e-03
1.891507767140865326e-03
1.900749281048774719e-03
1.910189166665077209e-03
1.918044872581958771e-03
1.926252618432044983e-03
1.934722065925598145e-03
1.942855305969715118e-03
1.952052116394042969e-03
1.961256377398967743e-03
1.969350501894950867e-03
1.977422274649143219e-03
1.985492184758186340e-03
1.993034034967422485e-03
2.001177519559860229e-03
2.009897492825984955e-03
2.017079852521419525e-03
2.022823318839073181e-03
2.027647569775581360e-03
2.031206153333187103e-03
2.033696509897708893e-03
2.035801298916339874e-03
2.037892118096351624e-03
2.039681188762187958e-03
2.040273509919643402e-03
2.040773630142211914e-03
2.040011808276176453e-03
2.039139159023761749e-03
2.038321457803249359e-03
2.037504687905311584e-03
2.036749385297298431e-03
2.036072313785552979e-03
2.035387791693210602e-03
2.034791745245456696e-03
2.034291625022888184e-03
2.033782191574573517e-03
2.033197320997714996e-03
2.032680436968803406e-03
2.032070420682430267e-03
2.031464129686355591e-03
2.031281590461730957e-03
2.030935138463973999e-03
2.030487172305583954e-03
2.030097879469394684e-03
2.029731869697570801e-03
2.029469236731529236e-03
2.029269002377986908e-03
2.029039897024631500e-03
2.028675749897956848e-03
2.028227783739566803e-03
2.027695067226886749e-03
2.027253620326519012e-03
2.026928588747978210e-03
2.026559785008430481e-03
2.026208676397800446e-03
2.025842666625976562e-03
2.025625668466091156e-03
2.025309950113296509e-03
2.025047317147254944e-03
2.024766057729721069e-03
2.024459652602672577e-03
2.024143002927303314e-03
2.023828215897083282e-03
2.023521810770034790e-03
2.023227512836456299e-03
2.022896893322467804e-03
2.022615633904933929e-03
2.022309228777885437e-03
2.022027969360351562e-03
2.021756023168563843e-03
2.021458931267261505e-03
2.021175809204578400e-03
2.020889893174171448e-03
2.020638436079025269e-03
2.020401880145072937e-03
2.020197920501232147e-03
2.019890584051609039e-03
2.019668929278850555e-03
2.019579522311687469e-03
2.018870785832405090e-03
2.016919665038585663e-03
2.014460042119026184e-03
2.010972239077091217e-03
2.005760557949542999e-03
1.996819861233234406e-03
1.985370181500911713e-03
1.972006633877754211e-03
1.956051215529441833e-03
1.938899978995323181e-03
1.919232308864593506e-03
1.899401657283306122e-03
1.877445727586746216e-03
1.853396184742450714e-03
1.828794367611408234e-03
1.802700571715831757e-03
1.775273121893405914e-03
1.746211200952529907e-03
1.715053804218769073e-03
1.683142036199569702e-03
1.649399287998676300e-03
1.615658402442932129e-03
1.580853015184402466e-03
1.544659025967121124e-03
1.507335342466831207e-03
1.469584181904792786e-03
1.430410891771316528e-03
1.390548422932624817e-03
1.350406557321548462e-03
1.309669576585292816e-03
1.267743296921253204e-03
1.225817948579788208e-03
1.183425076305866241e-03
1.141667366027832031e-03
1.100409775972366333e-03
1.060069538652896881e-03
1.020755618810653687e-03
9.824084118008613586e-04
9.455280378460884094e-04
9.089158847928047180e-04
8.725812658667564392e-04
8.364683017134666443e-04
8.071819320321083069e-04
7.715811952948570251e-04
7.369350641965866089e-04
7.033785805106163025e-04
6.706779822707176208e-04
6.381841376423835754e-04
6.066672503948211670e-04
5.761478096246719360e-04
5.468707531690597534e-04
5.178591236472129822e-04
4.897294566035270691e-04
4.622526466846466064e-04
4.345662891864776611e-04
4.068966954946517944e-04
3.794785588979721069e-04
3.545116633176803589e-04
3.286479040980339050e-04
3.034612163901329041e-04
2.792440354824066162e-04
2.555446699261665344e-04
2.321051433682441711e-04
2.092206850647926331e-04
1.868689432740211487e-04
1.646401360630989075e-04
1.428741961717605591e-04
1.222081482410430908e-04
1.029670238494873047e-04
8.316524326801300049e-05
6.372388452291488647e-05
4.757940769195556641e-05
3.311783075332641602e-05
2.258829772472381592e-05
1.360476016998291016e-05
8.605420589447021484e-06
3.348104655742645264e-06
-2.102926373481750488e-06
-3.629364073276519775e-06
-3.955326974391937256e-06
-6.548129022121429443e-06
-8.006580173969268799e-06
-8.316710591316223145e-06
-8.309260010719299316e-06
-8.293427526950836182e-06
-8.285976946353912354e-06
-8.302740752696990967e-06
-8.303672075271606445e-06
-8.304603397846221924e-06
-8.303672075271606445e-06
-8.296221494674682617e-06
-8.293427526950836182e-06
-8.300878107547760010e-06
-8.301809430122375488e-06
-8.318573236465454102e-06
-8.276663720607757568e-06
