-8.293427526950836182e-06
-8.297152817249298096e-06
-8.285976946353912354e-06
-8.261762559413909912e-06
-8.307397365570068359e-06
-8.291564881801605225e-06
-8.263625204563140869e-06
-8.303672075271606445e-06
-8.317641913890838623e-06
-8.305534720420837402e-06
-8.300878107547760010e-06
-8.303672075271606445e-06
-8.319504559040069580e-06
-8.287839591503143311e-06
-8.296221494674682617e-06
-8.315779268741607666e-06
-8.296221494674682617e-06
-8.304603397846221924e-06
-8.278526365756988525e-06
-8.308328688144683838e-06
-8.311122655868530273e-06
-8.299946784973144531e-06
-8.323229849338531494e-06
-8.326955139636993408e-06
-8.310191333293914795e-06
-8.281320333480834961e-06
-8.292496204376220703e-06
-8.307397365570068359e-06
-8.308328688144683838e-06
-8.297152817249298096e-06
-8.272007107734680176e-06
-8.304603397846221924e-06
-8.287839591503143311e-06
-8.294358849525451660e-06
-8.289702236652374268e-06
-8.284114301204681396e-06
-8.301809430122375488e-06
-8.299015462398529053e-06
-8.261762559413909912e-06
-8.321367204189300537e-06
-8.280389010906219482e-06
-8.302740752696990967e-06
-8.290633559226989746e-06
-8.310191333293914795e-06
-8.285976946353912354e-06
-8.304603397846221924e-06
-8.315779268741607666e-06
-8.308328688144683838e-06
-8.289702236652374268e-06
-5.608424544334411621e-06
-4.276633262634277344e-06
-3.251247107982635498e-06
1.823529601097106934e-06
7.645227015018463135e-06
1.044012606143951416e-05
1.306086778640747070e-05
1.669581979513168335e-05
2.103764563798904419e-05
2.586282789707183838e-05
3.214552998542785645e-05
3.878772258758544922e-05
4.966463893651962280e-05
5.565863102674484253e-05
5.570147186517715454e-05
5.514826625585556030e-05
5.480181425809860229e-05
5.457550287246704102e-05
5.437619984149932861e-05
5.423650145530700684e-05
5.410891026258468628e-05
5.402322858572006226e-05
5.392078310251235962e-05
5.387049168348312378e-05
5.376152694225311279e-05
5.373265594244003296e-05
5.365628749132156372e-05
5.362555384635925293e-05
5.357898771762847900e-05
5.360040813684463501e-05
5.364138633012771606e-05
5.366094410419464111e-05
5.373079329729080200e-05
5.371589213609695435e-05
5.380995571613311768e-05
5.415640771389007568e-05
5.770660936832427979e-05
6.198603659868240356e-05
6.537605077028274536e-05
6.893277168273925781e-05
7.335655391216278076e-05
7.946230471134185791e-05
8.661393076181411743e-05
9.390618652105331421e-05
1.029064878821372986e-04
1.136567443609237671e-04
1.251967623829841614e-04
1.375107094645500183e-04
1.510009169578552246e-04
1.654652878642082214e-04
1.807324588298797607e-04
1.968275755643844604e-04
2.136193215847015381e-04
2.310592681169509888e-04
2.489825710654258728e-04
2.679796889424324036e-04
2.872971817851066589e-04
3.073923289775848389e-04
3.280863165855407715e-04
3.495113924145698547e-04
3.716396167874336243e-04
3.949115052819252014e-04
4.193289205431938171e-04
4.446879029273986816e-04
4.714271053671836853e-04
4.992485046386718750e-04
5.276184529066085815e-04
5.579153075814247131e-04
5.889646708965301514e-04
6.202701479196548462e-04
6.527146324515342712e-04
6.855512037873268127e-04
7.181968539953231812e-04
7.518101483583450317e-04
7.847407832741737366e-04
8.162036538124084473e-04
8.462751284241676331e-04
8.749719709157943726e-04
9.018955752253532410e-04
9.270533919334411621e-04
9.515257552266120911e-04
9.741578251123428345e-04
9.963307529687881470e-04
1.016869209706783295e-03
1.036371104419231415e-03
1.054820604622364044e-03
1.072253100574016571e-03
1.088321208953857422e-03
1.102712005376815796e-03
1.115073449909687042e-03
1.127492636442184448e-03
1.139312051236629486e-03
1.150062307715415955e-03
1.160816289484500885e-03
1.170364208519458771e-03
1.179579645395278931e-03
1.187741756439208984e-03
1.196121796965599060e-03
1.202827319502830505e-03
1.208929345011711121e-03
1.214448362588882446e-03
1.218658871948719025e-03
1.221813261508941650e-03
1.225235871970653534e-03
1.227885484695434570e-03
1.229636371135711670e-03
1.230993308126926422e-03
1.230819150805473328e-03
1.229902729392051697e-03
1.229132525622844696e-03
1.228495500981807709e-03
1.227935776114463806e-03
1.227464526891708374e-03
1.227022148668766022e-03
1.226557418704032898e-03
1.226197928190231323e-03
1.225821673870086670e-03
1.225477084517478943e-03
1.225143671035766602e-03
1.224873587489128113e-03
1.224569976329803467e-03
1.224312931299209595e-03
1.224035397171974182e-03
1.223783008754253387e-03
1.223561353981494904e-03
1.223334111273288727e-03
1.223107799887657166e-03
1.222900114953517914e-03
1.222657039761543274e-03
1.222449354827404022e-03
1.222192309796810150e-03
1.221831887960433960e-03
1.218582503497600555e-03
1.212909817695617676e-03
1.204264350235462189e-03
1.193729229271411896e-03
1.183917745947837830e-03
1.174873672425746918e-03
1.165229827165603638e-03
1.155623234808444977e-03
1.147900708019733429e-03
1.140008680522441864e-03
1.131027936935424805e-03
1.122742891311645508e-03
1.115355640649795532e-03
1.107745803892612457e-03
1.099461689591407776e-03
1.091958023607730865e-03
1.084631308913230896e-03
1.076230779290199280e-03
1.068073324859142303e-03
1.061124727129936218e-03
1.053815707564353943e-03
1.045680604875087738e-03
1.038275659084320068e-03
1.031318679451942444e-03
1.023410819470882416e-03
1.015557907521724701e-03
1.009065657854080200e-03
1.002103090286254883e-03
9.942855685949325562e-04
9.870165959000587463e-04
9.798891842365264893e-04
9.720623493194580078e-04
9.641237556934356689e-04
9.573940187692642212e-04
9.505478665232658386e-04
9.430376812815666199e-04
9.362120181322097778e-04
9.295810014009475708e-04
9.222608059644699097e-04
9.148046374320983887e-04
9.085061028599739075e-04
9.017996490001678467e-04
8.944524452090263367e-04
8.875848725438117981e-04
8.807918056845664978e-04
8.735349401831626892e-04
8.660191670060157776e-04
8.596405386924743652e-04
8.530104532837867737e-04
8.457452058792114258e-04
8.390983566641807556e-04
8.326424285769462585e-04
8.258102461695671082e-04
8.187377825379371643e-04
8.125770837068557739e-04
8.062524721026420593e-04
7.993243634700775146e-04
7.925964891910552979e-04
7.859729230403900146e-04
7.791155949234962463e-04
7.721260190010070801e-04
7.660249248147010803e-04
7.597748190164566040e-04
7.528867572546005249e-04
7.464578375220298767e-04
7.400801405310630798e-04
7.332237437367439270e-04
7.265806198120117188e-04
7.210578769445419312e-04
7.149754092097282410e-04
7.083974778652191162e-04
7.021622732281684875e-04
6.959959864616394043e-04
6.894106045365333557e-04
6.826976314187049866e-04
6.768871098756790161e-04
6.709443405270576477e-04
6.645070388913154602e-04
6.585875526070594788e-04
6.527323275804519653e-04
6.471397355198860168e-04
6.437655538320541382e-04
6.406996399164199829e-04
6.344728171825408936e-04
6.251512095332145691e-04
6.170347332954406738e-04
6.144549697637557983e-04
6.112745031714439392e-04
6.051622331142425537e-04
5.996553227305412292e-04
5.941418930888175964e-04
5.878964439034461975e-04
5.819126963615417480e-04
5.764123052358627319e-04
5.709873512387275696e-04
5.652094259858131409e-04
5.601085722446441650e-04
5.553457885980606079e-04
5.499068647623062134e-04
5.445526912808418274e-04
5.395449697971343994e-04
5.344944074749946594e-04
5.292147397994995117e-04
5.239928141236305237e-04
5.195643752813339233e-04
5.146330222487449646e-04
5.094697698950767517e-04
5.042962729930877686e-04
4.997821524739265442e-04
4.949672147631645203e-04
4.898943006992340088e-04
4.853690043091773987e-04
4.811426624655723572e-04
4.766797646880149841e-04
4.719523712992668152e-04
4.671951755881309509e-04
4.631849005818367004e-04
4.584752023220062256e-04
4.538288339972496033e-04
4.490129649639129639e-04
4.450269043445587158e-04
4.405481740832328796e-04
4.358692094683647156e-04
4.314715042710304260e-04
4.276055842638015747e-04
4.238728433847427368e-04
4.195412620902061462e-04
4.152804613113403320e-04
4.114396870136260986e-04
4.073446616530418396e-04
4.030447453260421753e-04
3.983760252594947815e-04
3.944057971239089966e-04
3.910642117261886597e-04
3.872532397508621216e-04
3.830911591649055481e-04
3.790725022554397583e-04
3.752019256353378296e-04
3.715138882398605347e-04
3.674849867820739746e-04
3.630118444561958313e-04
3.593778237700462341e-04
3.555752336978912354e-04
3.516962751746177673e-04
3.476226702332496643e-04
3.438675776124000549e-04
3.406591713428497314e-04
3.371285274624824524e-04
3.330549225211143494e-04
3.291862085461616516e-04
3.258092328906059265e-04
3.222040832042694092e-04
3.186063840985298157e-04
3.147441893815994263e-04
3.110421821475028992e-04
3.079464659094810486e-04
3.046467900276184082e-04
3.006560727953910828e-04
2.967342734336853027e-04
2.931542694568634033e-04
2.894988283514976501e-04
2.858983352780342102e-04
2.818964421749114990e-04
2.785688266158103943e-04
2.756398171186447144e-04
2.720877528190612793e-04
2.681808546185493469e-04
2.647303044795989990e-04
2.615461125969886780e-04
2.584187313914299011e-04
2.553295344114303589e-04
2.517737448215484619e-04
2.489127218723297119e-04
2.463208511471748352e-04
2.430072054266929626e-04
2.392297610640525818e-04
2.357643097639083862e-04
2.325875684618949890e-04
2.295346930623054504e-04
2.263179048895835876e-04
2.227080985903739929e-04
2.199169248342514038e-04
2.168100327253341675e-04
2.134479582309722900e-04
2.097878605127334595e-04
2.066167071461677551e-04
2.040937542915344238e-04
2.011414617300033569e-04
1.981128007173538208e-04
1.953709870576858521e-04
1.929467543959617615e-04
1.902915537357330322e-04
1.873150467872619629e-04
1.839026808738708496e-04
1.806477084755897522e-04
1.778202131390571594e-04
1.744292676448822021e-04
1.710802316665649414e-04
1.680301502346992493e-04
1.656040549278259277e-04
1.630652695894241333e-04
1.595746725797653198e-04
1.559974625706672668e-04
1.529539003968238831e-04
1.498078927397727966e-04
1.465426757931709290e-04
1.430101692676544189e-04
1.403940841555595398e-04
1.376643776893615723e-04
1.344457268714904785e-04
1.307083293795585632e-04
1.275027170777320862e-04
1.245979219675064087e-04
1.212088391184806824e-04
1.176921650767326355e-04
1.143328845500946045e-04
1.116357743740081787e-04
1.083193346858024597e-04
1.045558601617813110e-04
1.009237021207809448e-04
9.782891720533370972e-05
9.441189467906951904e-05
9.078066796064376831e-05
8.730869740247726440e-05
8.447561413049697876e-05
8.124206215143203735e-05
7.742457091808319092e-05
7.375888526439666748e-05
7.074046880006790161e-05
6.750971078872680664e-05
6.425753235816955566e-05
6.123725324869155884e-05
5.900301039218902588e-05
5.643814802169799805e-05
5.350820720195770264e-05
5.075149238109588623e-05
4.854612052440643311e-05
4.609022289514541626e-05
4.372373223304748535e-05
4.152115434408187866e-05
3.985781222581863403e-05
3.788154572248458862e-05
3.582146018743515015e-05
3.395229578018188477e-05
3.242865204811096191e-05
3.084540367126464844e-05
2.904795110225677490e-05
1.895427703857421875e-05
8.574686944484710693e-06
3.926455974578857422e-06
-2.216547727584838867e-07
-1.581385731697082520e-06
-5.476176738739013672e-06
-7.284805178642272949e-06
-8.311122655868530273e-06
-8.299946784973144531e-06
-8.327886462211608887e-06
-8.300878107547760010e-06
-8.322298526763916016e-06
-8.312053978443145752e-06
-8.292496204376220703e-06
-8.294358849525451660e-06
-8.312985301017761230e-06
-8.305534720420837402e-06
-8.325092494487762451e-06
-8.322298526763916016e-06
