-4.527159035205841064e-06
-4.545785486698150635e-06
-4.523433744907379150e-06
-4.513189196586608887e-06
-4.526227712631225586e-06
-4.549510776996612549e-06
-4.529953002929687500e-06
-4.488043487071990967e-06
-4.556961357593536377e-06
-4.526227712631225586e-06
-4.537403583526611328e-06
-4.518777132034301758e-06
-4.511326551437377930e-06
-4.532746970653533936e-06
-4.536472260951995850e-06
-4.548579454421997070e-06
-4.528090357780456543e-06
-4.564411938190460205e-06
-4.528090357780456543e-06
-4.519708454608917236e-06
-4.536472260951995850e-06
-4.545785486698150635e-06
-4.525296390056610107e-06
-4.497356712818145752e-06
-4.541128873825073242e-06
-4.516914486885070801e-06
-4.516914486885070801e-06
-4.519708454608917236e-06
-4.512257874011993408e-06
-4.486180841922760010e-06
-4.515983164310455322e-06
-4.505738615989685059e-06
-4.508532583713531494e-06
-4.530884325504302979e-06
-4.526227712631225586e-06
-4.500150680541992188e-06
-4.501082003116607666e-06
-4.506669938564300537e-06
-4.505738615989685059e-06
-4.526227712631225586e-06
-4.531815648078918457e-06
-4.511326551437377930e-06
-4.505738615989685059e-06
-4.535540938377380371e-06
-4.523433744907379150e-06
-4.529021680355072021e-06
-4.533678293228149414e-06
-4.530884325504302979e-06
-4.520639777183532715e-06
-3.750436007976531982e-06
-1.545995473861694336e-07
1.274980604648590088e-06
5.039386451244354248e-06
1.312512904405593872e-05
1.793075352907180786e-05
2.194009721279144287e-05
2.422556281089782715e-05
3.124400973320007324e-05
3.674905747175216675e-05
4.426389932632446289e-05
5.212333053350448608e-05
6.390083581209182739e-05
7.596332579851150513e-05
7.977057248353958130e-05
7.898639887571334839e-05
7.839873433113098145e-05
7.806532084941864014e-05
7.780734449625015259e-05
7.759407162666320801e-05
7.740315049886703491e-05
7.726252079010009766e-05
7.715355604887008667e-05
7.703993469476699829e-05
7.694214582443237305e-05
7.685087621212005615e-05
7.675960659980773926e-05
7.669348269701004028e-05
7.662363350391387939e-05
7.665157318115234375e-05
7.668137550354003906e-05
7.673725485801696777e-05
7.678195834159851074e-05
7.681082934141159058e-05
7.687602192163467407e-05
7.707718759775161743e-05
7.932540029287338257e-05
8.477736264467239380e-05
9.000767022371292114e-05
9.413156658411026001e-05
9.941030293703079224e-05
1.061158254742622375e-04
1.149345189332962036e-04
1.244703307747840881e-04
1.347688958048820496e-04
1.478046178817749023e-04
1.626722514629364014e-04
1.781471073627471924e-04
1.949220895767211914e-04
2.133129164576530457e-04
2.328250557184219360e-04
2.535087987780570984e-04
2.748267725110054016e-04
2.974541857838630676e-04
3.204494714736938477e-04
3.448063507676124573e-04
3.697928041219711304e-04
3.955997526645660400e-04
4.224264994263648987e-04
4.499759525060653687e-04
4.784939810633659363e-04
5.080141127109527588e-04
5.395207554101943970e-04
5.719363689422607422e-04
6.060535088181495667e-04
6.419969722628593445e-04
6.785811856389045715e-04
7.169721648097038269e-04
7.573170587420463562e-04
7.982589304447174072e-04
8.395882323384284973e-04
8.827559649944305420e-04
9.258054196834564209e-04
9.686676785349845886e-04
1.012636348605155945e-03
1.055181026458740234e-03
1.095223240554332733e-03
1.133983954787254333e-03
1.170031726360321045e-03
1.204622909426689148e-03
1.237186603248119354e-03
1.267843879759311676e-03
1.297438517212867737e-03
1.325129531323909760e-03
1.351594924926757812e-03
1.376168802380561829e-03
1.399918459355831146e-03
1.421703025698661804e-03
1.442112959921360016e-03
1.459491439163684845e-03
1.475384458899497986e-03
1.491354778409004211e-03
1.506303437054157257e-03
1.520154066383838654e-03
1.533733680844306946e-03
1.546082086861133575e-03
1.557369716465473175e-03
1.568131148815155029e-03
1.578325405716896057e-03
1.586219295859336853e-03
1.594250090420246124e-03
1.600411720573902130e-03
1.605647616088390350e-03
1.609830185770988464e-03
1.614373177289962769e-03
1.617352478206157684e-03
1.617832109332084656e-03
1.619786024093627930e-03
1.618617214262485504e-03
1.617526635527610779e-03
1.616646535694599152e-03
1.615861430764198303e-03
1.615213230252265930e-03
1.614622771739959717e-03
1.614000648260116577e-03
1.613534055650234222e-03
1.613007858395576477e-03
1.612573862075805664e-03
1.612116582691669464e-03
1.611710526049137115e-03
1.611313782632350922e-03
1.610973849892616272e-03
1.610631123185157776e-03
1.610283739864826202e-03
1.609984785318374634e-03
1.609675586223602295e-03
1.609379425644874573e-03
1.609086990356445312e-03
1.608809456229209900e-03
1.608509570360183716e-03
1.608221791684627533e-03
1.607906073331832886e-03
1.606330275535583496e-03
1.600312069058418274e-03
1.590811647474765778e-03
1.578196883201599121e-03
1.564307138323783875e-03
1.552414149045944214e-03
1.540327444672584534e-03
1.527323387563228607e-03
1.516208983957767487e-03
1.506105996668338776e-03
1.495238393545150757e-03
1.483498141169548035e-03
1.473416574299335480e-03
1.463920809328556061e-03
1.453309319913387299e-03
1.442883163690567017e-03
1.433477737009525299e-03
1.423310488462448120e-03
1.412024721503257751e-03
1.402255147695541382e-03
1.393350772559642792e-03
1.382986083626747131e-03
1.372695900499820709e-03
1.363598741590976715e-03
1.353954896330833435e-03
1.343316398561000824e-03
1.333948224782943726e-03
1.325508579611778259e-03
1.315735280513763428e-03
1.305670477449893951e-03
1.296506263315677643e-03
1.286748796701431274e-03
1.276194117963314056e-03
1.266613602638244629e-03
1.257964409887790680e-03
1.248525455594062805e-03
1.238950528204441071e-03
1.230398193001747131e-03
1.221297308802604675e-03
1.211424358189105988e-03
1.202481798827648163e-03
1.194102689623832703e-03
1.184940338134765625e-03
1.175388693809509277e-03
1.166693866252899170e-03
1.157529652118682861e-03
1.147715374827384949e-03
1.138637773692607880e-03
1.130216754972934723e-03
1.121132634580135345e-03
1.111804507672786713e-03
1.103421673178672791e-03
1.094819977879524231e-03
1.085566356778144836e-03
1.076865941286087036e-03
1.068802550435066223e-03
1.060236245393753052e-03
1.051113009452819824e-03
1.042488962411880493e-03
1.033704727888107300e-03
1.024489291012287140e-03
1.015854068100452423e-03
1.007939688861370087e-03
9.993705898523330688e-04
9.904606267809867859e-04
9.822724387049674988e-04
9.736018255352973938e-04
9.645344689488410950e-04
9.566722437739372253e-04
9.492207318544387817e-04
9.409496560692787170e-04
9.323079138994216919e-04
9.244065731763839722e-04
9.160470217466354370e-04
9.071761742234230042e-04
8.989302441477775574e-04
8.914005011320114136e-04
8.833352476358413696e-04
8.750399574637413025e-04
8.674664422869682312e-04
8.597113192081451416e-04
8.535906672477722168e-04
8.504735305905342102e-04
8.435687050223350525e-04
8.349698036909103394e-04
8.200304582715034485e-04
8.142963051795959473e-04
8.129961788654327393e-04
8.049923926591873169e-04
7.976647466421127319e-04
7.904171943664550781e-04
7.828436791896820068e-04
7.745390757918357849e-04
7.670624181628227234e-04
7.600644603371620178e-04
7.526073604822158813e-04
7.452573627233505249e-04
7.391562685370445251e-04
7.323678582906723022e-04
7.251594215631484985e-04
7.184650748968124390e-04
7.118126377463340759e-04
7.051862776279449463e-04
6.981110200285911560e-04
6.918003782629966736e-04
6.857234984636306763e-04
6.791958585381507874e-04
6.722211837768554688e-04
6.658844649791717529e-04
6.599836051464080811e-04
6.533293053507804871e-04
6.470056250691413879e-04
6.410786882042884827e-04
6.357347592711448669e-04
6.296383216977119446e-04
6.233314052224159241e-04
6.175693124532699585e-04
6.118714809417724609e-04
6.058905273675918579e-04
5.994774401187896729e-04
5.937665700912475586e-04
5.880575627088546753e-04
5.824239924550056458e-04
5.760118365287780762e-04
5.710199475288391113e-04
5.659256130456924438e-04
5.604978650808334351e-04
5.549984052777290344e-04
5.492912605404853821e-04
5.443254485726356506e-04
5.391323938965797424e-04
5.329353734850883484e-04
5.273502320051193237e-04
5.224747583270072937e-04
5.175862461328506470e-04
5.127508193254470825e-04
5.070809274911880493e-04
5.020704120397567749e-04
4.973746836185455322e-04
4.920028150081634521e-04
4.865182563662528992e-04
4.809601232409477234e-04
4.761526361107826233e-04
4.714271053671836853e-04
4.659183323383331299e-04
4.608295857906341553e-04
4.563480615615844727e-04
4.517193883657455444e-04
4.468429833650588989e-04
4.416769370436668396e-04
4.366021603345870972e-04
4.322603344917297363e-04
4.278467968106269836e-04
4.226118326187133789e-04
4.177354276180267334e-04
4.134308546781539917e-04
4.090508446097373962e-04
4.042387008666992188e-04
3.991099074482917786e-04
3.938935697078704834e-04
3.894539549946784973e-04
3.848103806376457214e-04
3.795381635427474976e-04
3.749085590243339539e-04
3.707706928253173828e-04
3.663739189505577087e-04
3.617070615291595459e-04
3.565782681107521057e-04
3.522066399455070496e-04
3.484617918729782104e-04
3.442568704485893250e-04
3.396635875105857849e-04
3.357147797942161560e-04
3.320630639791488647e-04
3.279978409409523010e-04
3.236168995499610901e-04
3.186129033565521240e-04
3.142394125461578369e-04
3.105094656348228455e-04
3.061946481466293335e-04
3.016842529177665710e-04
2.973796799778938293e-04
2.935482189059257507e-04
2.895304933190345764e-04
2.847174182534217834e-04
2.802042290568351746e-04
2.763206139206886292e-04
2.728123217821121216e-04
2.691783010959625244e-04
2.649547532200813293e-04
2.615945413708686829e-04
2.586478367447853088e-04
2.549793571233749390e-04
2.504689618945121765e-04
2.461737021803855896e-04
2.422258257865905762e-04
2.379920333623886108e-04
2.337219193577766418e-04
2.291975542902946472e-04
2.260077744722366333e-04
2.227891236543655396e-04
2.186251804232597351e-04
2.140346914529800415e-04
2.094144001603126526e-04
2.057179808616638184e-04
2.013389021158218384e-04
1.968285068869590759e-04
1.926375553011894226e-04
1.892428845167160034e-04
1.856163144111633301e-04
1.807790249586105347e-04
1.762546598911285400e-04
1.720897853374481201e-04
1.681298017501831055e-04
1.636268571019172668e-04
1.589469611644744873e-04
1.550931483507156372e-04
1.510847359895706177e-04
1.465845853090286255e-04
1.413896679878234863e-04
1.372992992401123047e-04
1.328093931078910828e-04
1.283539459109306335e-04
1.233853399753570557e-04
1.195473596453666687e-04
1.154951751232147217e-04
1.109847798943519592e-04
1.057554036378860474e-04
1.015700399875640869e-04
9.730830788612365723e-05
9.322818368673324585e-05
8.881650865077972412e-05
8.563790470361709595e-05
8.239224553108215332e-05
7.888581603765487671e-05
7.493235170841217041e-05
7.183942943811416626e-05
6.863940507173538208e-05
6.555672734975814819e-05
6.244890391826629639e-05
5.998369306325912476e-05
5.760136991739273071e-05
5.494337528944015503e-05
5.233380943536758423e-05
5.012564361095428467e-05
4.813633859157562256e-05
4.592537879943847656e-05
3.990437835454940796e-05
2.363603562116622925e-05
1.366250216960906982e-05
7.297843694686889648e-06
5.590729415416717529e-06
1.993030309677124023e-06
-1.332722604274749756e-06
-4.091300070285797119e-06
-4.467554390430450439e-06
-4.493631422519683838e-06
-4.523433744907379150e-06
-4.502013325691223145e-06
-4.493631422519683838e-06
-4.485249519348144531e-06
-4.477798938751220703e-06
-4.516914486885070801e-06
-4.470348358154296875e-06
-4.471279680728912354e-06
-4.499219357967376709e-06
-4.492700099945068359e-06
