-8.310191333293914795e-06
-8.305534720420837402e-06
-8.282251656055450439e-06
-8.320435881614685059e-06
-8.278526365756988525e-06
-8.283182978630065918e-06
-8.291564881801605225e-06
-8.297152817249298096e-06
-8.312985301017761230e-06
-8.313916623592376709e-06
-6.641261279582977295e-06
-5.379319190979003906e-06
-3.864988684654235840e-06
-3.128312528133392334e-06
-2.714805305004119873e-06
-2.246350049972534180e-06
-1.902692019939422607e-06
-1.215375959873199463e-06
-5.448237061500549316e-07
-1.024454832077026367e-07
6.565824151039123535e-07
2.706423401832580566e-06
3.925524652004241943e-06
5.053356289863586426e-06
6.267800927162170410e-06
7.214955985546112061e-06
8.252449333667755127e-06
9.203329682350158691e-06
1.061800867319107056e-05
1.255795359611511230e-05
1.431815326213836670e-05
1.584459096193313599e-05
1.783762127161026001e-05
2.013985067605972290e-05
2.231542021036148071e-05
2.480205148458480835e-05
2.719461917877197266e-05
3.006402403116226196e-05
3.508385270833969116e-05
4.313234239816665649e-05
5.447864532470703125e-05
7.047597318887710571e-05
1.012152060866355896e-04
1.384243369102478027e-04
1.809475943446159363e-04
2.243639901280403137e-04
2.702809870243072510e-04
3.201700747013092041e-04
3.732107579708099365e-04
4.299497231841087341e-04
4.886528477072715759e-04
5.467431619763374329e-04
6.044711917638778687e-04
6.612595170736312866e-04
7.179696112871170044e-04
7.736580446362495422e-04
8.282847702503204346e-04
8.818414062261581421e-04
9.334124624729156494e-04
9.837727993726730347e-04
1.032789237797260284e-03
1.081462949514389038e-03
1.129903830587863922e-03
1.178022474050521851e-03
1.225396059453487396e-03
1.271334476768970490e-03
1.316462643444538116e-03
1.361037604510784149e-03
1.405471935868263245e-03
1.449489966034889221e-03
1.492983661592006683e-03
1.535920426249504089e-03
1.570180989801883698e-03
1.565691083669662476e-03
1.552174799144268036e-03
1.535180024802684784e-03
1.517425291240215302e-03
1.500323414802551270e-03
1.484584994614124298e-03
1.470400020480155945e-03
1.455531455576419830e-03
1.441051252186298370e-03
1.426164060831069946e-03
1.411725766956806183e-03
1.396692357957363129e-03
1.382447779178619385e-03
1.368055120110511780e-03
1.354007050395011902e-03
1.339499838650226593e-03
1.325557939708232880e-03
1.311616972088813782e-03
1.298065297305583954e-03
1.283698715269565582e-03
1.269895583391189575e-03
1.256277784705162048e-03
1.243188045918941498e-03
1.229434274137020111e-03
1.216054894030094147e-03
1.202578656375408173e-03
1.189442351460456848e-03
1.175747253000736237e-03
1.162697561085224152e-03
1.149910502135753632e-03
1.137336716055870056e-03
1.124314963817596436e-03
1.111467368900775909e-03
1.098595559597015381e-03
1.086291857063770294e-03
1.073352992534637451e-03
1.060692593455314636e-03
1.047792844474315643e-03
1.035493798553943634e-03
1.022676005959510803e-03
1.009970903396606445e-03
9.973449632525444031e-04
9.855190292000770569e-04
9.729675948619842529e-04
9.605064988136291504e-04
9.477110579609870911e-04
9.359400719404220581e-04
9.238263592123985291e-04
9.119072929024696350e-04
8.993651717901229858e-04
8.875774219632148743e-04
8.753985166549682617e-04
8.634012192487716675e-04
8.507985621690750122e-04
8.392818272113800049e-04
8.275378495454788208e-04
8.162781596183776855e-04
8.045928552746772766e-04
7.935874164104461670e-04
7.822485640645027161e-04
7.709600031375885010e-04
7.591191679239273071e-04
7.475847378373146057e-04
7.364302873611450195e-04
7.253428921103477478e-04
7.141875103116035461e-04
7.030246779322624207e-04
6.922064349055290222e-04
6.811656057834625244e-04
6.700344383716583252e-04
6.590094417333602905e-04
6.486196070909500122e-04
6.378637626767158508e-04
6.270371377468109131e-04
6.159953773021697998e-04
6.058607250452041626e-04
5.953777581453323364e-04
5.851117894053459167e-04
5.740821361541748047e-04
5.641607567667961121e-04
5.537597462534904480e-04
5.438774824142456055e-04
5.331933498382568359e-04
5.235560238361358643e-04
5.147410556674003601e-04
5.096970126032829285e-04
4.922784864902496338e-04
4.836497828364372253e-04
4.739658907055854797e-04
4.695067182183265686e-04
4.606619477272033691e-04
4.512956365942955017e-04
4.419116303324699402e-04
4.334496334195137024e-04
4.250593483448028564e-04
4.164185374975204468e-04
4.073660820722579956e-04
3.980034962296485901e-04
3.905743360519409180e-04
3.824979066848754883e-04
3.737565129995346069e-04
3.646081313490867615e-04
3.563035279512405396e-04
3.477437421679496765e-04
3.394419327378273010e-04
3.308914601802825928e-04
3.235368058085441589e-04
3.160787746310234070e-04
3.085993230342864990e-04
3.011571243405342102e-04
2.936944365501403809e-04
2.869209274649620056e-04
2.798764035105705261e-04
2.728709951043128967e-04
2.655563876032829285e-04
2.590613439679145813e-04
2.523586153984069824e-04
2.455264329910278320e-04
2.393452450633049011e-04
2.329945564270019531e-04
2.273414283990859985e-04
2.213912084698677063e-04
2.154968678951263428e-04
2.099359408020973206e-04
2.038562670350074768e-04
1.984555274248123169e-04
1.928256824612617493e-04
1.873439177870750427e-04
1.820120960474014282e-04
1.765228807926177979e-04
1.717731356620788574e-04
1.667486503720283508e-04
1.617372035980224609e-04
1.571327447891235352e-04
1.520719379186630249e-04
1.474982127547264099e-04
1.431182026863098145e-04
1.382250338792800903e-04
1.336857676506042480e-04
1.290664076805114746e-04
1.245308667421340942e-04
1.204162836074829102e-04
1.159403473138809204e-04
1.115305349230766296e-04
1.072036102414131165e-04
1.025376841425895691e-04
9.856931865215301514e-05
9.449664503335952759e-05
9.015947580337524414e-05
8.637923747301101685e-05
8.229445666074752808e-05
7.836148142814636230e-05
7.485505193471908569e-05
7.096212357282638550e-05
6.732344627380371094e-05
6.393063813447952271e-05
6.063655018806457520e-05
5.798228085041046143e-05
5.522556602954864502e-05
5.244463682174682617e-05
4.987232387065887451e-05
4.715844988822937012e-05
4.477333277463912964e-05
4.264060407876968384e-05
4.038400948047637939e-05
3.846455365419387817e-05
3.653485327959060669e-05
3.483332693576812744e-05
3.373343497514724731e-05
3.283470869064331055e-05
3.233272582292556763e-05
3.207102417945861816e-05
3.194436430931091309e-05
3.191549330949783325e-05
3.187544643878936768e-05
3.176461905241012573e-05
3.158021718263626099e-05
3.125797957181930542e-05
3.080908209085464478e-05
3.035459667444229126e-05
2.995226532220840454e-05
2.946332097053527832e-05
2.899859100580215454e-05
2.862513065338134766e-05
2.829451113939285278e-05
2.809148281812667847e-05
2.786889672279357910e-05
2.774875611066818237e-05
2.750940620899200439e-05
2.698879688978195190e-05
2.643000334501266479e-05
2.566725015640258789e-05
2.469122409820556641e-05
2.348795533180236816e-05
2.218037843704223633e-05
2.111867070198059082e-05
2.012122422456741333e-05
1.920480281114578247e-05
1.794751733541488647e-05
1.623947173357009888e-05
1.548044383525848389e-05
1.468509435653686523e-05
1.383665949106216431e-05
1.318100839853286743e-05
1.257192343473434448e-05
1.176353543996810913e-05
1.097004860639572144e-05
1.019332557916641235e-05
9.635463356971740723e-06
8.898787200450897217e-06
8.399598300457000732e-06
8.001923561096191406e-06
7.520429790019989014e-06
7.219612598419189453e-06
6.778165698051452637e-06
6.450340151786804199e-06
6.184913218021392822e-06
5.850568413734436035e-06
5.621463060379028320e-06
5.303882062435150146e-06
4.893168807029724121e-06
4.365108907222747803e-06
3.769062459468841553e-06
3.331340849399566650e-06
2.835877239704132080e-06
2.584420144557952881e-06
2.324581146240234375e-06
1.716427505016326904e-06
1.121312379837036133e-06
5.876645445823669434e-07
6.891787052154541016e-08
-3.520399332046508789e-07
-6.435438990592956543e-07
-9.210780262947082520e-07
-1.241452991962432861e-06
-1.533888280391693115e-06
-1.887790858745574951e-06
-2.188608050346374512e-06
-2.521090209484100342e-06
-2.813525497913360596e-06
-3.105960786342620850e-06
-3.396533429622650146e-06
-3.668479621410369873e-06
-4.038214683532714844e-06
-4.345551133155822754e-06
-4.711560904979705811e-06
-5.017034709453582764e-06
-5.366280674934387207e-06
-5.519017577171325684e-06
-5.580484867095947266e-06
-5.614012479782104492e-06
-5.627982318401336670e-06
-5.677342414855957031e-06
-5.726702511310577393e-06
-5.837529897689819336e-06
-6.001442670822143555e-06
-6.166286766529083252e-06
-6.425194442272186279e-06
-6.604939699172973633e-06
-6.711110472679138184e-06
-6.710179150104522705e-06
-6.811693310737609863e-06
-7.102265954017639160e-06
-7.349066436290740967e-06
-7.621012628078460693e-06
-8.192844688892364502e-06
-8.285045623779296875e-06
-8.287839591503143311e-06
-8.287839591503143311e-06
-8.282251656055450439e-06
-8.270144462585449219e-06
-8.278526365756988525e-06
-8.299015462398529053e-06
-8.267350494861602783e-06
-8.260831236839294434e-06
-8.284114301204681396e-06
-8.310191333293914795e-06
-8.313916623592376709e-06
-8.292496204376220703e-06
-8.267350494861602783e-06
-8.279457688331604004e-06
-8.282251656055450439e-06
-8.290633559226989746e-06
-8.297152817249298096e-06
