-4.765577614307403564e-06
-4.750676453113555908e-06
-4.745088517665863037e-06
-4.767440259456634521e-06
-4.776753485202789307e-06
-4.766508936882019043e-06
-4.768371582031250000e-06
-4.732981324195861816e-06
-4.740431904792785645e-06
-3.050081431865692139e-06
-1.958571374416351318e-06
1.881271600723266602e-07
1.635402441024780273e-06
2.331100404262542725e-06
2.865679562091827393e-06
3.396533429622650146e-06
3.999099135398864746e-06
5.031935870647430420e-06
5.668960511684417725e-06
6.361864507198333740e-06
8.597038686275482178e-06
1.057609915733337402e-05
1.193024218082427979e-05
1.366157084703445435e-05
1.491047441959381104e-05
1.624412834644317627e-05
1.754984259605407715e-05
1.904368400573730469e-05
2.142228186130523682e-05
2.363976091146469116e-05
2.601649612188339233e-05
2.819392830133438110e-05
3.111548721790313721e-05
3.377627581357955933e-05
3.728736191987991333e-05
4.024431109428405762e-05
4.365202039480209351e-05
4.780106246471405029e-05
5.695410072803497314e-05
6.950460374355316162e-05
8.693151175975799561e-05
1.176120713353157043e-04
1.622214913368225098e-04
2.157296985387802124e-04
2.725115045905113220e-04
3.301082178950309753e-04
3.925180062651634216e-04
4.605846479535102844e-04
5.330694839358329773e-04
6.088782101869583130e-04
6.853900849819183350e-04
7.609743624925613403e-04
8.364636451005935669e-04
9.109284728765487671e-04
9.842244908213615417e-04
1.056462526321411133e-03
1.127780415117740631e-03
1.196571625769138336e-03
1.263593323528766632e-03
1.327948644757270813e-03
1.392854377627372742e-03
1.455768011510372162e-03
1.518992707133293152e-03
1.581620424985885620e-03
1.642739400267601013e-03
1.701831817626953125e-03
1.760896295309066772e-03
1.819501630961894989e-03
1.877025701105594635e-03
1.934269443154335022e-03
1.990906894207000732e-03
2.046285197138786316e-03
2.064206637442111969e-03
2.049888484179973602e-03
2.030048519372940063e-03
2.006748691201210022e-03
1.984202302992343903e-03
1.962180249392986298e-03
1.943182200193405151e-03
1.924067735671997070e-03
1.905060373246669769e-03
1.885660924017429352e-03
1.866506412625312805e-03
1.847216859459877014e-03
1.828062348067760468e-03
1.809334382414817810e-03
1.790734939277172089e-03
1.772059127688407898e-03
1.753360964357852936e-03
1.735201105475425720e-03
1.717177219688892365e-03
1.699049957096576691e-03
1.680322922766208649e-03
1.662424765527248383e-03
1.645013689994812012e-03
1.627722755074501038e-03
1.609662547707557678e-03
1.592274755239486694e-03
1.574784517288208008e-03
1.557429321110248566e-03
1.539499498903751373e-03
1.522848382592201233e-03
1.506138592958450317e-03
1.489643007516860962e-03
1.472357660531997681e-03
1.455760560929775238e-03
1.439131796360015869e-03
1.422865316271781921e-03
1.405733637511730194e-03
1.389344222843647003e-03
1.372522674500942230e-03
1.356530934572219849e-03
1.339280046522617340e-03
1.323045231401920319e-03
1.306845806539058685e-03
1.291150227189064026e-03
1.274437643587589264e-03
1.258121803402900696e-03
1.241785474121570587e-03
1.226518303155899048e-03
1.210453920066356659e-03
1.194700598716735840e-03
1.178239472210407257e-03
1.163112930953502655e-03
1.146927475929260254e-03
1.131080090999603271e-03
1.114983111619949341e-03
1.100001856684684753e-03
1.084594987332820892e-03
1.069957390427589417e-03
1.054602675139904022e-03
1.040378585457801819e-03
1.025165431201457977e-03
1.010410487651824951e-03
9.944578632712364197e-04
9.801713749766349792e-04
9.651696309447288513e-04
9.510181844234466553e-04
9.359167888760566711e-04
9.220549836754798889e-04
9.073410183191299438e-04
8.932594209909439087e-04
8.780527859926223755e-04
8.646082133054733276e-04
8.503701537847518921e-04
8.365446701645851135e-04
8.216435089707374573e-04
8.082278072834014893e-04
7.943380624055862427e-04
7.810480892658233643e-04
7.668957114219665527e-04
7.532881572842597961e-04
7.398566231131553650e-04
7.267156615853309631e-04
7.131407037377357483e-04
6.999354809522628784e-04
6.867330521345138550e-04
6.794361397624015808e-04
6.661470979452133179e-04
6.468649953603744507e-04
6.346646696329116821e-04
6.242301315069198608e-04
6.175488233566284180e-04
6.046276539564132690e-04
5.925782024860382080e-04
5.805389955639839172e-04
5.697496235370635986e-04
5.585746839642524719e-04
5.470989271998405457e-04
5.339737981557846069e-04
5.245078355073928833e-04
5.135517567396163940e-04
5.027046427130699158e-04
4.906505346298217773e-04
4.793740808963775635e-04
4.683956503868103027e-04
4.572123289108276367e-04
4.460820928215980530e-04
4.356149584054946899e-04
4.261219874024391174e-04
4.159919917583465576e-04
4.066126421093940735e-04
3.964230418205261230e-04
3.872355446219444275e-04
3.782846033573150635e-04
3.688596189022064209e-04
3.596311435103416443e-04
3.503644838929176331e-04
3.419434651732444763e-04
3.328239545226097107e-04
3.243777900934219360e-04
3.161085769534111023e-04
3.082295879721641541e-04
3.007659688591957092e-04
2.927780151367187500e-04
2.854540944099426270e-04
2.777157351374626160e-04
2.701515331864356995e-04
2.630427479743957520e-04
2.555213868618011475e-04
2.485709264874458313e-04
2.413671463727951050e-04
2.346104010939598083e-04
2.283686771988868713e-04
2.215690910816192627e-04
2.153497189283370972e-04
2.090400084853172302e-04
2.024965360760688782e-04
1.968471333384513855e-04
1.907367259263992310e-04
1.844149082899093628e-04
1.785736531019210815e-04
1.723682507872581482e-04
1.668184995651245117e-04
1.611933112144470215e-04
1.552123576402664185e-04
1.495899632573127747e-04
1.435820013284683228e-04
1.379391178488731384e-04
1.327879726886749268e-04
1.270575448870658875e-04
1.217676326632499695e-04
1.167114824056625366e-04
1.112073659896850586e-04
1.065013930201530457e-04
1.016901805996894836e-04
9.652413427829742432e-05
9.209569543600082397e-05
8.755642920732498169e-05
8.370727300643920898e-05
8.021946996450424194e-05
7.646717131137847900e-05
7.306318730115890503e-05
6.955862045288085938e-05
6.607361137866973877e-05
6.326008588075637817e-05
6.034970283508300781e-05
5.754828453063964844e-05
5.508866161108016968e-05
5.255825817584991455e-05
5.079712718725204468e-05
4.946440458297729492e-05
4.852376878261566162e-05
4.806555807590484619e-05
4.782993346452713013e-05
4.773400723934173584e-05
4.767812788486480713e-05
4.758127033710479736e-05
4.740431904792785645e-05
4.710070788860321045e-05
4.655122756958007812e-05
4.594121128320693970e-05
4.541128873825073242e-05
4.475098103284835815e-05
4.419591277837753296e-05
4.357285797595977783e-05
4.311464726924896240e-05
4.276446998119354248e-05
4.251301288604736328e-05
4.230253398418426514e-05
4.211440682411193848e-05
4.159472882747650146e-05
4.083197563886642456e-05
4.004407674074172974e-05
3.883149474859237671e-05
3.746896982192993164e-05
3.569293767213821411e-05
3.420375287532806396e-05
3.284402191638946533e-05
3.155134618282318115e-05
3.031454980373382568e-05
2.809427678585052490e-05
2.654734998941421509e-05
2.559460699558258057e-05
2.445653080940246582e-05
2.346932888031005859e-05
2.263952046632766724e-05
2.167094498872756958e-05
2.067722380161285400e-05
1.959595829248428345e-05
1.878570765256881714e-05
1.789536327123641968e-05
1.703761518001556396e-05
1.651234924793243408e-05
1.591350883245468140e-05
1.540221273899078369e-05
1.495517790317535400e-05
1.438427716493606567e-05
1.400336623191833496e-05
1.360476016998291016e-05
1.324620097875595093e-05
1.290440559387207031e-05
1.243501901626586914e-05
1.179613173007965088e-05
1.101661473512649536e-05
1.037307083606719971e-05
9.763985872268676758e-06
9.268522262573242188e-06
8.972361683845520020e-06
8.445233106613159180e-06
7.546506822109222412e-06
6.855465471744537354e-06
6.109476089477539062e-06
5.524605512619018555e-06
4.968605935573577881e-06
4.717148840427398682e-06
4.218891263008117676e-06
3.883615136146545410e-06
3.462657332420349121e-06
2.991408109664916992e-06
2.631917595863342285e-06
2.162531018257141113e-06
1.845881342887878418e-06
1.410022377967834473e-06
1.064501702785491943e-06
6.426125764846801758e-07
1.816079020500183105e-07
-2.337619662284851074e-07
-7.217749953269958496e-07
-1.147389411926269531e-06
-1.518987119197845459e-06
-1.617707312107086182e-06
-1.649372279644012451e-06
-1.697801053524017334e-06
-1.736916601657867432e-06
-1.816079020500183105e-06
-1.884996891021728516e-06
-2.057291567325592041e-06
-2.305023372173309326e-06
-2.573244273662567139e-06
-2.873130142688751221e-06
-3.063119947910308838e-06
-3.113411366939544678e-06
-3.220513463020324707e-06
-3.393739461898803711e-06
-3.835186362266540527e-06
-4.096888005733489990e-06
-4.612840712070465088e-06
-5.206093192100524902e-06
-5.211681127548217773e-06
-5.200505256652832031e-06
-5.198642611503601074e-06
-5.192123353481292725e-06
-5.224719643592834473e-06
-5.194917321205139160e-06
-5.212612450122833252e-06
-5.221925675868988037e-06
-5.193985998630523682e-06
-5.225650966167449951e-06
-5.220063030719757080e-06
-5.207024514675140381e-06
-5.214475095272064209e-06
-5.213543772697448730e-06
-5.206093192100524902e-06
-5.217269062995910645e-06
-5.196779966354370117e-06
-5.234964191913604736e-06
