-8.291564881801605225e-06
-8.245930075645446777e-06
-8.272938430309295654e-06
-8.307397365570068359e-06
-8.293427526950836182e-06
-8.272938430309295654e-06
-8.309260010719299316e-06
-8.268281817436218262e-06
-8.261762559413909912e-06
-8.305534720420837402e-06
-8.283182978630065918e-06
-8.294358849525451660e-06
-8.299946784973144531e-06
-8.288770914077758789e-06
-8.272938430309295654e-06
-8.273869752883911133e-06
-8.263625204563140869e-06
-8.281320333480834961e-06
-8.267350494861602783e-06
-8.279457688331604004e-06
-8.295290172100067139e-06
-8.266419172286987305e-06
-8.322298526763916016e-06
-8.283182978630065918e-06
-8.287839591503143311e-06
-8.275732398033142090e-06
-8.262693881988525391e-06
-8.286908268928527832e-06
-8.288770914077758789e-06
-8.270144462585449219e-06
-8.290633559226989746e-06
-8.315779268741607666e-06
-8.275732398033142090e-06
-8.288770914077758789e-06
-8.299946784973144531e-06
-8.288770914077758789e-06
-8.258968591690063477e-06
-8.293427526950836182e-06
-8.286908268928527832e-06
-8.274801075458526611e-06
-8.260831236839294434e-06
-8.268281817436218262e-06
-8.308328688144683838e-06
-8.277595043182373047e-06
-8.299946784973144531e-06
-8.293427526950836182e-06
-8.305534720420837402e-06
-8.293427526950836182e-06
-8.305534720420837402e-06
-8.275732398033142090e-06
-8.270144462585449219e-06
-8.290633559226989746e-06
-8.278526365756988525e-06
-8.288770914077758789e-06
-8.291564881801605225e-06
-8.323229849338531494e-06
-8.282251656055450439e-06
-8.288770914077758789e-06
-8.298084139823913574e-06
-8.299015462398529053e-06
-8.296221494674682617e-06
-8.308328688144683838e-06
-8.279457688331604004e-06
-8.285976946353912354e-06
-8.309260010719299316e-06
-8.073635399341583252e-06
-6.943009793758392334e-06
-6.781890988349914551e-06
-4.307366907596588135e-06
-3.951601684093475342e-06
-1.596286892890930176e-06
2.135522663593292236e-06
5.105510354042053223e-06
1.040752977132797241e-05
1.253187656402587891e-05
1.607369631528854370e-05
1.782737672328948975e-05
1.760292798280715942e-05
1.721642911434173584e-05
1.699756830930709839e-05
1.688860356807708740e-05
1.677405089139938354e-05
1.671165227890014648e-05
1.665484160184860229e-05
1.658406108617782593e-05
1.651979982852935791e-05
1.647602766752243042e-05
1.644622534513473511e-05
1.645088195800781250e-05
1.639500260353088379e-05
1.638662070035934448e-05
1.644156873226165771e-05
1.650117337703704834e-05
1.657381653785705566e-05
1.657009124755859375e-05
1.658778637647628784e-05
1.665763556957244873e-05
1.697521656751632690e-05
1.948699355125427246e-05
2.064555883407592773e-05
2.219527959823608398e-05
2.397503703832626343e-05
2.596434205770492554e-05
2.788566052913665771e-05
3.029312938451766968e-05
3.353599458932876587e-05
3.801472485065460205e-05
4.397146403789520264e-05
5.066953599452972412e-05
5.798600614070892334e-05
6.621144711971282959e-05
7.766392081975936890e-05
9.274203330278396606e-05
1.098569482564926147e-04
1.280969008803367615e-04
1.460388302803039551e-04
1.641996204853057861e-04
1.846048980951309204e-04
2.059424296021461487e-04
2.268860116600990295e-04
2.477345988154411316e-04
2.667792141437530518e-04
2.861209213733673096e-04
3.052111715078353882e-04
3.243926912546157837e-04
3.432035446166992188e-04
3.624558448791503906e-04
3.815954551100730896e-04
4.012584686279296875e-04
4.213051870465278625e-04
4.409365355968475342e-04
4.606945440173149109e-04
4.804674535989761353e-04
5.001705139875411987e-04
5.202321335673332214e-04
5.398746579885482788e-04
5.600750446319580078e-04
5.797091871500015259e-04
5.992194637656211853e-04
6.185108795762062073e-04
6.375070661306381226e-04
6.568869575858116150e-04
6.760610267519950867e-04
6.949892267584800720e-04
7.137721404433250427e-04
7.323389872908592224e-04
7.506106048822402954e-04
7.681064307689666748e-04
7.857661694288253784e-04
8.027805015444755554e-04
8.193161338567733765e-04
8.362960070371627808e-04
8.532740175724029541e-04
8.706422522664070129e-04
8.873511105775833130e-04
9.036995470523834229e-04
9.201848879456520081e-04
9.365137666463851929e-04
9.525800123810768127e-04
9.689582511782646179e-04
9.849509224295616150e-04
1.000564545392990112e-03
1.016898080706596375e-03
1.032545231282711029e-03
1.047858968377113342e-03
1.063586212694644928e-03
1.079174689948558807e-03
1.094135455787181854e-03
1.109355129301548004e-03
1.124780625104904175e-03
1.139435917139053345e-03
1.153882592916488647e-03
1.169060356914997101e-03
1.183813437819480896e-03
1.197803765535354614e-03
1.212378032505512238e-03
1.226408407092094421e-03
1.240177080035209656e-03
1.254185102880001068e-03
1.268091611564159393e-03
1.281835138797760010e-03
1.295022666454315186e-03
1.308522187173366547e-03
1.321338117122650146e-03
1.334112137556076050e-03
1.347520388662815094e-03
1.361039467155933380e-03
1.373579725623130798e-03
1.385668292641639709e-03
1.398271881043910980e-03
1.411174423992633820e-03
1.423598267138004303e-03
1.435484737157821655e-03
1.448007300496101379e-03
1.460630446672439575e-03
1.472824253141880035e-03
1.484822481870651245e-03
1.496797427535057068e-03
1.508523710072040558e-03
1.519965939223766327e-03
1.531142741441726685e-03
1.542394049465656281e-03
1.554060727357864380e-03
1.565051265060901642e-03
1.576190814375877380e-03
1.586736179888248444e-03
1.598210074007511139e-03
1.609100028872489929e-03
1.620010472834110260e-03
1.630812883377075195e-03
1.641334034502506256e-03
1.652132719755172729e-03
1.662018708884716034e-03
1.672235317528247833e-03
1.681989990174770355e-03
1.692029647529125214e-03
1.702073961496353149e-03
1.711083576083183289e-03
1.720532774925231934e-03
1.729712821543216705e-03
1.739069819450378418e-03
1.748952083289623260e-03
1.758393831551074982e-03
1.768292859196662903e-03
1.777251251041889191e-03
1.786593347787857056e-03
1.796959899365901947e-03
1.806318759918212891e-03
1.815808936953544617e-03
1.825381070375442505e-03
1.834446564316749573e-03
1.844403333961963654e-03
1.853523775935173035e-03
1.862095668911933899e-03
1.871003769338130951e-03
1.879353076219558716e-03
1.888043247163295746e-03
1.897663809359073639e-03
1.905966550111770630e-03
1.913683488965034485e-03
1.922106370329856873e-03
1.930397003889083862e-03
1.938464120030403137e-03
1.946509815752506256e-03
1.953049562871456146e-03
1.957484520971775055e-03
1.961132511496543884e-03
1.964303664863109589e-03
1.966019161045551300e-03
1.967562362551689148e-03
1.967094838619232178e-03
1.968453638255596161e-03
1.968082040548324585e-03
1.967350021004676819e-03
1.966591924428939819e-03
1.965892501175403595e-03
1.965207047760486603e-03
1.964600756764411926e-03
1.963992603123188019e-03
1.963397487998008728e-03
1.962832175195217133e-03
1.962314359843730927e-03
1.961835660040378571e-03
1.961350440979003906e-03
1.960888504981994629e-03
1.960443332791328430e-03
1.960019581019878387e-03
1.959646120667457581e-03
1.959206536412239075e-03
1.958830282092094421e-03
1.958447508513927460e-03
1.958107575774192810e-03
1.957762055099010468e-03
1.957408152520656586e-03
1.957068219780921936e-03
1.956749707460403442e-03
1.956433057785034180e-03
1.956122927367687225e-03
1.955832354724407196e-03
1.955511979758739471e-03
1.955237239599227905e-03
1.954996958374977112e-03
1.954682171344757080e-03
1.954430714249610901e-03
1.954177394509315491e-03
1.953887753188610077e-03
1.953612081706523895e-03
1.953331753611564636e-03
1.953036524355411530e-03
1.952748745679855347e-03
1.952427439391613007e-03
1.952165737748146057e-03
1.951899379491806030e-03
1.951613463461399078e-03
1.951350830495357513e-03
1.951095648109912872e-03
1.950828358530998230e-03
1.950584352016448975e-03
1.950356177985668182e-03
1.950106583535671234e-03
1.949849538505077362e-03
1.949569210410118103e-03
1.949235796928405762e-03
1.945848576724529266e-03
1.941641792654991150e-03
1.935672014951705933e-03
1.926939003169536591e-03
1.916009932756423950e-03
1.904222182929515839e-03
1.890043728053569794e-03
1.873966306447982788e-03
1.857560127973556519e-03
1.838746480643749237e-03
1.819044351577758789e-03
1.797731034457683563e-03
1.774846576154232025e-03
1.750069670379161835e-03
1.723673194646835327e-03
1.696404069662094116e-03
1.667193137109279633e-03
1.637786626815795898e-03
1.607499085366725922e-03
1.575067639350891113e-03
1.541528850793838501e-03
1.507838256657123566e-03
1.472792588174343109e-03
1.436738297343254089e-03
1.399789005517959595e-03
1.362395472824573517e-03
1.324350014328956604e-03
1.284872181713581085e-03
1.245450228452682495e-03
1.204606145620346069e-03
1.162901520729064941e-03
1.121670007705688477e-03
1.081019639968872070e-03
1.040501520037651062e-03
1.001322641968727112e-03
9.634187445044517517e-04
9.261630475521087646e-04
8.898684754967689514e-04
8.543645963072776794e-04
8.210567757487297058e-04
7.888395339250564575e-04
7.538199424743652344e-04
7.198499515652656555e-04
6.863130256533622742e-04
6.530350074172019958e-04
6.212303414940834045e-04
5.904762074351310730e-04
5.602240562438964844e-04
5.310764536261558533e-04
5.029123276472091675e-04
4.750899970531463623e-04
4.478059709072113037e-04
4.206625744700431824e-04
3.934912383556365967e-04
3.663403913378715515e-04
3.401618450880050659e-04
3.163004294037818909e-04
2.918830141425132751e-04
2.679172903299331665e-04
2.452889457345008850e-04
2.224473282694816589e-04
1.999940723180770874e-04
1.780120655894279480e-04
1.568151637911796570e-04
1.354888081550598145e-04
1.153815537691116333e-04
9.640026837587356567e-05
7.662642747163772583e-05
5.886517465114593506e-05
4.253722727298736572e-05
3.052968531847000122e-05
2.079922705888748169e-05
1.267157495021820068e-05
8.465722203254699707e-06
4.129484295845031738e-06
-3.473833203315734863e-07
-1.725740730762481689e-06
-2.329237759113311768e-06
-4.787929356098175049e-06
-6.282702088356018066e-06
-7.399357855319976807e-06
-8.321367204189300537e-06
-8.305534720420837402e-06
-8.288770914077758789e-06
-8.316710591316223145e-06
-8.316710591316223145e-06
-8.342787623405456543e-06
-8.325092494487762451e-06
-8.312053978443145752e-06
-8.325092494487762451e-06
-8.305534720420837402e-06
-8.323229849338531494e-06
-8.321367204189300537e-06
-8.302740752696990967e-06
