-4.524365067481994629e-06
-4.522502422332763672e-06
-4.528090357780456543e-06
-4.506669938564300537e-06
-4.529021680355072021e-06
-4.519708454608917236e-06
-4.529021680355072021e-06
-4.545785486698150635e-06
-4.508532583713531494e-06
-4.502944648265838623e-06
-4.513189196586608887e-06
-4.533678293228149414e-06
-4.535540938377380371e-06
-4.510395228862762451e-06
-4.515051841735839844e-06
-4.525296390056610107e-06
-4.513189196586608887e-06
-4.516914486885070801e-06
-4.536472260951995850e-06
-4.509463906288146973e-06
-4.545785486698150635e-06
-4.526227712631225586e-06
-4.555098712444305420e-06
-4.512257874011993408e-06
-4.516914486885070801e-06
-4.486180841922760010e-06
-4.514120519161224365e-06
-4.501082003116607666e-06
-4.507601261138916016e-06
-4.526227712631225586e-06
-4.543922841548919678e-06
-4.513189196586608887e-06
-4.503875970840454102e-06
-4.544854164123535156e-06
-4.533678293228149414e-06
-4.501082003116607666e-06
-4.518777132034301758e-06
-4.503875970840454102e-06
-4.561617970466613770e-06
-4.521571099758148193e-06
-4.511326551437377930e-06
-4.525296390056610107e-06
-4.548579454421997070e-06
-4.526227712631225586e-06
-4.527159035205841064e-06
-4.628673195838928223e-06
-4.530884325504302979e-06
-4.543922841548919678e-06
-4.541128873825073242e-06
-4.519708454608917236e-06
-4.539266228675842285e-06
-4.512257874011993408e-06
-4.512257874011993408e-06
-4.535540938377380371e-06
-4.523433744907379150e-06
-4.525296390056610107e-06
-4.529953002929687500e-06
-4.514120519161224365e-06
-4.513189196586608887e-06
-4.515983164310455322e-06
-4.516914486885070801e-06
-4.543922841548919678e-06
-4.541128873825073242e-06
-4.517845809459686279e-06
-4.542060196399688721e-06
-3.010034561157226562e-06
-2.692453563213348389e-06
-9.480863809585571289e-07
9.546056389808654785e-07
1.742504537105560303e-06
6.627291440963745117e-06
1.090019941329956055e-05
1.709815114736557007e-05
2.049654722213745117e-05
2.492312341928482056e-05
2.911128103733062744e-05
2.962443977594375610e-05
2.910941839218139648e-05
2.875272184610366821e-05
2.850871533155441284e-05
2.836529165506362915e-05
2.826657146215438843e-05
2.816878259181976318e-05
2.809520810842514038e-05
2.802815288305282593e-05
2.797041088342666626e-05
2.791453152894973755e-05
2.786982804536819458e-05
2.783909440040588379e-05
2.781767398118972778e-05
2.782139927148818970e-05
2.792198210954666138e-05
2.800114452838897705e-05
2.804398536682128906e-05
2.808216959238052368e-05
2.812221646308898926e-05
2.820137888193130493e-05
3.038905560970306396e-05
3.245752304792404175e-05
3.439374268054962158e-05
3.651529550552368164e-05
3.910157829523086548e-05
4.150997847318649292e-05
4.443433135747909546e-05
4.775449633598327637e-05
5.318410694599151611e-05
5.978811532258987427e-05
6.819795817136764526e-05
7.744878530502319336e-05
8.760392665863037109e-05
9.950809180736541748e-05
1.173270866274833679e-04
1.387167721986770630e-04
1.620808616280555725e-04
1.857960596680641174e-04
2.093352377414703369e-04
2.343626692891120911e-04
2.620955929160118103e-04
2.897223457694053650e-04
3.172568976879119873e-04
3.433106467127799988e-04
3.682263195514678955e-04
3.934772685170173645e-04
4.185670986771583557e-04
4.432825371623039246e-04
4.680603742599487305e-04
4.932656884193420410e-04
5.184505134820938110e-04
5.447380244731903076e-04
5.708783864974975586e-04
5.965167656540870667e-04
6.226012483239173889e-04
6.480822339653968811e-04
6.740540266036987305e-04
6.998647004365921021e-04
7.259836420416831970e-04
7.523940876126289368e-04
7.779337465763092041e-04
8.033681660890579224e-04
8.278507739305496216e-04
8.531743660569190979e-04
8.786488324403762817e-04
9.035831317305564880e-04
9.282650426030158997e-04
9.524095803499221802e-04
9.766081348061561584e-04
1.000129617750644684e-03
1.023103483021259308e-03
1.045881770551204681e-03
1.067372970283031464e-03
1.089764758944511414e-03
1.111671328544616699e-03
1.134222373366355896e-03
1.156791113317012787e-03
1.178380101919174194e-03
1.199568621814250946e-03
1.221246086061000824e-03
1.242471858859062195e-03
1.263455487787723541e-03
1.284899190068244934e-03
1.305562444031238556e-03
1.326194033026695251e-03
1.347472891211509705e-03
1.367604359984397888e-03
1.387599855661392212e-03
1.408598385751247406e-03
1.428600400686264038e-03
1.447867602109909058e-03
1.468470320105552673e-03
1.488146372139453888e-03
1.506731845438480377e-03
1.526555046439170837e-03
1.545925624668598175e-03
1.564798876643180847e-03
1.583479344844818115e-03
1.602159813046455383e-03
1.620615832507610321e-03
1.638310961425304413e-03
1.657025888562202454e-03
1.674930565059185028e-03
1.692635938525199890e-03
1.710002310574054718e-03
1.727214083075523376e-03
1.744045875966548920e-03
1.760809682309627533e-03
1.778970472514629364e-03
1.795662567019462585e-03
1.812040805816650391e-03
1.827765256166458130e-03
1.844956539571285248e-03
1.861209981143474579e-03
1.877292059361934662e-03
1.892944797873497009e-03
1.909815706312656403e-03
1.925785094499588013e-03
1.941802911460399628e-03
1.957208849489688873e-03
1.973027363419532776e-03
1.987918280065059662e-03
2.002974972128868103e-03
2.017233520746231079e-03
2.032496035099029541e-03
2.047236077487468719e-03
2.061871811747550964e-03
2.075864002108573914e-03
2.090213820338249207e-03
2.105203457176685333e-03
2.119143493473529816e-03
2.133534289896488190e-03
2.147267572581768036e-03
2.161393873393535614e-03
2.174887806177139282e-03
2.188012003898620605e-03
2.201249822974205017e-03
2.213945612311363220e-03
2.227408811450004578e-03
2.239623107016086578e-03
2.251686528325080872e-03
2.264115028083324432e-03
2.275818958878517151e-03
2.288700081408023834e-03
2.301274798810482025e-03
2.313982695341110229e-03
2.326559275388717651e-03
2.337918616831302643e-03
2.351124770939350128e-03
2.364267595112323761e-03
2.376369200646877289e-03
2.389009110629558563e-03
2.400971017777919769e-03
2.413485199213027954e-03
2.426273189485073090e-03
2.437510527670383453e-03
2.449053339660167694e-03
2.460484392940998077e-03
2.471134066581726074e-03
2.483374439179897308e-03
2.495540305972099304e-03
2.505486831068992615e-03
2.516098320484161377e-03
2.527230419218540192e-03
2.537666819989681244e-03
2.548482269048690796e-03
2.558187581598758698e-03
2.564918249845504761e-03
2.570042386651039124e-03
2.574474550783634186e-03
2.577686682343482971e-03
2.580998465418815613e-03
2.580909058451652527e-03
2.581409178674221039e-03
2.582320943474769592e-03
2.581517212092876434e-03
2.580555155873298645e-03
2.579640597105026245e-03
2.578782849013805389e-03
2.577914856374263763e-03
2.577155828475952148e-03
2.576385624706745148e-03
2.575681544840335846e-03
2.575009129941463470e-03
2.574344165623188019e-03
2.573695033788681030e-03
2.573103643953800201e-03
2.572537399828433990e-03
2.571993507444858551e-03
2.571474760770797729e-03
2.570929937064647675e-03
2.570415847003459930e-03
2.569947391748428345e-03
2.569496631622314453e-03
2.569049596786499023e-03
2.568578347563743591e-03
2.568168565630912781e-03
2.567774616181850433e-03
2.567346207797527313e-03
2.566949464380741119e-03
2.566547133028507233e-03
2.566140145063400269e-03
2.565813250839710236e-03
2.565437927842140198e-03
2.565078437328338623e-03
2.564734779298305511e-03
2.564413473010063171e-03
2.564047463238239288e-03
2.563713118433952332e-03
2.563337795436382294e-03
2.562931738793849945e-03
2.562561072409152985e-03
2.562182955443859100e-03
2.561806701123714447e-03
2.561471424996852875e-03
2.561124041676521301e-03
2.560761757194995880e-03
2.560452558100223541e-03
2.560093998908996582e-03
2.559763379395008087e-03
2.559469081461429596e-03
2.559131011366844177e-03
2.558819949626922607e-03
2.558501437306404114e-03
2.558104693889617920e-03
2.555980347096920013e-03
2.551518380641937256e-03
2.544901333749294281e-03
2.534902654588222504e-03
2.521830610930919647e-03
2.507125027477741241e-03
2.490546554327011108e-03
2.470239996910095215e-03
2.449604682624340057e-03
2.426420338451862335e-03
2.401481382548809052e-03
2.374422736465930939e-03
2.346342429518699646e-03
2.314820885658264160e-03
2.281223423779010773e-03
2.246715128421783447e-03
2.210040576756000519e-03
2.171581611037254333e-03
2.132879570126533508e-03
2.091713249683380127e-03
2.048784866929054260e-03
2.004773356020450592e-03
1.960336230695247650e-03
1.913864165544509888e-03
1.866501756012439728e-03
1.817777752876281738e-03
1.768045127391815186e-03
1.718247309327125549e-03
1.666606403887271881e-03
1.613707281649112701e-03
1.560127362608909607e-03
1.505813561379909515e-03
1.452310010790824890e-03
1.398853026330471039e-03
1.347337849438190460e-03
1.296816393733024597e-03
1.247332431375980377e-03
1.199084334075450897e-03
1.153022982180118561e-03
1.106044277548789978e-03
1.067209057509899139e-03
1.020749099552631378e-03
9.752465412020683289e-04
9.304936975240707397e-04
8.871881291270256042e-04
8.447105064988136292e-04
8.033048361539840698e-04
7.631182670593261719e-04
7.246872410178184509e-04
6.865272298455238342e-04
6.496561691164970398e-04
6.137918680906295776e-04
5.779452621936798096e-04
5.417186766862869263e-04
5.059735849499702454e-04
4.713507369160652161e-04
4.384079948067665100e-04
4.060668870806694031e-04
3.746431320905685425e-04
3.439364954829216003e-04
3.137160092592239380e-04
2.841372042894363403e-04
2.551926299929618835e-04
2.262974157929420471e-04
1.982050016522407532e-04
1.714937388896942139e-04
1.455657184123992920e-04
1.199580729007720947e-04
9.444821625947952271e-05
7.295608520507812500e-05
5.377922207117080688e-05
3.958772867918014526e-05
2.780370414257049561e-05
2.052541822195053101e-05
1.458451151847839355e-05
8.094124495983123779e-06
4.591420292854309082e-06
4.077330231666564941e-06
1.218169927597045898e-06
-4.172325134277343750e-07
-2.755783498287200928e-06
-3.671273589134216309e-06
-4.506669938564300537e-06
-4.515983164310455322e-06
-4.518777132034301758e-06
-4.534609615802764893e-06
-4.504807293415069580e-06
-4.529953002929687500e-06
-4.521571099758148193e-06
-4.528090357780456543e-06
-4.499219357967376709e-06
-4.523433744907379150e-06
-4.498288035392761230e-06
-4.530884325504302979e-06
-4.514120519161224365e-06
