-8.293427526950836182e-06
-8.278526365756988525e-06
-8.280389010906219482e-06
-8.281320333480834961e-06
-8.273869752883911133e-06
-8.270144462585449219e-06
-8.277595043182373047e-06
-8.267350494861602783e-06
-8.281320333480834961e-06
-8.284114301204681396e-06
-8.254311978816986084e-06
-8.271075785160064697e-06
-8.271075785160064697e-06
-8.268281817436218262e-06
-8.258037269115447998e-06
-8.285976946353912354e-06
-8.255243301391601562e-06
-8.295290172100067139e-06
-8.273869752883911133e-06
-8.256174623966217041e-06
-8.273869752883911133e-06
-8.313916623592376709e-06
-8.284114301204681396e-06
-8.276663720607757568e-06
-8.282251656055450439e-06
-8.266419172286987305e-06
-8.266419172286987305e-06
-8.283182978630065918e-06
-8.284114301204681396e-06
-8.273869752883911133e-06
-8.285976946353912354e-06
-8.282251656055450439e-06
-8.287839591503143311e-06
-8.276663720607757568e-06
-8.296221494674682617e-06
-8.279457688331604004e-06
-8.286908268928527832e-06
-8.282251656055450439e-06
-8.273869752883911133e-06
-8.298084139823913574e-06
-8.265487849712371826e-06
-8.290633559226989746e-06
-8.284114301204681396e-06
-8.253380656242370605e-06
-8.278526365756988525e-06
-8.272938430309295654e-06
-8.272007107734680176e-06
-8.262693881988525391e-06
-8.299015462398529053e-06
-6.414949893951416016e-06
-6.017275154590606689e-06
-3.719702363014221191e-06
-2.636574208736419678e-06
1.490116119384765625e-06
7.963739335536956787e-06
1.104921102523803711e-05
1.317821443080902100e-05
1.730956137180328369e-05
2.153590321540832520e-05
2.619344741106033325e-05
3.232620656490325928e-05
3.901775926351547241e-05
4.806276410818099976e-05
5.075708031654357910e-05
5.039107054471969604e-05
4.993006587028503418e-05
4.957988858222961426e-05
4.939641803503036499e-05
4.923529922962188721e-05
4.913378506898880005e-05
4.902016371488571167e-05
4.895869642496109009e-05
4.887394607067108154e-05
4.884507507085800171e-05
4.877056926488876343e-05
4.870817065238952637e-05
4.866067320108413696e-05
4.869606345891952515e-05
4.881247878074645996e-05
4.893448203802108765e-05
4.902016371488571167e-05
4.906393587589263916e-05
4.916358739137649536e-05
4.935264587402343750e-05
5.189329385757446289e-05
5.537830293178558350e-05
5.816016346216201782e-05
6.131548434495925903e-05
6.527081131935119629e-05
6.937049329280853271e-05
7.394701242446899414e-05
8.056964725255966187e-05
8.768122643232345581e-05
9.567011147737503052e-05
1.057684421539306641e-04
1.170802861452102661e-04
1.291269436478614807e-04
1.421198248863220215e-04
1.561772078275680542e-04
1.709898933768272400e-04
1.865653321146965027e-04
2.032704651355743408e-04
2.209106460213661194e-04
2.390081062912940979e-04
2.571716904640197754e-04
2.752738073468208313e-04
2.932371571660041809e-04
3.112750127911567688e-04
3.290809690952301025e-04
3.466373309493064880e-04
3.634607419371604919e-04
3.802403807640075684e-04
3.980565816164016724e-04
4.158727824687957764e-04
4.336973652243614197e-04
4.516020417213439941e-04
4.691630601882934570e-04
4.870025441050529480e-04
5.047731101512908936e-04
5.224980413913726807e-04
5.400767549872398376e-04
5.577802658081054688e-04
5.752677097916603088e-04
5.927206948399543762e-04
6.100228056311607361e-04
6.271721795201301575e-04
6.439518183469772339e-04
6.599333137273788452e-04
6.758458912372589111e-04
6.918366998434066772e-04
7.076459005475044250e-04
7.237587124109268188e-04
7.395632565021514893e-04
7.549887523055076599e-04
7.699923589825630188e-04
7.849391549825668335e-04
8.000414818525314331e-04
8.145384490489959717e-04
8.292607963085174561e-04
8.436916396021842957e-04
8.576465770602226257e-04
8.717924356460571289e-04
8.854838088154792786e-04
8.990699425339698792e-04
9.128088131546974182e-04
9.259572252631187439e-04
9.388327598571777344e-04
9.516747668385505676e-04
9.638518095016479492e-04
9.762132540345191956e-04
9.888233616948127747e-04
1.000770367681980133e-03
1.012217253446578979e-03
1.023660413920879364e-03
1.033954322338104248e-03
1.043406315147876740e-03
1.053226180374622345e-03
1.062661409378051758e-03
1.071614213287830353e-03
1.079922541975975037e-03
1.088729128241539001e-03
1.096852123737335205e-03
1.104358583688735962e-03
1.110891811549663544e-03
1.116848550736904144e-03
1.123210415244102478e-03
1.129003241658210754e-03
1.134139485657215118e-03
1.139021478593349457e-03
1.143707893788814545e-03
1.147333532571792603e-03
1.150354743003845215e-03
1.153778284788131714e-03
1.157025806605815887e-03
1.159930601716041565e-03
1.162535510957241058e-03
1.162135973572731018e-03
1.164113171398639679e-03
1.164334826171398163e-03
1.163733191788196564e-03
1.163140870630741119e-03
1.162656582891941071e-03
1.162247732281684875e-03
1.161859370768070221e-03
1.161498948931694031e-03
1.161157153546810150e-03
1.160848885774612427e-03
1.160576939582824707e-03
1.160316169261932373e-03
1.160056330263614655e-03
1.159826293587684631e-03
1.159596256911754608e-03
1.159388571977615356e-03
1.159160397946834564e-03
1.158993691205978394e-03
1.158783212304115295e-03
1.158567145466804504e-03
1.158424653112888336e-03
1.158266328275203705e-03
1.158046536147594452e-03
1.157873310148715973e-03
1.157714985311031342e-03
1.157535240054130554e-03
1.157359220087528229e-03
1.157202757894992828e-03
1.157000660896301270e-03
1.156877726316452026e-03
1.156664453446865082e-03
1.156500540673732758e-03
1.156342215836048126e-03
1.156166195869445801e-03
1.155996695160865784e-03
1.155802980065345764e-03
1.155622303485870361e-03
1.155459322035312653e-03
1.155197620391845703e-03
1.154869794845581055e-03
1.151647418737411499e-03
1.145137473940849304e-03
1.136451028287410736e-03
1.125381328165531158e-03
1.112516969442367554e-03
1.100147143006324768e-03
1.086261123418807983e-03
1.072889193892478943e-03
1.057418994605541229e-03
1.041284762322902679e-03
1.024113968014717102e-03
1.006200909614562988e-03
9.862678125500679016e-04
9.658643975853919983e-04
9.447010233998298645e-04
9.227870032191276550e-04
8.991966024041175842e-04
8.748341351747512817e-04
8.495431393384933472e-04
8.239913731813430786e-04
7.970966398715972900e-04
7.698489353060722351e-04
7.416801527142524719e-04
7.134051993489265442e-04
6.838841363787651062e-04
6.578918546438217163e-04
6.298981606960296631e-04
5.994858220219612122e-04
5.688453093171119690e-04
5.400562658905982971e-04
5.115279927849769592e-04
4.841471090912818909e-04
4.573771730065345764e-04
4.312219098210334778e-04
4.055462777614593506e-04
3.810543566942214966e-04
3.565931692719459534e-04
3.326237201690673828e-04
3.092242404818534851e-04
2.867234870791435242e-04
2.642739564180374146e-04
2.442430704832077026e-04
2.236012369394302368e-04
2.030879259109497070e-04
1.831660047173500061e-04
1.640981063246726990e-04
1.444546505808830261e-04
1.252461224794387817e-04
1.059314236044883728e-04
8.667632937431335449e-05
6.782263517379760742e-05
5.214288830757141113e-05
3.873836249113082886e-05
2.868566662073135376e-05
2.207886427640914917e-05
1.444295048713684082e-05
6.859190762042999268e-06
2.252869307994842529e-06
-1.066364347934722900e-06
-2.972781658172607422e-06
-5.858950316905975342e-06
-7.710419595241546631e-06
-8.285976946353912354e-06
-8.295290172100067139e-06
-8.288770914077758789e-06
-8.287839591503143311e-06
-8.302740752696990967e-06
-8.300878107547760010e-06
-8.295290172100067139e-06
-8.293427526950836182e-06
-8.320435881614685059e-06
-8.289702236652374268e-06
-8.264556527137756348e-06
-8.305534720420837402e-06
-8.299015462398529053e-06
