-4.614703357219696045e-06
-4.634261131286621094e-06
-4.631467163562774658e-06
-4.592351615428924561e-06
-4.597939550876617432e-06
-4.606321454048156738e-06
-4.591420292854309082e-06
-4.583969712257385254e-06
-4.600733518600463867e-06
-4.586763679981231689e-06
-4.595145583152770996e-06
-4.594214260578155518e-06
-4.612840712070465088e-06
-4.618428647518157959e-06
-4.583038389682769775e-06
-4.585832357406616211e-06
-4.598870873451232910e-06
-4.623085260391235352e-06
-4.608184099197387695e-06
-4.594214260578155518e-06
-4.608184099197387695e-06
-4.593282938003540039e-06
-4.601664841175079346e-06
-4.610046744346618652e-06
-4.620291292667388916e-06
-4.609115421772003174e-06
-4.607252776622772217e-06
-4.576519131660461426e-06
-4.595145583152770996e-06
-4.622153937816619873e-06
-4.601664841175079346e-06
-4.592351615428924561e-06
-4.596076905727386475e-06
-4.589557647705078125e-06
-4.595145583152770996e-06
-4.584901034832000732e-06
-4.587695002555847168e-06
-4.588626325130462646e-06
-4.573725163936614990e-06
-4.593282938003540039e-06
-4.597008228302001953e-06
-4.592351615428924561e-06
-4.600733518600463867e-06
-4.595145583152770996e-06
-4.593282938003540039e-06
-4.593282938003540039e-06
-4.570931196212768555e-06
-4.583969712257385254e-06
-4.595145583152770996e-06
-1.749955117702484131e-06
4.032626748085021973e-07
1.970678567886352539e-06
5.082227289676666260e-06
1.285690814256668091e-05
1.851003617048263550e-05
2.203881740570068359e-05
2.520997077226638794e-05
3.175716847181320190e-05
3.720726817846298218e-05
4.440639168024063110e-05
5.251262336969375610e-05
6.270781159400939941e-05
7.159076631069183350e-05
7.268413901329040527e-05
7.197726517915725708e-05
7.147155702114105225e-05
7.121264934539794922e-05
7.097329944372177124e-05
7.078424096107482910e-05
7.065944373607635498e-05
7.050298154354095459e-05
7.040146738290786743e-05
7.031112909317016602e-05
7.020961493253707886e-05
7.016025483608245850e-05
7.010437548160552979e-05
7.008761167526245117e-05
7.016118615865707397e-05
7.036980241537094116e-05
7.052533328533172607e-05
7.057934999465942383e-05
7.066782563924789429e-05
7.080379873514175415e-05
7.162708789110183716e-05
7.663294672966003418e-05
8.082203567028045654e-05
8.438434451818466187e-05
8.904933929443359375e-05
9.448174387216567993e-05
9.991228580474853516e-05
1.073004677891731262e-04
1.162402331829071045e-04
1.261057332158088684e-04
1.378152519464492798e-04
1.519126817584037781e-04
1.673167571425437927e-04
1.835841685533523560e-04
2.011647447943687439e-04
2.203239127993583679e-04
2.401852980256080627e-04
2.614567056298255920e-04
2.837255597114562988e-04
3.076111897826194763e-04
3.310283645987510681e-04
3.550397232174873352e-04
3.784596920013427734e-04
4.021367058157920837e-04
4.257056862115859985e-04
4.488183185458183289e-04
4.714690148830413818e-04
4.931734874844551086e-04
5.158698186278343201e-04
5.394918844103813171e-04
5.629006773233413696e-04
5.862964317202568054e-04
6.096633151173591614e-04
6.327265873551368713e-04
6.561242043972015381e-04
6.792126223444938660e-04
7.023578509688377380e-04
7.254034280776977539e-04
7.487079128623008728e-04
7.716277614235877991e-04
7.943790405988693237e-04
8.168881759047508240e-04
8.391896262764930725e-04
8.606882765889167786e-04
8.814865723252296448e-04
9.024543687701225281e-04
9.231511503458023071e-04
9.441729635000228882e-04
9.651724249124526978e-04
9.856559336185455322e-04
1.005578786134719849e-03
1.024994999170303345e-03
1.044947654008865356e-03
1.064363867044448853e-03
1.083304174244403839e-03
1.102574169635772705e-03
1.121199689805507660e-03
1.139591448009014130e-03
1.157841645181179047e-03
1.175494864583015442e-03
1.193807460367679596e-03
1.211366616189479828e-03
1.228132285177707672e-03
1.245340332388877869e-03
1.261603087186813354e-03
1.277393661439418793e-03
1.294127665460109711e-03
1.310137100517749786e-03
1.325268298387527466e-03
1.340511254966259003e-03
1.354678533971309662e-03
1.367595046758651733e-03
1.380126923322677612e-03
1.392927020788192749e-03
1.405030488967895508e-03
1.416247338056564331e-03
1.427281647920608521e-03
1.438625156879425049e-03
1.448865979909896851e-03
1.458175480365753174e-03
1.466147601604461670e-03
1.474231481552124023e-03
1.482420600950717926e-03
1.489385031163692474e-03
1.496109180152416229e-03
1.502243801951408386e-03
1.507592387497425079e-03
1.512367278337478638e-03
1.516346819698810577e-03
1.521250233054161072e-03
1.525234431028366089e-03
1.528372988104820251e-03
1.529932953417301178e-03
1.530119217932224274e-03
1.532623544335365295e-03
1.532027497887611389e-03
1.531246118247509003e-03
1.530559733510017395e-03
1.529984176158905029e-03
1.529457047581672668e-03
1.528958790004253387e-03
1.528540626168251038e-03
1.528137363493442535e-03
1.527694985270500183e-03
1.527350395917892456e-03
1.527026295661926270e-03
1.526712439954280853e-03
1.526416279375553131e-03
1.526131294667720795e-03
1.525866799056529999e-03
1.525605097413063049e-03
1.525381579995155334e-03
1.525105908513069153e-03
1.524897292256355286e-03
1.524665392935276031e-03
1.524423249065876007e-03
1.524148508906364441e-03
1.523914746940135956e-03
1.523694954812526703e-03
1.523447223007678986e-03
1.523262821137905121e-03
1.523031853139400482e-03
1.522812992334365845e-03
1.522600650787353516e-03
1.522383652627468109e-03
1.522148028016090393e-03
1.521936617791652679e-03
1.521699130535125732e-03
1.521453261375427246e-03
1.521239057183265686e-03
1.521003432571887970e-03
1.520725898444652557e-03
1.520392484962940216e-03
1.519257202744483948e-03
1.512404531240463257e-03
1.502176746726036072e-03
1.489642076194286346e-03
1.473504118621349335e-03
1.457024365663528442e-03
1.440157182514667511e-03
1.422061584889888763e-03
1.403790898621082306e-03
1.382488757371902466e-03
1.361167989671230316e-03
1.338348723948001862e-03
1.313390210270881653e-03
1.287124119699001312e-03
1.260209828615188599e-03
1.232108101248741150e-03
1.202114857733249664e-03
1.170654781162738800e-03
1.138411462306976318e-03
1.104895956814289093e-03
1.070976257324218750e-03
1.035485416650772095e-03
9.990874677896499634e-04
9.622285142540931702e-04
9.242324158549308777e-04
8.861459791660308838e-04
8.536539971828460693e-04
8.145468309521675110e-04
7.746266201138496399e-04
7.347753271460533142e-04
6.972802802920341492e-04
6.612502038478851318e-04
6.254669278860092163e-04
5.902154371142387390e-04
5.566086620092391968e-04
5.236668512225151062e-04
4.914561286568641663e-04
4.596877843141555786e-04
4.288004711270332336e-04
3.982940688729286194e-04
3.686174750328063965e-04
3.413390368223190308e-04
3.141518682241439819e-04
2.870475873351097107e-04
2.609807997941970825e-04
2.349261194467544556e-04
2.095829695463180542e-04
1.842333003878593445e-04
1.590335741639137268e-04
1.331754028797149658e-04
1.080883666872978210e-04
8.492171764373779297e-05
6.601959466934204102e-05
5.022995173931121826e-05
3.941822797060012817e-05
3.114622086286544800e-05
2.045091241598129272e-05
1.277960836887359619e-05
5.740672349929809570e-06
4.642643034458160400e-06
5.792826414108276367e-07
-1.914799213409423828e-06
-4.445202648639678955e-06
-4.576519131660461426e-06
-4.556961357593536377e-06
-4.572793841361999512e-06
-4.562549293041229248e-06
-4.586763679981231689e-06
-4.579313099384307861e-06
-4.565343260765075684e-06
-4.578381776809692383e-06
-4.559755325317382812e-06
-4.529021680355072021e-06
-4.571862518787384033e-06
-4.584901034832000732e-06
