-5.250796675682067871e-06
-5.248934030532836914e-06
-5.241483449935913086e-06
-5.224719643592834473e-06
-5.226582288742065430e-06
-5.240552127361297607e-06
-5.234964191913604736e-06
-5.249865353107452393e-06
-5.240552127361297607e-06
-5.234032869338989258e-06
-4.692934453487396240e-06
-1.982785761356353760e-06
-3.017485141754150391e-07
1.214444637298583984e-06
1.991167664527893066e-06
2.590939402580261230e-06
3.105029463768005371e-06
3.796070814132690430e-06
4.898756742477416992e-06
5.525536835193634033e-06
6.327405571937561035e-06
8.791685104370117188e-06
1.044571399688720703e-05
1.185480505228042603e-05
1.350976526737213135e-05
1.499708741903305054e-05
1.650210469961166382e-05
1.819524914026260376e-05
2.001225948333740234e-05
2.220366150140762329e-05
2.472382038831710815e-05
2.667494118213653564e-05
2.935528755187988281e-05
3.245472908020019531e-05
3.547687083482742310e-05
3.879517316818237305e-05
4.191230982542037964e-05
4.558824002742767334e-05
5.347933620214462280e-05
6.569642573595046997e-05
8.233170956373214722e-05
1.092348247766494751e-04
1.538041979074478149e-04
2.065822482109069824e-04
2.651102840900421143e-04
3.238003700971603394e-04
3.884481266140937805e-04
4.588253796100616455e-04
5.338024348020553589e-04
6.120596081018447876e-04
6.918469443917274475e-04
7.697967812418937683e-04
8.479980751872062683e-04
9.252876043319702148e-04
1.001276075839996338e-03
1.075389795005321503e-03
1.147714443504810333e-03
1.217465847730636597e-03
1.284927129745483398e-03
1.350080594420433044e-03
1.414527185261249542e-03
1.477935351431369781e-03
1.541707664728164673e-03
1.604938879609107971e-03
1.666313037276268005e-03
1.726074144244194031e-03
1.786091364920139313e-03
1.845085062086582184e-03
1.903005875647068024e-03
1.960289664566516876e-03
2.017235383391380310e-03
2.074727788567543030e-03
2.106189727783203125e-03
2.091814763844013214e-03
2.068805508315563202e-03
2.044503577053546906e-03
2.020719461143016815e-03
1.998110674321651459e-03
1.976826228201389313e-03
1.956497319042682648e-03
1.936805434525012970e-03
1.917190849781036377e-03
1.896522939205169678e-03
1.875583082437515259e-03
1.855141483247280121e-03
1.834277994930744171e-03
1.813751645386219025e-03
1.793314702808856964e-03
1.773776486515998840e-03
1.753892749547958374e-03
1.734354533255100250e-03
1.714775338768959045e-03
1.695127226412296295e-03
1.674436964094638824e-03
1.654502004384994507e-03
1.635367982089519501e-03
1.616101711988449097e-03
1.596747897565364838e-03
1.577615737915039062e-03
1.558576710522174835e-03
1.539044082164764404e-03
1.520784571766853333e-03
1.502737402915954590e-03
1.484707929193973541e-03
1.465518027544021606e-03
1.446597278118133545e-03
1.428545452654361725e-03
1.410303637385368347e-03
1.392016187310218811e-03
1.373167149722576141e-03
1.355431042611598969e-03
1.337256282567977905e-03
1.319873146712779999e-03
1.302104443311691284e-03
1.284498721361160278e-03
1.266240142285823822e-03
1.248463056981563568e-03
1.231671310961246490e-03
1.214104704558849335e-03
1.196872442960739136e-03
1.179276965558528900e-03
1.162655651569366455e-03
1.145176589488983154e-03
1.128339208662509918e-03
1.111362129449844360e-03
1.094905659556388855e-03
1.078123226761817932e-03
1.061721704900264740e-03
1.045722514390945435e-03
1.029561273753643036e-03
1.013229601085186005e-03
9.960876777768135071e-04
9.803716093301773071e-04
9.644916281104087830e-04
9.491024538874626160e-04
9.323507547378540039e-04
9.168554097414016724e-04
9.007919579744338989e-04
8.853403851389884949e-04
8.696299046277999878e-04
8.544903248548507690e-04
8.389912545680999756e-04
8.238200098276138306e-04
8.093584328889846802e-04
7.946630939841270447e-04
7.798047736287117004e-04
7.646409794688224792e-04
7.508313283324241638e-04
7.363008335232734680e-04
7.217507809400558472e-04
7.064780220389366150e-04
6.939657032489776611e-04
6.850482895970344543e-04
6.633289158344268799e-04
6.500044837594032288e-04
6.367284804582595825e-04
6.229178979992866516e-04
6.102593615651130676e-04
6.025740876793861389e-04
5.899211391806602478e-04
5.773976445198059082e-04
5.652848631143569946e-04
5.526887252926826477e-04
5.395170301198959351e-04
5.278345197439193726e-04
5.165264010429382324e-04
5.047898739576339722e-04
4.921285435557365417e-04
4.799654707312583923e-04
4.672110080718994141e-04
4.546931013464927673e-04
4.421742632985115051e-04
4.310123622417449951e-04
4.194322973489761353e-04
4.080003127455711365e-04
3.965264186263084412e-04
3.862995654344558716e-04
3.757998347282409668e-04
3.654444590210914612e-04
3.548860549926757812e-04
3.452766686677932739e-04
3.355471417307853699e-04
3.259191289544105530e-04
3.162818029522895813e-04
3.070840612053871155e-04
2.984395250678062439e-04
2.895230427384376526e-04
2.807574346661567688e-04
2.715997397899627686e-04
2.636639401316642761e-04
2.552485093474388123e-04
2.471227198839187622e-04
2.387817949056625366e-04
2.314988523721694946e-04
2.241395413875579834e-04
2.165986225008964539e-04
2.094302326440811157e-04
2.021295949816703796e-04
1.954901963472366333e-04
1.880563795566558838e-04
1.812810078263282776e-04
1.745158806443214417e-04
1.681353896856307983e-04
1.615434885025024414e-04
1.544049009680747986e-04
1.474907621741294861e-04
1.403726637363433838e-04
1.343227922916412354e-04
1.280866563320159912e-04
1.219091936945915222e-04
1.156115904450416565e-04
1.092376187443733215e-04
1.035593450069427490e-04
9.792670607566833496e-05
9.282398968935012817e-05
8.772779256105422974e-05
8.312333375215530396e-05
7.897987961769104004e-05
7.474329322576522827e-05
7.080286741256713867e-05
6.670132279396057129e-05
6.312876939773559570e-05
5.963910371065139771e-05
5.634501576423645020e-05
5.336757749319076538e-05
5.073193460702896118e-05
4.904903471469879150e-05
4.779826849699020386e-05
4.700757563114166260e-05
4.653539508581161499e-05
4.634913057088851929e-05
4.629231989383697510e-05
4.608929157257080078e-05
4.586298018693923950e-05
4.538148641586303711e-05
4.469975829124450684e-05
4.398450255393981934e-05
4.320312291383743286e-05
4.236120730638504028e-05
4.153698682785034180e-05
4.119519144296646118e-05
4.076026380062103271e-05
4.055257886648178101e-05
4.022754728794097900e-05
3.986898809671401978e-05
3.920495510101318359e-05
3.836210817098617554e-05
3.700423985719680786e-05
3.497954457998275757e-05
3.331154584884643555e-05
3.166031092405319214e-05
3.021024167537689209e-05
2.861674875020980835e-05
2.668425440788269043e-05
2.563651651144027710e-05
2.434290945529937744e-05
2.329237759113311768e-05
2.225395292043685913e-05
2.102181315422058105e-05
1.982040703296661377e-05
1.883972436189651489e-05
1.779850572347640991e-05
1.686345785856246948e-05
1.627299934625625610e-05
1.564715057611465454e-05
1.508370041847229004e-05
1.449510455131530762e-05
1.407694071531295776e-05
1.366063952445983887e-05
1.328811049461364746e-05
1.282617449760437012e-05
1.216586679220199585e-05
1.137983053922653198e-05
1.060310751199722290e-05
9.925104677677154541e-06
9.394250810146331787e-06
9.001232683658599854e-06
7.962808012962341309e-06
7.064081728458404541e-06
6.159767508506774902e-06
5.502253770828247070e-06
5.044043064117431641e-06
4.660338163375854492e-06
4.142522811889648438e-06
3.712251782417297363e-06
3.259629011154174805e-06
2.828426659107208252e-06
2.294778823852539062e-06
1.795589923858642578e-06
1.423992216587066650e-06
1.020729541778564453e-06
5.383044481277465820e-07
9.592622518539428711e-08
-3.864988684654235840e-07
-8.950009942054748535e-07
-1.383014023303985596e-06
-1.528300344944000244e-06
-1.650303602218627930e-06
-1.687556505203247070e-06
-1.803040504455566406e-06
-1.900829374790191650e-06
-2.097338438034057617e-06
-2.412125468254089355e-06
-2.670101821422576904e-06
-2.940185368061065674e-06
-3.223307430744171143e-06
-3.486871719360351562e-06
-3.603287041187286377e-06
-3.773719072341918945e-06
-4.258006811141967773e-06
-4.617497324943542480e-06
-5.225650966167449951e-06
-5.216337740421295166e-06
-5.215406417846679688e-06
-5.235895514488220215e-06
-5.180947482585906982e-06
-5.240552127361297607e-06
-5.209818482398986816e-06
-5.201436579227447510e-06
-5.200505256652832031e-06
-5.194917321205139160e-06
-5.214475095272064209e-06
-5.220063030719757080e-06
-5.215406417846679688e-06
-5.218200385570526123e-06
-5.223788321018218994e-06
-5.228444933891296387e-06
-5.223788321018218994e-06
-5.191192030906677246e-06
-5.228444933891296387e-06
