-8.296221494674682617e-06
-8.291564881801605225e-06
-8.291564881801605225e-06
-8.272007107734680176e-06
-8.309260010719299316e-06
-8.286908268928527832e-06
-8.275732398033142090e-06
-8.293427526950836182e-06
-8.278526365756988525e-06
-8.293427526950836182e-06
-6.199814379215240479e-06
-5.399808287620544434e-06
-3.890134394168853760e-06
-3.021210432052612305e-06
-2.515502274036407471e-06
-2.081505954265594482e-06
-1.685693860054016113e-06
-9.303912520408630371e-07
-2.505257725715637207e-07
2.235174179077148438e-07
1.029111444950103760e-06
3.168359398841857910e-06
4.155561327934265137e-06
5.371868610382080078e-06
6.554648280143737793e-06
7.676891982555389404e-06
8.871778845787048340e-06
1.027993857860565186e-05
1.153070479631423950e-05
1.339521259069442749e-05
1.531373709440231323e-05
1.695379614830017090e-05
1.932960003614425659e-05
2.143997699022293091e-05
2.404209226369857788e-05
2.639275044202804565e-05
2.892501652240753174e-05
3.291666507720947266e-05
4.071835428476333618e-05
5.158130079507827759e-05
6.658490747213363647e-05
9.519979357719421387e-05
1.320028677582740784e-04
1.756977289915084839e-04
2.201916649937629700e-04
2.668611705303192139e-04
3.179786726832389832e-04
3.733187913894653320e-04
4.324112087488174438e-04
4.927767440676689148e-04
5.530249327421188354e-04
6.128158420324325562e-04
6.715850904583930969e-04
7.301140576601028442e-04
7.875515148043632507e-04
8.435556665062904358e-04
8.978480473160743713e-04
9.498726576566696167e-04
1.000285148620605469e-03
1.049981452524662018e-03
1.098630018532276154e-03
1.147588714957237244e-03
1.196114346385002136e-03
1.243432052433490753e-03
1.289206556975841522e-03
1.335361041128635406e-03
1.380749978125095367e-03
1.425442285835742950e-03
1.469285227358341217e-03
1.513013616204261780e-03
1.556601375341415405e-03
1.596703194081783295e-03
1.598540693521499634e-03
1.583268865942955017e-03
1.564672216773033142e-03
1.546064391732215881e-03
1.528515480458736420e-03
1.511439681053161621e-03
1.495788805186748505e-03
1.480336301028728485e-03
1.465617679059505463e-03
1.450003124773502350e-03
1.434158533811569214e-03
1.418243162333965302e-03
1.402696594595909119e-03
1.386630348861217499e-03
1.371067017316818237e-03
1.355662010610103607e-03
1.340801827609539032e-03
1.325668767094612122e-03
1.310784369707107544e-03
1.295816153287887573e-03
1.280242577195167542e-03
1.264841295778751373e-03
1.249789260327816010e-03
1.235283911228179932e-03
1.220364123582839966e-03
1.205752603709697723e-03
1.191130839288234711e-03
1.176476478576660156e-03
1.161885447800159454e-03
1.148125156760215759e-03
1.134518533945083618e-03
1.120073720812797546e-03
1.105668023228645325e-03
1.091359183192253113e-03
1.077726483345031738e-03
1.063536852598190308e-03
1.049576327204704285e-03
1.035415567457675934e-03
1.021770760416984558e-03
1.008234918117523193e-03
9.946264326572418213e-04
9.813886135816574097e-04
9.673926979303359985e-04
9.539723396301269531e-04
9.405231103301048279e-04
9.277407079935073853e-04
9.141368791460990906e-04
9.010694921016693115e-04
8.879071101546287537e-04
8.748881518840789795e-04
8.618850260972976685e-04
8.486825972795486450e-04
8.362280204892158508e-04
8.233413100242614746e-04
8.109668269753456116e-04
7.981657981872558594e-04
7.863314822316169739e-04
7.737651467323303223e-04
7.612174376845359802e-04
7.483009248971939087e-04
7.364908233284950256e-04
7.245577871799468994e-04
7.123397663235664368e-04
7.000109180808067322e-04
6.878888234496116638e-04
6.759827956557273865e-04
6.637955084443092346e-04
6.525106728076934814e-04
6.404612213373184204e-04
6.289724260568618774e-04
6.173206493258476257e-04
6.066989153623580933e-04
5.951244384050369263e-04
5.838526412844657898e-04
5.725314840674400330e-04
5.620382726192474365e-04
5.508670583367347717e-04
5.395160987973213196e-04
5.286764353513717651e-04
5.209986120462417603e-04
5.118111148476600647e-04
4.958538338541984558e-04
4.857378080487251282e-04
4.752054810523986816e-04
4.650000482797622681e-04
4.568416625261306763e-04
4.503661766648292542e-04
4.398552700877189636e-04
4.307879135012626648e-04
4.213759675621986389e-04
4.115328192710876465e-04
4.018098115921020508e-04
3.933301195502281189e-04
3.845570608973503113e-04
3.752140328288078308e-04
3.656437620520591736e-04
3.562597557902336121e-04
3.464482724666595459e-04
3.370232880115509033e-04
3.279717639088630676e-04
3.194594755768775940e-04
3.104722127318382263e-04
3.018733114004135132e-04
2.935091033577919006e-04
2.857828512787818909e-04
2.776077017188072205e-04
2.698833122849464417e-04
2.620089799165725708e-04
2.549635246396064758e-04
2.473406493663787842e-04
2.401825040578842163e-04
2.327105030417442322e-04
2.261092886328697205e-04
2.194317057728767395e-04
2.127774059772491455e-04
2.057310193777084351e-04
1.993458718061447144e-04
1.931805163621902466e-04
1.867897808551788330e-04
1.805527135729789734e-04
1.745428889989852905e-04
1.691067591309547424e-04
1.633074134588241577e-04
1.578852534294128418e-04
1.521147787570953369e-04
1.470176503062248230e-04
1.416439190506935120e-04
1.360671594738960266e-04
1.311190426349639893e-04
1.259129494428634644e-04
1.212032511830329895e-04
1.158937811851501465e-04
1.105340197682380676e-04
1.051751896739006042e-04
1.001134514808654785e-04
9.557045996189117432e-05
9.068567305803298950e-05
8.614547550678253174e-05
8.110422641038894653e-05
7.663760334253311157e-05
7.236003875732421875e-05
6.820913404226303101e-05
6.441120058298110962e-05
6.055366247892379761e-05
5.740486085414886475e-05
5.406793206930160522e-05
5.112867802381515503e-05
4.795286804437637329e-05
4.506297409534454346e-05
4.241429269313812256e-05
3.972742706537246704e-05
3.742706030607223511e-05
3.518350422382354736e-05
3.356393426656723022e-05
3.249105066061019897e-05
3.171619027853012085e-05
3.123283386230468750e-05
3.097951412200927734e-05
3.095902502536773682e-05
3.082863986492156982e-05
3.067497164011001587e-05
3.043655306100845337e-05
2.997741103172302246e-05
2.943910658359527588e-05
2.885516732931137085e-05
2.824142575263977051e-05
2.756062895059585571e-05
2.712756395339965820e-05
2.685561776161193848e-05
2.661161124706268311e-05
2.643093466758728027e-05
2.620462328195571899e-05
2.583954483270645142e-05
2.519041299819946289e-05
2.447888255119323730e-05
2.308096736669540405e-05
2.164486795663833618e-05
2.038292586803436279e-05
1.918245106935501099e-05
1.816730946302413940e-05
1.655891537666320801e-05
1.562107354402542114e-05
1.465436071157455444e-05
1.379288733005523682e-05
1.301895827054977417e-05
1.212116330862045288e-05
1.124572008848190308e-05
1.040939241647720337e-05
9.647570550441741943e-06
8.828938007354736328e-06
8.295290172100067139e-06
7.817521691322326660e-06
7.408671081066131592e-06
6.894581019878387451e-06
6.509013473987579346e-06
6.263144314289093018e-06
5.941838026046752930e-06
5.630776286125183105e-06
5.248002707958221436e-06
4.640780389308929443e-06
4.023313522338867188e-06
3.514811396598815918e-06
3.010034561157226562e-06
2.696178853511810303e-06
2.164393663406372070e-06
1.409091055393218994e-06
7.096678018569946289e-07
9.778887033462524414e-08
-3.473833203315734863e-07
-6.696209311485290527e-07
-9.788200259208679199e-07
-1.369975507259368896e-06
-1.631677150726318359e-06
-2.055428922176361084e-06
-2.310611307621002197e-06
-2.767890691757202148e-06
-3.088265657424926758e-06
-3.436580300331115723e-06
-3.749504685401916504e-06
-4.112720489501953125e-06
-4.479661583900451660e-06
-4.827044904232025146e-06
-5.200505256652832031e-06
-5.444511771202087402e-06
-5.568377673625946045e-06
-5.597248673439025879e-06
-5.648471415042877197e-06
-5.743466317653656006e-06
-5.827285349369049072e-06
-6.035901606082916260e-06
-6.230548024177551270e-06
-6.443820893764495850e-06
-6.651505827903747559e-06
-6.862916052341461182e-06
-7.012858986854553223e-06
-7.119961082935333252e-06
-7.403083145618438721e-06
-7.726252079010009766e-06
-8.179806172847747803e-06
-8.320435881614685059e-06
-8.298084139823913574e-06
-8.291564881801605225e-06
-8.292496204376220703e-06
-8.303672075271606445e-06
-8.316710591316223145e-06
-8.310191333293914795e-06
-8.317641913890838623e-06
-8.299015462398529053e-06
-8.302740752696990967e-06
-8.294358849525451660e-06
-8.319504559040069580e-06
-8.290633559226989746e-06
-8.311122655868530273e-06
-8.306466042995452881e-06
-8.298084139823913574e-06
-8.312053978443145752e-06
-8.299015462398529053e-06
-8.294358849525451660e-06
