-5.064532160758972168e-06
-5.081295967102050781e-06
-5.093403160572052002e-06
-5.059875547885894775e-06
-5.092471837997436523e-06
-5.069188773632049561e-06
-5.098991096019744873e-06
-5.090609192848205566e-06
-5.076639354228973389e-06
-5.100853741168975830e-06
-5.076639354228973389e-06
-5.068257451057434082e-06
-5.102716386318206787e-06
-5.077570676803588867e-06
-5.084089934825897217e-06
-5.121342837810516357e-06
-5.084089934825897217e-06
-5.089677870273590088e-06
-5.083158612251281738e-06
-5.117617547512054443e-06
-5.095265805721282959e-06
-5.102716386318206787e-06
-5.098991096019744873e-06
-2.786517143249511719e-06
-1.649372279644012451e-06
2.613291144371032715e-06
5.806796252727508545e-06
1.027528196573257446e-05
1.273769885301589966e-05
1.520384103059768677e-05
1.784134656190872192e-05
2.122949808835983276e-05
2.442859113216400146e-05
2.660322934389114380e-05
3.003329038619995117e-05
3.364589065313339233e-05
4.051625728607177734e-05
4.922691732645034790e-05
6.491877138614654541e-05
8.541531860828399658e-05
1.222724094986915588e-04
1.752665266394615173e-04
2.341307699680328369e-04
2.979561686515808105e-04
3.626011312007904053e-04
4.309546202421188354e-04
5.026385188102722168e-04
5.783671513199806213e-04
6.586527451872825623e-04
7.423413917422294617e-04
8.260849863290786743e-04
9.082118049263954163e-04
9.881006553769111633e-04
1.065902411937713623e-03
1.142303459346294403e-03
1.215421594679355621e-03
1.286946237087249756e-03
1.355499960482120514e-03
1.421482302248477936e-03
1.486482098698616028e-03
1.551494002342224121e-03
1.615370623767375946e-03
1.678290776908397675e-03
1.740525476634502411e-03
1.804472878575325012e-03
1.867327839136123657e-03
1.928731799125671387e-03
1.988702453672885895e-03
2.047532238066196442e-03
2.066805958747863770e-03
2.050737850368022919e-03
2.024766057729721069e-03
1.997736282646656036e-03
1.972029916942119598e-03
1.946688629686832428e-03
1.923178322613239288e-03
1.900360919535160065e-03
1.877188682556152344e-03
1.853307709097862244e-03
1.829774118959903717e-03
1.807318069040775299e-03
1.784281805157661438e-03
1.761884428560733795e-03
1.739580184221267700e-03
1.717319712042808533e-03
1.695360057055950165e-03
1.673940569162368774e-03
1.652521081268787384e-03
1.630330458283424377e-03
1.608614809811115265e-03
1.587988808751106262e-03
1.566844992339611053e-03
1.546053215861320496e-03
1.525227911770343781e-03
1.505440101027488708e-03
1.485207118093967438e-03
1.464282162487506866e-03
1.444377936422824860e-03
1.424331218004226685e-03
1.404614187777042389e-03
1.385081559419631958e-03
1.365137286484241486e-03
1.346003264188766479e-03
1.325841061770915985e-03
1.307129859924316406e-03
1.287974417209625244e-03
1.268647611141204834e-03
1.250041648745536804e-03
1.231062225997447968e-03
1.212419942021369934e-03
1.193469390273094177e-03
1.175379380583763123e-03
1.156922429800033569e-03
1.138151623308658600e-03
1.120146363973617554e-03
1.101876609027385712e-03
1.083941198885440826e-03
1.064994372427463531e-03
1.047011464834213257e-03
1.029150560498237610e-03
1.010742038488388062e-03
9.928978979587554932e-04
9.746346622705459595e-04
9.575448930263519287e-04
9.404597803950309753e-04
9.236009791493415833e-04
9.060334414243698120e-04
8.885394781827926636e-04
8.722953498363494873e-04
8.550956845283508301e-04
8.380627259612083435e-04
8.213846012949943542e-04
8.054189383983612061e-04
7.889429107308387756e-04
7.725125178694725037e-04
7.568355649709701538e-04
7.409136742353439331e-04
7.252916693687438965e-04
7.093157619237899780e-04
6.944201886653900146e-04
6.815260276198387146e-04
6.720423698425292969e-04
6.557460874319076538e-04
6.399387493729591370e-04
6.253309547901153564e-04
6.113424897193908691e-04
5.969759076833724976e-04
5.823587998747825623e-04
5.687149241566658020e-04
5.549797788262367249e-04
5.413955077528953552e-04
5.283141508698463440e-04
5.153547972440719604e-04
5.026357248425483704e-04
4.901317879557609558e-04
4.779621958732604980e-04
4.650661721825599670e-04
4.523945972323417664e-04
4.401924088597297668e-04
4.291106015443801880e-04
4.170322790741920471e-04
4.054028540849685669e-04
3.938116133213043213e-04
3.833519294857978821e-04
3.721909597516059875e-04
3.614556044340133667e-04
3.510583192110061646e-04
3.415765240788459778e-04
3.315759822726249695e-04
3.219842910766601562e-04
3.127874806523323059e-04
3.043673932552337646e-04
2.950122579932212830e-04
2.861693501472473145e-04
2.768458798527717590e-04
2.688271924853324890e-04
2.602171152830123901e-04
2.518687397241592407e-04
2.433964982628822327e-04
2.355556935071945190e-04
2.276152372360229492e-04
2.194177359342575073e-04
2.113664522767066956e-04
2.033300697803497314e-04
1.957137137651443481e-04
1.874957233667373657e-04
1.795552670955657959e-04
1.713559031486511230e-04
1.642499119043350220e-04
1.568030565977096558e-04
1.494437456130981445e-04
1.413375139236450195e-04
1.339446753263473511e-04
1.266011968255043030e-04
1.199943944811820984e-04
1.129116863012313843e-04
1.062238588929176331e-04
9.975209832191467285e-05
9.355973452329635620e-05
8.768681436777114868e-05
8.187256753444671631e-05
7.720291614532470703e-05
7.240660488605499268e-05
6.795953959226608276e-05
6.324145942926406860e-05
5.946774035692214966e-05
5.564466118812561035e-05
5.251262336969375610e-05
4.951842129230499268e-05
4.736520349979400635e-05
4.561524838209152222e-05
4.393793642520904541e-05
4.254654049873352051e-05
4.137028008699417114e-05
4.074163734912872314e-05
4.025548696517944336e-05
3.992207348346710205e-05
3.962684422731399536e-05
3.921892493963241577e-05
3.843754529953002930e-05
3.762170672416687012e-05
3.674067556858062744e-05
3.572553396224975586e-05
3.473274409770965576e-05
3.379769623279571533e-05
3.323517739772796631e-05
3.274995833635330200e-05
3.227870911359786987e-05
3.159511834383010864e-05
3.071222454309463501e-05
2.972036600112915039e-05
2.898089587688446045e-05
2.783723175525665283e-05
2.649798989295959473e-05
2.547912299633026123e-05
2.447329461574554443e-05
2.315733581781387329e-05
2.206582576036453247e-05
2.083647996187210083e-05
1.933984458446502686e-05
1.817196607589721680e-05
1.691002398729324341e-05
1.580175012350082397e-05
1.510418951511383057e-05
1.443270593881607056e-05
1.378171145915985107e-05
1.326948404312133789e-05
1.291185617446899414e-05
1.248810440301895142e-05
1.216586679220199585e-05
1.159962266683578491e-05
1.081731170415878296e-05
1.008063554763793945e-05
9.390525519847869873e-06
8.864328265190124512e-06
8.095055818557739258e-06
7.032416760921478271e-06
6.122514605522155762e-06
5.355104804039001465e-06
4.837289452552795410e-06
4.429370164871215820e-06
4.043802618980407715e-06
3.488734364509582520e-06
3.030523657798767090e-06
2.498738467693328857e-06
1.986511051654815674e-06
1.491047441959381104e-06
1.060776412487030029e-06
5.224719643592834473e-07
5.867332220077514648e-08
-4.423782229423522949e-07
-9.052455425262451172e-07
-1.286156475543975830e-06
-1.446343958377838135e-06
-1.573935151100158691e-06
-1.646578311920166016e-06
-1.716427505016326904e-06
-1.877546310424804688e-06
-2.225860953330993652e-06
-2.617016434669494629e-06
-2.855435013771057129e-06
-3.145076334476470947e-06
-3.424473106861114502e-06
-3.512948751449584961e-06
-3.857538104057312012e-06
-4.271976649761199951e-06
-4.732050001621246338e-06
-5.228444933891296387e-06
-5.204230546951293945e-06
-5.195848643779754639e-06
-5.190260708332061768e-06
-5.160458385944366455e-06
-5.203299224376678467e-06
-5.186535418033599854e-06
-5.206093192100524902e-06
-5.181878805160522461e-06
-5.196779966354370117e-06
-5.208887159824371338e-06
-5.202367901802062988e-06
-5.210749804973602295e-06
-5.214475095272064209e-06
-5.179084837436676025e-06
-5.187466740608215332e-06
-5.193985998630523682e-06
-5.178153514862060547e-06
-5.180016160011291504e-06
