-7.295049726963043213e-06
-7.329508662223815918e-06
-7.346272468566894531e-06
-7.348135113716125488e-06
-7.327646017074584961e-06
-7.334165275096893311e-06
-7.332302629947662354e-06
-7.340684533119201660e-06
-7.350929081439971924e-06
-7.350929081439971924e-06
-7.327646017074584961e-06
-7.329508662223815918e-06
-7.371418178081512451e-06
-7.337890565395355225e-06
-7.331371307373046875e-06
-7.326714694499969482e-06
-7.352791726589202881e-06
-7.333233952522277832e-06
-7.345341145992279053e-06
-7.336959242820739746e-06
-7.336959242820739746e-06
-7.345341145992279053e-06
-7.342547178268432617e-06
-7.301568984985351562e-06
-5.241483449935913086e-06
-3.508292138576507568e-06
9.313225746154785156e-08
3.347173333168029785e-06
5.340203642845153809e-06
7.168389856815338135e-06
9.089708328247070312e-06
1.130998134613037109e-05
1.410488039255142212e-05
1.591723412275314331e-05
1.802761107683181763e-05
2.055987715721130371e-05
2.482347190380096436e-05
3.024563193321228027e-05
3.951787948608398438e-05
5.303788930177688599e-05
7.216073572635650635e-05
1.094369217753410339e-04
1.516509801149368286e-04
1.994371414184570312e-04
2.487497404217720032e-04
2.984525635838508606e-04
3.521749749779701233e-04
4.080496728420257568e-04
4.678769037127494812e-04
5.309749394655227661e-04
5.943765863776206970e-04
6.578424945473670959e-04
7.196590304374694824e-04
7.800143212080001831e-04
8.391886949539184570e-04
8.963905274868011475e-04
9.513683617115020752e-04
1.004685647785663605e-03
1.055837608873844147e-03
1.105792820453643799e-03
1.155491918325424194e-03
1.205026172101497650e-03
1.253360882401466370e-03
1.300667412579059601e-03
1.348881982266902924e-03
1.397304236888885498e-03
1.444874331355094910e-03
1.491616480052471161e-03
1.537102274596691132e-03
1.573674380779266357e-03
1.569114625453948975e-03
1.551995985209941864e-03
1.531270332634449005e-03
1.510932110249996185e-03
1.491522416472434998e-03
1.472774893045425415e-03
1.455135643482208252e-03
1.437729224562644958e-03
1.419487409293651581e-03
1.401491463184356689e-03
1.383850350975990295e-03
1.366493292152881622e-03
1.349132508039474487e-03
1.331951469182968140e-03
1.315181143581867218e-03
1.297988928854465485e-03
1.281479373574256897e-03
1.265255734324455261e-03
1.248416490852832794e-03
1.231792382895946503e-03
1.215407624840736389e-03
1.199687831103801727e-03
1.183548942208290100e-03
1.167439855635166168e-03
1.152238808572292328e-03
1.136769540607929230e-03
1.121209934353828430e-03
1.105555333197116852e-03
1.090230420231819153e-03
1.075219362974166870e-03
1.059938222169876099e-03
1.045198179781436920e-03
1.030038110911846161e-03
1.015160232782363892e-03
1.000303775072097778e-03
9.857276454567909241e-04
9.712940081954002380e-04
9.565092623233795166e-04
9.424071758985519409e-04
9.279539808630943298e-04
9.134095162153244019e-04
8.996175602078437805e-04
8.854093030095100403e-04
8.715307340025901794e-04
8.570784702897071838e-04
8.435482159256935120e-04
8.297190070152282715e-04
8.155051618814468384e-04
8.016135543584823608e-04
7.876763120293617249e-04
7.741972804069519043e-04
7.600113749504089355e-04
7.463870570063591003e-04
7.328977808356285095e-04
7.197111845016479492e-04
7.071746513247489929e-04
6.936918944120407104e-04
6.805285811424255371e-04
6.674109026789665222e-04
6.549321115016937256e-04
6.417846307158470154e-04
6.286473944783210754e-04
6.166817620396614075e-04
6.039654836058616638e-04
5.916897207498550415e-04
5.790730938315391541e-04
5.673281848430633545e-04
5.552722141146659851e-04
5.430411547422409058e-04
5.315719172358512878e-04
5.202051252126693726e-04
5.122255533933639526e-04
5.023432895541191101e-04
4.902407526969909668e-04
4.782564938068389893e-04
4.677912220358848572e-04
4.569636657834053040e-04
4.457412287592887878e-04
4.352051764726638794e-04
4.245769232511520386e-04
4.143705591559410095e-04
4.039900377392768860e-04
3.942949697375297546e-04
3.842758014798164368e-04
3.747921437025070190e-04
3.654304891824722290e-04
3.558900207281112671e-04
3.460738807916641235e-04
3.364607691764831543e-04
3.277435898780822754e-04
3.189221024513244629e-04
3.099171444773674011e-04
3.007743507623672485e-04
2.926532179117202759e-04
2.843942493200302124e-04
2.760579809546470642e-04
2.677571028470993042e-04
2.604629844427108765e-04
2.529127523303031921e-04
2.455227077007293701e-04
2.381708472967147827e-04
2.318173646926879883e-04
2.249935641884803772e-04
2.179769799113273621e-04
2.110162749886512756e-04
2.043629065155982971e-04
1.982161775231361389e-04
1.916047185659408569e-04
1.853276044130325317e-04
1.789061352610588074e-04
1.730937510728836060e-04
1.667803153395652771e-04
1.608245074748992920e-04
1.544244587421417236e-04
1.486903056502342224e-04
1.424988731741905212e-04
1.364583149552345276e-04
1.301569864153862000e-04
1.244312152266502380e-04
1.188283786177635193e-04
1.132320612668991089e-04
1.074727624654769897e-04
1.014079898595809937e-04
9.583774954080581665e-05
9.043607860803604126e-05
8.537899702787399292e-05
7.991492748260498047e-05
7.516052573919296265e-05
7.009971886873245239e-05
6.569083780050277710e-05
6.105098873376846313e-05
5.725584924221038818e-05
5.356594920158386230e-05
5.007628351449966431e-05
4.655029624700546265e-05
4.329998046159744263e-05
4.049483686685562134e-05
3.776326775550842285e-05
3.540515899658203125e-05
3.345217555761337280e-05
3.204308450222015381e-05
3.064610064029693604e-05
2.958346158266067505e-05
2.852827310562133789e-05
2.787914127111434937e-05
2.745632082223892212e-05
2.717971801757812500e-05
2.693571150302886963e-05
2.666562795639038086e-05
2.627540379762649536e-05
2.560857683420181274e-05
2.495944499969482422e-05
2.424418926239013672e-05
2.346187829971313477e-05
2.270098775625228882e-05
2.216920256614685059e-05
2.175476402044296265e-05
2.142135053873062134e-05
2.097710967063903809e-05
2.039689570665359497e-05
1.961458474397659302e-05
1.900456845760345459e-05
1.828558743000030518e-05
1.724157482385635376e-05
1.643132418394088745e-05
1.568160951137542725e-05
1.484341919422149658e-05
1.380499452352523804e-05
1.304037868976593018e-05
1.186877489089965820e-05
1.088809221982955933e-05
9.934417903423309326e-06
9.089708328247070312e-06
8.367002010345458984e-06
7.889233529567718506e-06
7.337890565395355225e-06
6.922520697116851807e-06
6.589107215404510498e-06
6.317161023616790771e-06
6.013549864292144775e-06
5.743466317653656006e-06
5.124136805534362793e-06
4.554167389869689941e-06
3.993511199951171875e-06
3.583729267120361328e-06
3.165565431118011475e-06
2.373941242694854736e-06
1.611188054084777832e-06
9.741634130477905273e-07
4.665926098823547363e-07
1.583248376846313477e-07
-1.741573214530944824e-07
-4.665926098823547363e-07
-8.996576070785522461e-07
-1.261010766029357910e-06
-1.648440957069396973e-06
-2.066604793071746826e-06
-2.387911081314086914e-06
-2.743676304817199707e-06
-3.110617399215698242e-06
-3.525055944919586182e-06
-3.910623490810394287e-06
-4.268251359462738037e-06
-4.435889422893524170e-06
-4.508532583713531494e-06
-4.598870873451232910e-06
-4.680827260017395020e-06
-4.761852324008941650e-06
-4.920177161693572998e-06
-5.217269062995910645e-06
-5.451962351799011230e-06
-5.705282092094421387e-06
-5.906447768211364746e-06
-6.061978638172149658e-06
-6.138347089290618896e-06
-6.491318345069885254e-06
-6.837770342826843262e-06
-7.183291018009185791e-06
-7.354654371738433838e-06
-7.337890565395355225e-06
-7.342547178268432617e-06
-7.346272468566894531e-06
-7.389113306999206543e-06
-7.353723049163818359e-06
-7.341615855693817139e-06
-7.336027920246124268e-06
-7.373280823230743408e-06
-7.345341145992279053e-06
-7.348135113716125488e-06
-7.337890565395355225e-06
-7.342547178268432617e-06
-7.349997758865356445e-06
-7.351860404014587402e-06
-7.363036274909973145e-06
-7.372349500656127930e-06
-7.350929081439971924e-06
