-4.518777132034301758e-06
-4.542991518974304199e-06
-4.521571099758148193e-06
-4.529021680355072021e-06
-4.530884325504302979e-06
-4.527159035205841064e-06
-4.540197551250457764e-06
-4.540197551250457764e-06
-4.542991518974304199e-06
-4.522502422332763672e-06
-4.537403583526611328e-06
-4.523433744907379150e-06
-4.535540938377380371e-06
-4.523433744907379150e-06
-4.523433744907379150e-06
-4.516914486885070801e-06
-4.517845809459686279e-06
-4.552304744720458984e-06
-4.525296390056610107e-06
-4.527159035205841064e-06
-4.511326551437377930e-06
-4.535540938377380371e-06
-4.539266228675842285e-06
-4.546716809272766113e-06
-4.529021680355072021e-06
-4.536472260951995850e-06
-4.561617970466613770e-06
-4.546716809272766113e-06
-4.511326551437377930e-06
-4.520639777183532715e-06
-4.509463906288146973e-06
-4.498288035392761230e-06
-4.533678293228149414e-06
-4.523433744907379150e-06
-4.547648131847381592e-06
-4.527159035205841064e-06
-4.527159035205841064e-06
-4.526227712631225586e-06
-4.516914486885070801e-06
-4.529953002929687500e-06
-4.518777132034301758e-06
-4.556961357593536377e-06
-4.543922841548919678e-06
-4.503875970840454102e-06
-4.521571099758148193e-06
-4.523433744907379150e-06
-4.530884325504302979e-06
-4.519708454608917236e-06
-4.529021680355072021e-06
-4.546716809272766113e-06
-4.498288035392761230e-06
-4.504807293415069580e-06
-4.500150680541992188e-06
-4.508532583713531494e-06
-4.515051841735839844e-06
-4.544854164123535156e-06
-4.561617970466613770e-06
-4.501082003116607666e-06
-4.512257874011993408e-06
-4.524365067481994629e-06
-4.559755325317382812e-06
-4.485249519348144531e-06
-4.542060196399688721e-06
-4.520639777183532715e-06
-4.514120519161224365e-06
-4.544854164123535156e-06
-4.501082003116607666e-06
-4.527159035205841064e-06
-4.522502422332763672e-06
-4.521571099758148193e-06
-4.511326551437377930e-06
-4.522502422332763672e-06
-4.532746970653533936e-06
-1.606531441211700439e-06
-1.342035830020904541e-06
-6.435438990592956543e-07
1.657754182815551758e-06
5.100853741168975830e-06
1.211091876029968262e-05
1.682713627815246582e-05
2.076290547847747803e-05
2.557132393121719360e-05
3.055855631828308105e-05
3.156810998916625977e-05
3.140512853860855103e-05
3.096926957368850708e-05
3.066379576921463013e-05
3.050826489925384521e-05
3.036484122276306152e-05
3.026425838470458984e-05
3.017578274011611938e-05
3.006495535373687744e-05
3.002490848302841187e-05
2.995878458023071289e-05
2.992991358041763306e-05
2.990290522575378418e-05
2.991873770952224731e-05
2.998858690261840820e-05
3.009568899869918823e-05
3.023259341716766357e-05
3.035273402929306030e-05
3.036204725503921509e-05
3.042258322238922119e-05
3.060232847929000854e-05
3.241561353206634521e-05
3.621820360422134399e-05
3.848131746053695679e-05
4.153046756982803345e-05
4.507414996623992920e-05
4.918035119771957397e-05
5.512405186891555786e-05
6.158463656902313232e-05
6.904546171426773071e-05
7.704365998506546021e-05
8.593127131462097168e-05
9.549222886562347412e-05
1.060226932168006897e-04
1.227688044309616089e-04
1.428266987204551697e-04
1.646922901272773743e-04
1.883460208773612976e-04
2.129217609763145447e-04
2.389783039689064026e-04
2.646818757057189941e-04
2.904497087001800537e-04
3.165276721119880676e-04
3.426671028137207031e-04
3.688819706439971924e-04
3.939680755138397217e-04
4.189703613519668579e-04
4.431614652276039124e-04
4.670163616538047791e-04
4.907269030809402466e-04
5.144150927662849426e-04
5.385754629969596863e-04
5.627190694212913513e-04
5.866847932338714600e-04
6.101429462432861328e-04
6.329435855150222778e-04
6.553549319505691528e-04
6.772112101316452026e-04
6.990423426032066345e-04
7.205437868833541870e-04
7.414361461997032166e-04
7.625529542565345764e-04
7.832059636712074280e-04
8.028605952858924866e-04
8.225589990615844727e-04
8.424101397395133972e-04
8.617211133241653442e-04
8.813589811325073242e-04
9.001847356557846069e-04
9.191902354359626770e-04
9.385151788592338562e-04
9.565176442265510559e-04
9.746616706252098083e-04
9.929593652486801147e-04
1.010137610137462616e-03
1.027749851346015930e-03
1.045303419232368469e-03
1.061732880771160126e-03
1.078588888049125671e-03
1.095565967261791229e-03
1.111851073801517487e-03
1.128025352954864502e-03
1.143952831625938416e-03
1.159470528364181519e-03
1.175191253423690796e-03
1.190333627164363861e-03
1.205089502036571503e-03
1.220726408064365387e-03
1.236090436577796936e-03
1.251365989446640015e-03
1.266847364604473114e-03
1.281485892832279205e-03
1.296031288802623749e-03
1.311124302446842194e-03
1.325760968029499054e-03
1.340039074420928955e-03
1.355009153485298157e-03
1.370102167129516602e-03
1.384430564939975739e-03
1.398728229105472565e-03
1.413489691913127899e-03
1.427635550498962402e-03
1.441525295376777649e-03
1.455680467188358307e-03
1.469529233872890472e-03
1.482913270592689514e-03
1.496534794569015503e-03
1.510469242930412292e-03
1.523341983556747437e-03
1.536190509796142578e-03
1.550048589706420898e-03
1.563282683491706848e-03
1.576097682118415833e-03
1.588840037584304810e-03
1.602205447852611542e-03
1.614648848772048950e-03
1.626967452466487885e-03
1.639464870095252991e-03
1.652214676141738892e-03
1.664387993514537811e-03
1.676244661211967468e-03
1.688392832875251770e-03
1.700440421700477600e-03
1.711993478238582611e-03
1.723404042422771454e-03
1.735593192279338837e-03
1.747181639075279236e-03
1.758462749421596527e-03
1.769185997545719147e-03
1.780839636921882629e-03
1.792449504137039185e-03
1.803610473871231079e-03
1.814351417124271393e-03
1.825637184083461761e-03
1.837121322751045227e-03
1.848335377871990204e-03
1.859171316027641296e-03
1.870217733085155487e-03
1.881080679595470428e-03
1.891747117042541504e-03
1.902075484395027161e-03
1.912347972393035889e-03
1.923017203807830811e-03
1.933245919644832611e-03
1.943563111126422882e-03
1.953648403286933899e-03
1.964070834219455719e-03
1.974496990442276001e-03
1.984247937798500061e-03
1.994328573346138000e-03
2.004580572247505188e-03
2.014078199863433838e-03
2.022452652454376221e-03
2.029050141572952271e-03
2.034805715084075928e-03
2.040189690887928009e-03
2.044837921857833862e-03
2.048570662736892700e-03
2.051774412393569946e-03
2.054296433925628662e-03
2.054521813988685608e-03
2.054112963378429413e-03
2.055558376014232635e-03
2.055152319371700287e-03
2.054543234407901764e-03
2.053903415799140930e-03
2.053327858448028564e-03
2.052789553999900818e-03
2.052274532616138458e-03
2.051801420748233795e-03
2.051379531621932983e-03
2.050960436463356018e-03
2.050580456852912903e-03
2.050224691629409790e-03
2.049859613180160522e-03
2.049514092504978180e-03
2.049177885055541992e-03
2.048875205218791962e-03
2.048579975962638855e-03
2.048291265964508057e-03
2.048021182417869568e-03
2.047746442258358002e-03
2.047479152679443359e-03
2.047250978648662567e-03
2.046963199973106384e-03
2.046734094619750977e-03
2.046506851911544800e-03
2.046281471848487854e-03
2.046023495495319366e-03
2.045829780399799347e-03
2.045609988272190094e-03
2.045389264822006226e-03
2.045208588242530823e-03
2.045025117695331573e-03
2.044808119535446167e-03
2.044603228569030762e-03
2.044401131570339203e-03
2.044165506958961487e-03
2.043956890702247620e-03
2.043727785348892212e-03
2.043515443801879883e-03
2.043277956545352936e-03
2.043102867901325226e-03
2.042902633547782898e-03
2.042688429355621338e-03
2.042492851614952087e-03
2.042308449745178223e-03
2.042150124907493591e-03
2.041941508650779724e-03
2.041777595877647400e-03
2.041581086814403534e-03
2.041382715106010437e-03
2.041136845946311951e-03
2.037920057773590088e-03
2.032061107456684113e-03
2.023140899837017059e-03
2.011831849813461304e-03
2.000706270337104797e-03
1.988135278224945068e-03
1.974062062799930573e-03
1.960230059921741486e-03
1.943749375641345978e-03
1.926742494106292725e-03
1.907957717776298523e-03
1.887979917228221893e-03
1.865795813500881195e-03
1.842908561229705811e-03
1.818367280066013336e-03
1.792579889297485352e-03
1.766029745340347290e-03
1.737662591040134430e-03
1.708265393972396851e-03
1.678294502198696136e-03
1.648211851716041565e-03
1.618028618395328522e-03
1.588787883520126343e-03
1.559696160256862640e-03
1.530958339571952820e-03
1.501768827438354492e-03
1.473710872232913971e-03
1.445436850190162659e-03
1.417954452335834503e-03
1.389772631227970123e-03
1.362076029181480408e-03
1.334381289780139923e-03
1.307070255279541016e-03
1.279719173908233643e-03
1.252974383533000946e-03
1.225986517965793610e-03
1.199793070554733276e-03
1.173445954918861389e-03
1.147757284343242645e-03
1.122871413826942444e-03
1.103183254599571228e-03
1.077565364539623260e-03
1.050099730491638184e-03
1.027626916766166687e-03
1.003175042569637299e-03
9.792465716600418091e-04
9.555388242006301880e-04
9.331041947007179260e-04
9.103314951062202454e-04
8.880114182829856873e-04
8.656335994601249695e-04
8.445465937256813049e-04
8.219284936785697937e-04
8.001942187547683716e-04
7.776934653520584106e-04
7.555140182375907898e-04
7.326165214180946350e-04
7.105590775609016418e-04
6.878543645143508911e-04
6.650006398558616638e-04
6.424831226468086243e-04
6.202450022101402283e-04
5.984678864479064941e-04
5.763517692685127258e-04
5.542049184441566467e-04
5.315253511071205139e-04
5.093710497021675110e-04
4.858467727899551392e-04
4.626121371984481812e-04
4.399549216032028198e-04
4.172325134277343750e-04
3.935126587748527527e-04
3.698086366057395935e-04
3.446200862526893616e-04
3.202101215720176697e-04
2.951938658952713013e-04
2.709077671170234680e-04
2.459362149238586426e-04
2.231607213616371155e-04
1.996038481593132019e-04
1.778174191713333130e-04
1.544738188385963440e-04
1.316415145993232727e-04
1.106187701225280762e-04
9.031314402818679810e-05
7.005129009485244751e-05
5.643628537654876709e-05
4.514772444963455200e-05
3.608036786317825317e-05
2.528633922338485718e-05
1.893471926450729370e-05
1.348834484815597534e-05
8.814036846160888672e-06
4.128552973270416260e-06
3.874301910400390625e-06
3.268942236900329590e-07
-1.770444214344024658e-06
-4.314817488193511963e-06
-4.513189196586608887e-06
-4.476867616176605225e-06
-4.490837454795837402e-06
-4.488974809646606445e-06
-4.454515874385833740e-06
-4.477798938751220703e-06
-4.475004971027374268e-06
-4.483386874198913574e-06
-4.465691745281219482e-06
-4.472211003303527832e-06
-4.459172487258911133e-06
-4.462897777557373047e-06
-4.497356712818145752e-06
-4.433095455169677734e-06
