-8.310191333293914795e-06
-8.295290172100067139e-06
-8.285976946353912354e-06
-8.269213140010833740e-06
-8.309260010719299316e-06
-8.274801075458526611e-06
-8.288770914077758789e-06
-8.296221494674682617e-06
-8.282251656055450439e-06
-8.265487849712371826e-06
-8.272007107734680176e-06
-8.296221494674682617e-06
-8.282251656055450439e-06
-8.275732398033142090e-06
-8.278526365756988525e-06
-8.291564881801605225e-06
-8.291564881801605225e-06
-8.261762559413909912e-06
-8.286908268928527832e-06
-8.293427526950836182e-06
-8.272938430309295654e-06
-8.281320333480834961e-06
-8.293427526950836182e-06
-8.313916623592376709e-06
-8.300878107547760010e-06
-8.276663720607757568e-06
-8.287839591503143311e-06
-8.313916623592376709e-06
-8.303672075271606445e-06
-8.277595043182373047e-06
-8.265487849712371826e-06
-8.291564881801605225e-06
-8.269213140010833740e-06
-8.278526365756988525e-06
-8.281320333480834961e-06
-8.262693881988525391e-06
-8.291564881801605225e-06
-8.268281817436218262e-06
-8.267350494861602783e-06
-8.272938430309295654e-06
-8.274801075458526611e-06
-8.252449333667755127e-06
-8.296221494674682617e-06
-8.302740752696990967e-06
-8.277595043182373047e-06
-8.294358849525451660e-06
-8.283182978630065918e-06
-8.301809430122375488e-06
-8.281320333480834961e-06
-8.298084139823913574e-06
-8.300878107547760010e-06
-8.281320333480834961e-06
-8.302740752696990967e-06
-8.299015462398529053e-06
-8.285045623779296875e-06
-8.314847946166992188e-06
-8.295290172100067139e-06
-8.272938430309295654e-06
-8.255243301391601562e-06
-8.293427526950836182e-06
-8.287839591503143311e-06
-8.281320333480834961e-06
-8.276663720607757568e-06
-8.285045623779296875e-06
-8.292496204376220703e-06
-8.263625204563140869e-06
-8.301809430122375488e-06
-8.267350494861602783e-06
-8.278526365756988525e-06
-8.277595043182373047e-06
-8.280389010906219482e-06
-8.283182978630065918e-06
-8.312985301017761230e-06
-8.290633559226989746e-06
-5.937181413173675537e-06
-5.711801350116729736e-06
-4.486180841922760010e-06
-2.536922693252563477e-06
1.737847924232482910e-06
5.786307156085968018e-06
9.327195584774017334e-06
1.266971230506896973e-05
1.677218824625015259e-05
1.923087984323501587e-05
1.910421997308731079e-05
1.895613968372344971e-05
1.869816333055496216e-05
1.849979162216186523e-05
1.834705471992492676e-05
1.830514520406723022e-05
1.821294426918029785e-05
1.812912523746490479e-05
1.809652894735336304e-05
1.801922917366027832e-05
1.798849552869796753e-05
1.797452569007873535e-05
1.794751733541488647e-05
1.800991594791412354e-05
1.806765794754028320e-05
1.818314194679260254e-05
1.824554055929183960e-05
1.831725239753723145e-05
1.832190901041030884e-05
1.843180507421493530e-05
1.867115497589111328e-05
2.184230834245681763e-05
2.357736229896545410e-05
2.558622509241104126e-05
2.814177423715591431e-05
3.099534660577774048e-05
3.482121974229812622e-05
3.965198993682861328e-05
4.490092396736145020e-05
5.081109702587127686e-05
5.730427801609039307e-05
6.420165300369262695e-05
7.188878953456878662e-05
8.183252066373825073e-05
9.626802057027816772e-05
1.121386885643005371e-04
1.298049464821815491e-04
1.481194049119949341e-04
1.675477251410484314e-04
1.874314621090888977e-04
2.069110050797462463e-04
2.266233786940574646e-04
2.465993165969848633e-04
2.668714150786399841e-04
2.860203385353088379e-04
3.053620457649230957e-04
3.240946680307388306e-04
3.425627946853637695e-04
3.606928512454032898e-04
3.788378089666366577e-04
3.969790413975715637e-04
4.154741764068603516e-04
4.337066784501075745e-04
4.521282389760017395e-04
4.697963595390319824e-04
4.871450364589691162e-04
5.039069801568984985e-04
5.204230546951293945e-04
5.372753366827964783e-04
5.535567179322242737e-04
5.695307627320289612e-04
5.852477625012397766e-04
6.006993353366851807e-04
6.158621981739997864e-04
6.311535835266113281e-04
6.457222625613212585e-04
6.607454270124435425e-04
6.756484508514404297e-04
6.899051368236541748e-04
7.044905796647071838e-04
7.190350443124771118e-04
7.327077910304069519e-04
7.465546950697898865e-04
7.602041587233543396e-04
7.735323160886764526e-04
7.870048284530639648e-04
7.998412474989891052e-04
8.126366883516311646e-04
8.255345746874809265e-04
8.381707593798637390e-04
8.507193997502326965e-04
8.629355579614639282e-04
8.747410029172897339e-04
8.868826553225517273e-04
8.986415341496467590e-04
9.098788723349571228e-04
9.216293692588806152e-04
9.334683418273925781e-04
9.450782090425491333e-04
9.570103138685226440e-04
9.683929383754730225e-04
9.795920923352241516e-04
9.908890351653099060e-04
1.002297736704349518e-03
1.013363711535930634e-03
1.024384982883930206e-03
1.036129891872406006e-03
1.047272235155105591e-03
1.058110035955905914e-03
1.069319434463977814e-03
1.080345362424850464e-03
1.091095618903636932e-03
1.101667992770671844e-03
1.112578436732292175e-03
1.122848130762577057e-03
1.133099198341369629e-03
1.143847592175006866e-03
1.153985969722270966e-03
1.163775101304054260e-03
1.173864118754863739e-03
1.184536144137382507e-03
1.194331794977188110e-03
1.203989610075950623e-03
1.214082352817058563e-03
1.223936676979064941e-03
1.233473420143127441e-03
1.242751255631446838e-03
1.252637244760990143e-03
1.262007281184196472e-03
1.271312125027179718e-03
1.280298456549644470e-03
1.289752312004566193e-03
1.298679970204830170e-03
1.307348720729351044e-03
1.316412352025508881e-03
1.325654797255992889e-03
1.334304921329021454e-03
1.342684961855411530e-03
1.351164653897285461e-03
1.360219903290271759e-03
1.368889585137367249e-03
1.377250999212265015e-03
1.385589130222797394e-03
1.394363120198249817e-03
1.403081230819225311e-03
1.411546021699905396e-03
1.419862732291221619e-03
1.428356394171714783e-03
1.436467282474040985e-03
1.444602385163307190e-03
1.452426426112651825e-03
1.460558734834194183e-03
1.468587666749954224e-03
1.476425677537918091e-03
1.484271138906478882e-03
1.492068171501159668e-03
1.500154845416545868e-03
1.507809385657310486e-03
1.515424810349941254e-03
1.523290760815143585e-03
1.530862413346767426e-03
1.537838019430637360e-03
1.543547026813030243e-03
1.548171974718570709e-03
1.552566885948181152e-03
1.556134782731533051e-03
1.559379510581493378e-03
1.562062650918960571e-03
1.563891768455505371e-03
1.565658487379550934e-03
1.565145328640937805e-03
1.565812155604362488e-03
1.566075719892978668e-03
1.565620303153991699e-03
1.565103419125080109e-03
1.564627513289451599e-03
1.564193516969680786e-03
1.563728787004947662e-03
1.563382335007190704e-03
1.563019119203090668e-03
1.562645658850669861e-03
1.562335528433322906e-03
1.562047749757766724e-03
1.561773009598255157e-03
1.561496406793594360e-03
1.561228185892105103e-03
1.560999080538749695e-03
1.560758799314498901e-03
1.560503616929054260e-03
1.560261473059654236e-03
1.560062170028686523e-03
1.559855416417121887e-03
1.559647731482982635e-03
1.559423282742500305e-03
1.559235155582427979e-03
1.559065654873847961e-03
1.558883115649223328e-03
1.558693125844001770e-03
1.558541320264339447e-03
1.558357849717140198e-03
1.558196730911731720e-03
1.558036543428897858e-03
1.557873561978340149e-03
1.557724550366401672e-03
1.557586714625358582e-03
1.557417213916778564e-03
1.557234674692153931e-03
1.557045616209506989e-03
1.556879840791225433e-03
1.556744799017906189e-03
1.556539908051490784e-03
1.556377857923507690e-03
1.556218601763248444e-03
1.556077040731906891e-03
1.555932685732841492e-03
1.555768772959709167e-03
1.555607654154300690e-03
1.555471681058406830e-03
1.555335707962512970e-03
1.555180177092552185e-03
1.555041410028934479e-03
1.554850488901138306e-03
1.554335467517375946e-03
1.550557091832160950e-03
1.544623635709285736e-03
1.536650583148002625e-03
1.527887769043445587e-03
1.519037410616874695e-03
1.508507877588272095e-03
1.497819088399410248e-03
1.486356370151042938e-03
1.473077572882175446e-03
1.459567807614803314e-03
1.444624736905097961e-03
1.428101211786270142e-03
1.411061733961105347e-03
1.392764970660209656e-03
1.373042352497577667e-03
1.352976076304912567e-03
1.331919804215431213e-03
1.309638842940330505e-03
1.286681741476058960e-03
1.263697631657123566e-03
1.240532845258712769e-03
1.217585988342761993e-03
1.195098273456096649e-03
1.172943972051143646e-03
1.150670461356639862e-03
1.128739677369594574e-03
1.106834039092063904e-03
1.085773110389709473e-03
1.064343377947807312e-03
1.042904332280158997e-03
1.021637581288814545e-03
1.000612974166870117e-03
9.794682264328002930e-04
9.589269757270812988e-04
9.382041171193122864e-04
9.179729968309402466e-04
8.978117257356643677e-04
8.780527859926223755e-04
8.586421608924865723e-04
8.410653099417686462e-04
8.244225755333900452e-04
8.044112473726272583e-04
7.858825847506523132e-04
7.668426260352134705e-04
7.486976683139801025e-04
7.302621379494667053e-04
7.128957659006118774e-04
6.955806165933609009e-04
6.785830482840538025e-04
6.614346057176589966e-04
6.449948996305465698e-04
6.284350529313087463e-04
6.115091964602470398e-04
5.948683246970176697e-04
5.777589976787567139e-04
5.606450140476226807e-04
5.435161292552947998e-04
5.268398672342300415e-04
5.091419443488121033e-04
4.921574145555496216e-04
4.750397056341171265e-04
4.584072157740592957e-04
4.415828734636306763e-04
4.249876365065574646e-04
4.076892510056495667e-04
3.908872604370117188e-04
3.733197227120399475e-04
3.555174916982650757e-04
3.379015251994132996e-04
3.210352733731269836e-04
3.031082451343536377e-04
2.852249890565872192e-04
2.666125074028968811e-04
2.477373927831649780e-04
2.289181575179100037e-04
2.102581784129142761e-04
1.914482563734054565e-04
1.732092350721359253e-04
1.556687057018280029e-04
1.385603100061416626e-04
1.214751973748207092e-04
1.037931069731712341e-04
8.665211498737335205e-05
7.169228047132492065e-05
5.552731454372406006e-05
4.266109317541122437e-05
3.349501639604568481e-05
2.585165202617645264e-05
1.837592571973800659e-05
1.144409179687500000e-05
7.160007953643798828e-06
4.053115844726562500e-06
-8.298084139823913574e-07
-2.009794116020202637e-06
-2.825632691383361816e-06
-5.901791155338287354e-06
-7.396563887596130371e-06
-8.324161171913146973e-06
-8.323229849338531494e-06
-8.283182978630065918e-06
-8.306466042995452881e-06
-8.288770914077758789e-06
-8.300878107547760010e-06
-8.299015462398529053e-06
-8.278526365756988525e-06
-8.306466042995452881e-06
-8.305534720420837402e-06
-8.297152817249298096e-06
-8.323229849338531494e-06
-8.303672075271606445e-06
-8.292496204376220703e-06
-8.324161171913146973e-06
