-8.312985301017761230e-06
-8.276663720607757568e-06
-8.291564881801605225e-06
-8.321367204189300537e-06
-8.297152817249298096e-06
-8.304603397846221924e-06
-8.306466042995452881e-06
-8.304603397846221924e-06
-8.332543075084686279e-06
-8.293427526950836182e-06
-8.286908268928527832e-06
-8.285045623779296875e-06
-7.075257599353790283e-06
-6.095506250858306885e-06
-4.303641617298126221e-06
-3.394670784473419189e-06
-2.836808562278747559e-06
-2.274289727210998535e-06
-1.939013600349426270e-06
-1.259148120880126953e-06
-4.908069968223571777e-07
5.867332220077514648e-08
1.715496182441711426e-06
3.132969141006469727e-06
4.217959940433502197e-06
5.222856998443603516e-06
6.340444087982177734e-06
7.547438144683837891e-06
9.032897651195526123e-06
1.040752977132797241e-05
1.237075775861740112e-05
1.406390219926834106e-05
1.597404479980468750e-05
1.815799623727798462e-05
2.021249383687973022e-05
2.283882349729537964e-05
2.535339444875717163e-05
2.808403223752975464e-05
3.363098949193954468e-05
4.272162914276123047e-05
5.520693957805633545e-05
7.403176277875900269e-05
1.082010567188262939e-04
1.487806439399719238e-04
1.940522342920303345e-04
2.393955364823341370e-04
2.894038334488868713e-04
3.435313701629638672e-04
4.015415906906127930e-04
4.624007269740104675e-04
5.240300670266151428e-04
5.846293643116950989e-04
6.448645144701004028e-04
7.045697420835494995e-04
7.631611078977584839e-04
8.207727223634719849e-04
8.767675608396530151e-04
9.301817044615745544e-04
9.822575375437736511e-04
1.032547093927860260e-03
1.082132570445537567e-03
1.131915487349033356e-03
1.181508414447307587e-03
1.230425201356410980e-03
1.277555711567401886e-03
1.324477605521678925e-03
1.370651647448539734e-03
1.416456885635852814e-03
1.461620442569255829e-03
1.506331376731395721e-03
1.550748012959957123e-03
1.587555743753910065e-03
1.584246754646301270e-03
1.569388434290885925e-03
1.550542190670967102e-03
1.532477326691150665e-03
1.513546332716941833e-03
1.496581360697746277e-03
1.480601727962493896e-03
1.465192995965480804e-03
1.448762603104114532e-03
1.432277262210845947e-03
1.415938138961791992e-03
1.399550586938858032e-03
1.383152790367603302e-03
1.366905868053436279e-03
1.351313665509223938e-03
1.335497945547103882e-03
1.320069655776023865e-03
1.304608769714832306e-03
1.289104111492633820e-03
1.272925175726413727e-03
1.257275231182575226e-03
1.242214813828468323e-03
1.226906664669513702e-03
1.211791299283504486e-03
1.196636818349361420e-03
1.181660220026969910e-03
1.166461035609245300e-03
1.152229495346546173e-03
1.138182356953620911e-03
1.123725436627864838e-03
1.108958385884761810e-03
1.094271428883075714e-03
1.080304384231567383e-03
1.065846532583236694e-03
1.051724888384342194e-03
1.037262380123138428e-03
1.023334451019763947e-03
1.009391620755195618e-03
9.953929111361503601e-04
9.819753468036651611e-04
9.675985202193260193e-04
9.537469595670700073e-04
9.400257840752601624e-04
9.267777204513549805e-04
9.129112586379051208e-04
8.992282673716545105e-04
8.859839290380477905e-04
8.723679929971694946e-04
8.589951321482658386e-04
8.453624323010444641e-04
8.324673399329185486e-04
8.191922679543495178e-04
8.063260465860366821e-04
7.936758920550346375e-04
7.812036201357841492e-04
7.683923467993736267e-04
7.549673318862915039e-04
7.424950599670410156e-04
7.299836724996566772e-04
7.178243249654769897e-04
7.046908140182495117e-04
6.924988701939582825e-04
6.800414994359016418e-04
6.675934419035911560e-04
6.555905565619468689e-04
6.434712558984756470e-04
6.314646452665328979e-04
6.192205473780632019e-04
6.082085892558097839e-04
5.963416770100593567e-04
5.848156288266181946e-04
5.729319527745246887e-04
5.619684234261512756e-04
5.505587905645370483e-04
5.387915298342704773e-04
5.275150761008262634e-04
5.172640085220336914e-04
5.051968619227409363e-04
4.935646429657936096e-04
4.829447716474533081e-04
4.719598218798637390e-04
4.620477557182312012e-04
4.562688991427421570e-04
4.454143345355987549e-04
4.352582618594169617e-04
4.256274551153182983e-04
4.155468195676803589e-04
4.025315865874290466e-04
3.963038325309753418e-04
3.866208717226982117e-04
3.769425675272941589e-04
3.666607663035392761e-04
3.568967804312705994e-04
3.465143963694572449e-04
3.366013988852500916e-04
3.269901499152183533e-04
3.179945051670074463e-04
3.085797652602195740e-04
2.993587404489517212e-04
2.908548340201377869e-04
2.828529104590415955e-04
2.744970843195915222e-04
2.658916637301445007e-04
2.579279243946075439e-04
2.499856054782867432e-04
2.422062680125236511e-04
2.344483509659767151e-04
2.271961420774459839e-04
2.200286835432052612e-04
2.129403874278068542e-04
2.056444063782691956e-04
1.987293362617492676e-04
1.919604837894439697e-04
1.851869747042655945e-04
1.783790066838264465e-04
1.720581203699111938e-04
1.661488786339759827e-04
1.599835231900215149e-04
1.542130485177040100e-04
1.481696963310241699e-04
1.426218077540397644e-04
1.364834606647491455e-04
1.310193911194801331e-04
1.255534589290618896e-04
1.204684376716613770e-04
1.147491857409477234e-04
1.090615987777709961e-04
1.033227890729904175e-04
9.808782488107681274e-05
9.296368807554244995e-05
8.788798004388809204e-05
8.298829197883605957e-05
7.777474820613861084e-05
7.311999797821044922e-05
6.848853081464767456e-05
6.444752216339111328e-05
6.037484854459762573e-05
5.695782601833343506e-05
5.353987216949462891e-05
5.028676241636276245e-05
4.708860069513320923e-05
4.407204687595367432e-05
4.132557660341262817e-05
3.863777965307235718e-05
3.610458225011825562e-05
3.392621874809265137e-05
3.254599869251251221e-05
3.154017031192779541e-05
3.100000321865081787e-05
3.068055957555770874e-05
3.061071038246154785e-05
3.052502870559692383e-05
3.035832196474075317e-05
3.008730709552764893e-05
2.961419522762298584e-05
2.905260771512985229e-05
2.844166010618209839e-05
2.783443778753280640e-05
2.714619040489196777e-05
2.678856253623962402e-05
2.652034163475036621e-05
2.626795321702957153e-05
2.606026828289031982e-05
2.568680793046951294e-05
2.508610486984252930e-05
2.431869506835937500e-05
2.292823046445846558e-05
2.138875424861907959e-05
2.012867480516433716e-05
1.885276287794113159e-05
1.768115907907485962e-05
1.610908657312393188e-05
1.520384103059768677e-05
1.420080661773681641e-05
1.333747059106826782e-05
1.252815127372741699e-05
1.155119389295578003e-05
1.066923141479492188e-05
9.803101420402526855e-06
8.945353329181671143e-06
8.299946784973144531e-06
7.734633982181549072e-06
7.268972694873809814e-06
6.789341568946838379e-06
6.420537829399108887e-06
6.090849637985229492e-06
5.796551704406738281e-06
5.510635673999786377e-06
4.912726581096649170e-06
4.282221198081970215e-06
3.688968718051910400e-06
3.187917172908782959e-06
2.866610884666442871e-06
2.440065145492553711e-06
1.577660441398620605e-06
8.614733815193176270e-07
1.797452569007873535e-07
-2.523884177207946777e-07
-6.118789315223693848e-07
-9.080395102500915527e-07
-1.328065991401672363e-06
-1.667067408561706543e-06
-2.085231244564056396e-06
-2.449378371238708496e-06
-2.874061465263366699e-06
-3.236345946788787842e-06
-3.594905138015747070e-06
-3.920868039131164551e-06
-4.383735358715057373e-06
-4.793517291545867920e-06
-5.181878805160522461e-06
-5.456618964672088623e-06
-5.575828254222869873e-06
-5.666166543960571289e-06
-5.747191607952117920e-06
-5.835667252540588379e-06
-5.945563316345214844e-06
-6.167218089103698730e-06
-6.361864507198333740e-06
-6.658956408500671387e-06
-6.904825568199157715e-06
-7.051043212413787842e-06
-7.089227437973022461e-06
-7.323920726776123047e-06
-7.688999176025390625e-06
-7.895752787590026855e-06
-8.280389010906219482e-06
-8.327886462211608887e-06
-8.332543075084686279e-06
-8.339062333106994629e-06
-8.308328688144683838e-06
-8.317641913890838623e-06
-8.286908268928527832e-06
-8.327886462211608887e-06
-8.305534720420837402e-06
-8.298084139823913574e-06
-8.326023817062377930e-06
-8.302740752696990967e-06
-8.327886462211608887e-06
-8.325092494487762451e-06
-8.336268365383148193e-06
-8.312985301017761230e-06
-8.321367204189300537e-06
-8.331611752510070801e-06
-8.310191333293914795e-06
-8.307397365570068359e-06
