-4.921108484268188477e-06
-4.943460226058959961e-06
-4.885718226432800293e-06
-4.913657903671264648e-06
-4.920177161693572998e-06
-4.893168807029724121e-06
-4.919245839118957520e-06
-4.932284355163574219e-06
-4.964880645275115967e-06
-4.912726581096649170e-06
-4.909001290798187256e-06
-4.912726581096649170e-06
-2.845190465450286865e-06
-6.351619958877563477e-07
9.862706065177917480e-07
1.912936568260192871e-06
2.653338015079498291e-06
3.238208591938018799e-06
3.729015588760375977e-06
4.845671355724334717e-06
5.732290446758270264e-06
6.514601409435272217e-06
9.252689778804779053e-06
1.081638038158416748e-05
1.215655356645584106e-05
1.356285065412521362e-05
1.514051109552383423e-05
1.690257340669631958e-05
1.876242458820343018e-05
2.054404467344284058e-05
2.347677946090698242e-05
2.552475780248641968e-05
2.857018262147903442e-05
3.118906170129776001e-05
3.427173942327499390e-05
3.756769001483917236e-05
4.096515476703643799e-05
4.603993147611618042e-05
5.521345883607864380e-05
6.933510303497314453e-05
8.867867290973663330e-05
1.237755641341209412e-04
1.725601032376289368e-04
2.301195636391639709e-04
2.892725169658660889e-04
3.515454009175300598e-04
4.194742068648338318e-04
4.925495013594627380e-04
5.709882825613021851e-04
6.516603752970695496e-04
7.316442206501960754e-04
8.114036172628402710e-04
8.896645158529281616e-04
9.677289053797721863e-04
1.043842174112796783e-03
1.118229702115058899e-03
1.190233975648880005e-03
1.259287819266319275e-03
1.325660385191440582e-03
1.391903497278690338e-03
1.456270925700664520e-03
1.521533355116844177e-03
1.586253754794597626e-03
1.648926176130771637e-03
1.709613017737865448e-03
1.771315932273864746e-03
1.831710338592529297e-03
1.891290768980979919e-03
1.950185745954513550e-03
2.008413895964622498e-03
2.066412009298801422e-03
2.088448032736778259e-03
2.074168995022773743e-03
2.051379531621932983e-03
2.027260139584541321e-03
2.003107219934463501e-03
1.979296095669269562e-03
1.957878470420837402e-03
1.937605440616607666e-03
1.916709356009960175e-03
1.895289868116378784e-03
1.873505301773548126e-03
1.852466724812984467e-03
1.830607652664184570e-03
1.809595152735710144e-03
1.788436435163021088e-03
1.768238842487335205e-03
1.747630536556243896e-03
1.727503724396228790e-03
1.707280054688453674e-03
1.686313189566135406e-03
1.665654592216014862e-03
1.645398326218128204e-03
1.625848934054374695e-03
1.605600118637084961e-03
1.585895195603370667e-03
1.566249877214431763e-03
1.546345651149749756e-03
1.527224667370319366e-03
1.508611254394054413e-03
1.490351743996143341e-03
1.470758579671382904e-03
1.451617106795310974e-03
1.432838849723339081e-03
1.414346508681774139e-03
1.395659521222114563e-03
1.376585103571414948e-03
1.358426176011562347e-03
1.339741051197052002e-03
1.321914605796337128e-03
1.303780823945999146e-03
1.285741105675697327e-03
1.267017796635627747e-03
1.248674467206001282e-03
1.231477595865726471e-03
1.213422976434230804e-03
1.195731572806835175e-03
1.177613623440265656e-03
1.160575076937675476e-03
1.142557710409164429e-03
1.124813221395015717e-03
1.107647083699703217e-03
1.090249978005886078e-03
1.073403283953666687e-03
1.056154258549213409e-03
1.040255650877952576e-03
1.023451797664165497e-03
1.006591133773326874e-03
9.889705106616020203e-04
9.730244055390357971e-04
9.568659588694572449e-04
9.401533752679824829e-04
9.236745536327362061e-04
9.072767570614814758e-04
8.912244811654090881e-04
8.745742961764335632e-04
8.593974635004997253e-04
8.432334288954734802e-04
8.275508880615234375e-04
8.122120052576065063e-04
7.973043248057365417e-04
7.819589227437973022e-04
7.662530988454818726e-04
7.517924532294273376e-04
7.366854697465896606e-04
7.218830287456512451e-04
7.061362266540527344e-04
6.922055035829544067e-04
6.774952635169029236e-04
6.623482331633567810e-04
6.475849077105522156e-04
6.333924829959869385e-04
6.193388253450393677e-04
6.083929911255836487e-04
5.988245829939842224e-04
5.844272673130035400e-04
5.718553438782691956e-04
5.589211359620094299e-04
5.445918068289756775e-04
5.304031074047088623e-04
5.204100161790847778e-04
5.079815164208412170e-04
4.948228597640991211e-04
4.816604778170585632e-04
4.684692248702049255e-04
4.551596939563751221e-04
4.420336335897445679e-04
4.302216693758964539e-04
4.178294911980628967e-04
4.057670012116432190e-04
3.937315195798873901e-04
3.832727670669555664e-04
3.725048154592514038e-04
3.615422174334526062e-04
3.502694889903068542e-04
3.402652218937873840e-04
3.295456990599632263e-04
3.196382895112037659e-04
3.095464780926704407e-04
3.002798184752464294e-04
2.906844019889831543e-04
2.814969047904014587e-04
2.717869356274604797e-04
2.631377428770065308e-04
2.540657296776771545e-04
2.452880144119262695e-04
2.364162355661392212e-04
2.287346869707107544e-04
2.205800265073776245e-04
2.128137275576591492e-04
2.048835158348083496e-04
1.975297927856445312e-04
1.898445188999176025e-04
1.820158213376998901e-04
1.748958602547645569e-04
1.679342240095138550e-04
1.610405743122100830e-04
1.534176990389823914e-04
1.460118219256401062e-04
1.385025680065155029e-04
1.320224255323410034e-04
1.250933855772018433e-04
1.186951994895935059e-04
1.118266955018043518e-04
1.054489985108375549e-04
9.937025606632232666e-05
9.357091039419174194e-05
8.829962462186813354e-05
8.327886462211608887e-05
7.893238216638565063e-05
7.439404726028442383e-05
7.034838199615478516e-05
6.605405360460281372e-05
6.235856562852859497e-05
5.875714123249053955e-05
5.536619573831558228e-05
5.215685814619064331e-05
4.978198558092117310e-05
4.828441888093948364e-05
4.724599421024322510e-05
4.664808511734008789e-05
4.642270505428314209e-05
4.635471850633621216e-05
4.621874541044235229e-05
4.599057137966156006e-05
4.547927528619766235e-05
4.475563764572143555e-05
4.402920603752136230e-05
4.317983984947204590e-05
4.228856414556503296e-05
4.161428660154342651e-05
4.120636731386184692e-05
4.086364060640335083e-05
4.059262573719024658e-05
4.024989902973175049e-05
3.958120942115783691e-05
3.869924694299697876e-05
3.737583756446838379e-05
3.528501838445663452e-05
3.348663449287414551e-05
3.182142972946166992e-05
3.023166209459304810e-05
2.855900675058364868e-05
2.678576856851577759e-05
2.556573599576950073e-05
2.427585422992706299e-05
2.334080636501312256e-05
2.203229814767837524e-05
2.081226557493209839e-05
1.963227987289428711e-05
1.857988536357879639e-05
1.745298504829406738e-05
1.676008105278015137e-05
1.608394086360931396e-05
1.547206193208694458e-05
1.485086977481842041e-05
1.447182148694992065e-05
1.403689384460449219e-05
1.363176852464675903e-05
1.311022788286209106e-05
1.222454011440277100e-05
1.143757253885269165e-05
1.074653118848800659e-05
1.019239425659179688e-05
9.810552000999450684e-06
8.882954716682434082e-06
7.846392691135406494e-06
6.919726729393005371e-06
6.118789315223693848e-06
5.655921995639801025e-06
5.208887159824371338e-06
4.717148840427398682e-06
4.270114004611968994e-06
3.735534846782684326e-06
3.268010914325714111e-06
2.705492079257965088e-06
2.187676727771759033e-06
1.721084117889404297e-06
1.315027475357055664e-06
7.646158337593078613e-07
2.263113856315612793e-07
-3.231689333915710449e-07
-8.409842848777770996e-07
-1.056119799613952637e-06
-1.174397766590118408e-06
-1.301057636737823486e-06
-1.377426087856292725e-06
-1.539476215839385986e-06
-1.762062311172485352e-06
-2.087093889713287354e-06
-2.356246113777160645e-06
-2.741813659667968750e-06
-2.990476787090301514e-06
-3.077089786529541016e-06
-3.213062882423400879e-06
-3.699213266372680664e-06
-4.016794264316558838e-06
-4.423782229423522949e-06
-4.732981324195861816e-06
-4.733912646770477295e-06
-4.738569259643554688e-06
-4.725530743598937988e-06
-4.731118679046630859e-06
-4.743225872516632080e-06
-4.738569259643554688e-06
-4.715286195278167725e-06
-4.714354872703552246e-06
-4.706904292106628418e-06
-4.733912646770477295e-06
-4.705972969532012939e-06
-4.705041646957397461e-06
-4.745088517665863037e-06
-4.719942808151245117e-06
-4.726462066173553467e-06
-4.694797098636627197e-06
-4.711560904979705811e-06
-4.721805453300476074e-06
