-8.282251656055450439e-06
-8.268281817436218262e-06
-8.258037269115447998e-06
-8.289702236652374268e-06
-8.262693881988525391e-06
-8.285045623779296875e-06
-8.272938430309295654e-06
-8.285976946353912354e-06
-8.252449333667755127e-06
-8.272007107734680176e-06
-8.277595043182373047e-06
-8.276663720607757568e-06
-8.255243301391601562e-06
-8.270144462585449219e-06
-8.270144462585449219e-06
-8.262693881988525391e-06
-8.263625204563140869e-06
-8.273869752883911133e-06
-8.271075785160064697e-06
-8.278526365756988525e-06
-8.255243301391601562e-06
-8.253380656242370605e-06
-8.274801075458526611e-06
-8.271075785160064697e-06
-8.276663720607757568e-06
-8.255243301391601562e-06
-8.279457688331604004e-06
-8.258968591690063477e-06
-8.254311978816986084e-06
-8.263625204563140869e-06
-8.258037269115447998e-06
-8.268281817436218262e-06
-8.084811270236968994e-06
-5.381181836128234863e-06
-4.945322871208190918e-06
-4.216097295284271240e-06
-3.313645720481872559e-06
-2.683140337467193604e-06
-2.301298081874847412e-06
-2.023763954639434814e-06
-1.827254891395568848e-06
-1.665204763412475586e-06
-1.473352313041687012e-06
-1.303851604461669922e-06
-1.175329089164733887e-06
-4.284083843231201172e-08
1.686625182628631592e-06
2.416782081127166748e-06
3.202818334102630615e-06
3.983266651630401611e-06
4.617497324943542480e-06
5.299225449562072754e-06
6.175599992275238037e-06
6.912276148796081543e-06
7.650814950466156006e-06
8.475035429000854492e-06
9.208917617797851562e-06
1.016631722450256348e-05
1.112651079893112183e-05
1.202244311571121216e-05
1.296494156122207642e-05
1.392979174852371216e-05
1.475214958190917969e-05
1.557916402816772461e-05
1.646764576435089111e-05
1.758802682161331177e-05
1.857988536357879639e-05
1.962482929229736328e-05
2.090074121952056885e-05
2.317503094673156738e-05
2.570357173681259155e-05
2.822186797857284546e-05
3.127194941043853760e-05
3.551971167325973511e-05
4.045944660902023315e-05
4.602596163749694824e-05
5.179829895496368408e-05
5.152449011802673340e-05
4.929024726152420044e-05
4.800409078598022461e-05
4.705972969532012939e-05
4.633050411939620972e-05
4.573259502649307251e-05
4.525482654571533203e-05
4.482455551624298096e-05
4.447251558303833008e-05
4.416331648826599121e-05
4.384107887744903564e-05
4.358869045972824097e-05
4.332885146141052246e-05
4.308950155973434448e-05
4.290416836738586426e-05
4.267413169145584106e-05
4.249811172485351562e-05
4.236772656440734863e-05
4.225596785545349121e-05
4.213582724332809448e-05
4.207342863082885742e-05
4.222150892019271851e-05
4.528462886810302734e-05
4.899594932794570923e-05
5.226861685514450073e-05
5.554128438234329224e-05
5.865842103958129883e-05
6.151478737592697144e-05
6.484985351562500000e-05
6.854906678199768066e-05
7.308833301067352295e-05
7.936265319585800171e-05
8.712988346815109253e-05
9.562913328409194946e-05
1.051155850291252136e-04
1.152614131569862366e-04
1.264344900846481323e-04
1.385584473609924316e-04
1.514777541160583496e-04
1.658331602811813354e-04
1.805033534765243530e-04
1.957071945071220398e-04
2.114688977599143982e-04
2.280101180076599121e-04
2.461280673742294312e-04
2.649696543812751770e-04
2.853376790881156921e-04
3.071464598178863525e-04
3.301436081528663635e-04
3.545619547367095947e-04
3.809463232755661011e-04
4.093414172530174255e-04
4.389192909002304077e-04
4.695579409599304199e-04
5.014967173337936401e-04
5.337418988347053528e-04
5.665523931384086609e-04
5.990229547023773193e-04
6.303563714027404785e-04
6.601521745324134827e-04
6.889626383781433105e-04
7.166918367147445679e-04
7.430855184793472290e-04
7.680719718337059021e-04
7.917489856481552124e-04
8.141370490193367004e-04
8.352249860763549805e-04
8.549494668841362000e-04
8.734380826354026794e-04
8.907150477170944214e-04
9.067431092262268066e-04
9.220987558364868164e-04
9.356196969747543335e-04
9.478973224759101868e-04
9.598843753337860107e-04
9.704437106847763062e-04
9.798360988497734070e-04
9.879730641841888428e-04
9.959731251001358032e-04
1.002655364573001862e-03
1.008311286568641663e-03
1.013068482279777527e-03
1.016950234770774841e-03
1.019653864204883575e-03
1.021575182676315308e-03
1.023229211568832397e-03
1.024452038109302521e-03
1.024572178721427917e-03
1.023579388856887817e-03
1.022694632411003113e-03
1.021884381771087646e-03
1.021180301904678345e-03
1.020555384457111359e-03
1.019893214106559753e-03
1.019380055367946625e-03
1.018874347209930420e-03
1.018390990793704987e-03
1.017898321151733398e-03
1.017477363348007202e-03
1.017035916447639465e-03
1.016612164676189423e-03
1.016231253743171692e-03
1.015830785036087036e-03
1.015493646264076233e-03
1.015131361782550812e-03
1.014788635075092316e-03
1.014430075883865356e-03
1.014110632240772247e-03
1.013779081404209137e-03
1.013398170471191406e-03
1.012995839118957520e-03
1.012439839541912079e-03
1.008164137601852417e-03
9.984048083424568176e-04
9.860591962933540344e-04
9.744483977556228638e-04
9.609218686819076538e-04
9.466977789998054504e-04
9.326450526714324951e-04
9.186379611492156982e-04
9.047873318195343018e-04
8.904142305254936218e-04
8.761193603277206421e-04
8.624382317066192627e-04
8.485550060868263245e-04
8.344361558556556702e-04
8.203107863664627075e-04
8.071810007095336914e-04
7.940093055367469788e-04
7.811645045876502991e-04
7.675411179661750793e-04
7.546432316303253174e-04
7.412768900394439697e-04
7.282849401235580444e-04
7.147463038563728333e-04
7.024239748716354370e-04
6.894832476973533630e-04
6.769923493266105652e-04
6.643133237957954407e-04
6.526168435811996460e-04
6.401808932423591614e-04
6.278837099671363831e-04
6.155408918857574463e-04
6.039310246706008911e-04
5.916822701692581177e-04
5.794251337647438049e-04
5.676504224538803101e-04
5.559027194976806641e-04
5.438029766082763672e-04
5.320301279425621033e-04
5.207657814025878906e-04
5.092769861221313477e-04
4.977453500032424927e-04
4.859175533056259155e-04
4.749763756990432739e-04
4.663048312067985535e-04
4.580859094858169556e-04
4.469538107514381409e-04
4.357546567916870117e-04
4.245648160576820374e-04
4.141237586736679077e-04
4.035336896777153015e-04
3.928747028112411499e-04
3.825770691037178040e-04
3.725914284586906433e-04
3.622714430093765259e-04
3.523249179124832153e-04
3.423644229769706726e-04
3.330744802951812744e-04
3.236802294850349426e-04
3.147050738334655762e-04
3.057112917304039001e-04
2.972492948174476624e-04
2.885265275835990906e-04
2.800114452838897705e-04
2.715187147259712219e-04
2.638008445501327515e-04
2.556620165705680847e-04
2.480577677488327026e-04
2.401676028966903687e-04
2.330625429749488831e-04
2.258392050862312317e-04
2.188570797443389893e-04
2.119168639183044434e-04
2.056714147329330444e-04
1.994641497731208801e-04
1.930985599756240845e-04
1.869378611445426941e-04
1.806588843464851379e-04
1.747626811265945435e-04
1.688571646809577942e-04
1.632925122976303101e-04
1.571811735630035400e-04
1.515150070190429688e-04
1.460341736674308777e-04
1.406418159604072571e-04
1.355614513158798218e-04
1.303050667047500610e-04
1.252610236406326294e-04
1.200148835778236389e-04
1.148115843534469604e-04
1.093307510018348694e-04
1.042727380990982056e-04
9.911507368087768555e-05
9.412039071321487427e-05
8.921790868043899536e-05
8.438713848590850830e-05
8.004065603017807007e-05
7.559452205896377563e-05
7.150508463382720947e-05
6.728805601596832275e-05
6.322003901004791260e-05
5.963630974292755127e-05
5.631893873214721680e-05
5.321856588125228882e-05
4.998780786991119385e-05
4.709977656602859497e-05
4.423502832651138306e-05
4.161521792411804199e-05
3.913696855306625366e-05
3.654789179563522339e-05
3.084074705839157104e-05
2.641137689352035522e-05
1.963227987289428711e-05
9.833835065364837646e-06
4.811212420463562012e-06
-2.114102244377136230e-07
-3.870576620101928711e-06
-5.996786057949066162e-06
-7.566064596176147461e-06
-8.268281817436218262e-06
-8.274801075458526611e-06
-8.269213140010833740e-06
-8.263625204563140869e-06
-8.303672075271606445e-06
-8.297152817249298096e-06
-8.265487849712371826e-06
-8.295290172100067139e-06
-8.279457688331604004e-06
-8.276663720607757568e-06
