-4.666857421398162842e-06
-4.676170647144317627e-06
-4.691071808338165283e-06
-4.677101969718933105e-06
-4.643574357032775879e-06
-4.682689905166625977e-06
-4.682689905166625977e-06
-4.679895937442779541e-06
-4.678964614868164062e-06
-4.687346518039703369e-06
-4.689209163188934326e-06
-4.699453711509704590e-06
-4.670582711696624756e-06
-4.664994776248931885e-06
-4.683621227741241455e-06
-4.675239324569702148e-06
-4.666857421398162842e-06
-4.659406840801239014e-06
-4.659406840801239014e-06
-4.679895937442779541e-06
-4.680827260017395020e-06
-4.683621227741241455e-06
-4.686415195465087891e-06
-4.681758582592010498e-06
-4.687346518039703369e-06
-4.680827260017395020e-06
-4.693865776062011719e-06
-4.673376679420471191e-06
-4.669651389122009277e-06
-4.691071808338165283e-06
-4.660338163375854492e-06
-4.682689905166625977e-06
-4.660338163375854492e-06
-1.723878085613250732e-06
-7.050111889839172363e-07
1.844018697738647461e-07
1.184642314910888672e-06
2.306886017322540283e-06
2.867542207241058350e-06
3.292225301265716553e-06
3.665685653686523438e-06
3.920868039131164551e-06
4.063360393047332764e-06
4.348345100879669189e-06
4.525296390056610107e-06
4.786998033523559570e-06
7.446855306625366211e-06
8.979812264442443848e-06
9.777955710887908936e-06
1.093000173568725586e-05
1.183152198791503906e-05
1.271814107894897461e-05
1.372117549180984497e-05
1.477077603340148926e-05
1.569557934999465942e-05
1.676566898822784424e-05
1.781154423952102661e-05
1.891516149044036865e-05
2.010725438594818115e-05
2.137105911970138550e-05
2.264324575662612915e-05
2.389214932918548584e-05
2.500414848327636719e-05
2.603046596050262451e-05
2.725888043642044067e-05
2.852361649274826050e-05
2.995599061250686646e-05
3.120116889476776123e-05
3.276299685239791870e-05
3.518257290124893188e-05
3.829039633274078369e-05
4.154536873102188110e-05
4.499964416027069092e-05
4.994217306375503540e-05
5.609448999166488647e-05
6.282888352870941162e-05
7.081963121891021729e-05
7.469579577445983887e-05
7.220264524221420288e-05
6.995629519224166870e-05
6.857328116893768311e-05
6.747245788574218750e-05
6.663054227828979492e-05
6.589852273464202881e-05
6.533041596412658691e-05
6.479024887084960938e-05
6.435904651880264282e-05
6.394274532794952393e-05
6.356742233037948608e-05
6.322562694549560547e-05
6.293971091508865356e-05
6.262306123971939087e-05
6.238743662834167480e-05
6.212107837200164795e-05
6.188545376062393188e-05
6.174854934215545654e-05
6.159767508506774902e-05
6.145983934402465820e-05
6.144121289253234863e-05
6.337836384773254395e-05
6.813276559114456177e-05
7.265899330377578735e-05
7.695984095335006714e-05
8.113682270050048828e-05
8.495151996612548828e-05
8.901115506887435913e-05
9.373482316732406616e-05
9.877048432826995850e-05
1.060618087649345398e-04
1.154020428657531738e-04
1.258840784430503845e-04
1.377705484628677368e-04
1.507252454757690430e-04
1.645125448703765869e-04
1.798970624804496765e-04
1.961961388587951660e-04
2.142367884516716003e-04
2.331910654902458191e-04
2.530058845877647400e-04
2.730349078774452209e-04
2.943873405456542969e-04
3.168927505612373352e-04
3.413530066609382629e-04
3.669410943984985352e-04
3.946172073483467102e-04
4.236996173858642578e-04
4.549706354737281799e-04
4.883026704192161560e-04
5.240319296717643738e-04
5.622347816824913025e-04
6.017889827489852905e-04
6.428975611925125122e-04
6.849663332104682922e-04
7.274569943547248840e-04
7.708044722676277161e-04
8.125752210617065430e-04
8.526369929313659668e-04
8.911844342947006226e-04
9.281439706683158875e-04
9.634448215365409851e-04
9.972825646400451660e-04
1.029020175337791443e-03
1.059278845787048340e-03
1.087659038603305817e-03
1.114379614591598511e-03
1.139492727816104889e-03
1.162975095212459564e-03
1.184838823974132538e-03
1.205288805067539215e-03
1.224206760525703430e-03
1.241032034158706665e-03
1.257011666893959045e-03
1.271728426218032837e-03
1.284965313971042633e-03
1.296090893447399139e-03
1.306752674281597137e-03
1.316498965024948120e-03
1.324407756328582764e-03
1.331273466348648071e-03
1.337379217147827148e-03
1.341419294476509094e-03
1.344797201454639435e-03
1.347406767308712006e-03
1.347577199339866638e-03
1.349847763776779175e-03
1.348718069493770599e-03
1.347480341792106628e-03
1.346401870250701904e-03
1.345457509160041809e-03
1.344594173133373260e-03
1.343796029686927795e-03
1.342992298305034637e-03
1.342305913567543030e-03
1.341653987765312195e-03
1.341014169156551361e-03
1.340422779321670532e-03
1.339824870228767395e-03
1.339325681328773499e-03
1.338760368525981903e-03
1.338265836238861084e-03
1.337812282145023346e-03
1.337331719696521759e-03
1.336875371634960175e-03
1.336412504315376282e-03
1.335995271801948547e-03
1.335516571998596191e-03
1.335053704679012299e-03
1.334619708359241486e-03
1.334041357040405273e-03
1.331874169409275055e-03
1.322466880083084106e-03
1.307183876633644104e-03
1.291459426283836365e-03
1.275473274290561676e-03
1.256715506315231323e-03
1.238442957401275635e-03
1.219686120748519897e-03
1.202051527798175812e-03
1.183179207146167755e-03
1.164708286523818970e-03
1.145948655903339386e-03
1.128473319113254547e-03
1.109779812395572662e-03
1.091595739126205444e-03
1.073258928954601288e-03
1.056486740708351135e-03
1.039220020174980164e-03
1.022120006382465363e-03
1.004384830594062805e-03
9.874291718006134033e-04
9.701475501060485840e-04
9.527830407023429871e-04
9.358543902635574341e-04
9.192824363708496094e-04
9.026350453495979309e-04
8.859075605869293213e-04
8.702650666236877441e-04
8.542351424694061279e-04
8.382266387343406677e-04
8.217692375183105469e-04
8.065495640039443970e-04
7.905727252364158630e-04
7.748091593384742737e-04
7.584039121866226196e-04
7.436517626047134399e-04
7.276227697730064392e-04
7.122391834855079651e-04
6.967298686504364014e-04
6.823642179369926453e-04
6.670113652944564819e-04
6.518652662634849548e-04
6.366204470396041870e-04
6.229942664504051208e-04
6.153043359518051147e-04
6.000911816954612732e-04
5.854591727256774902e-04
5.708783864974975586e-04
5.566533654928207397e-04
5.428288131952285767e-04
5.289176478981971741e-04
5.148975178599357605e-04
5.019418895244598389e-04
4.886053502559661865e-04
4.752492532134056091e-04
4.620449617505073547e-04
4.495624452829360962e-04
4.373230040073394775e-04
4.253135994076728821e-04
4.133377224206924438e-04
4.020370543003082275e-04
3.907494246959686279e-04
3.794729709625244141e-04
3.681723028421401978e-04
3.576818853616714478e-04
3.473367542028427124e-04
3.369785845279693604e-04
3.267936408519744873e-04
3.167986869812011719e-04
3.076149150729179382e-04
2.981368452310562134e-04
2.891691401600837708e-04
2.802032977342605591e-04
2.723457291722297668e-04
2.640001475811004639e-04
2.558827400207519531e-04
2.474710345268249512e-04
2.396451309323310852e-04
2.318900078535079956e-04
2.242708578705787659e-04
2.167848870158195496e-04
2.088621258735656738e-04
2.016937360167503357e-04
1.943688839673995972e-04
1.877015456557273865e-04
1.807603985071182251e-04
1.741349697113037109e-04
1.673791557550430298e-04
1.604594290256500244e-04
1.535993069410324097e-04
1.464933156967163086e-04
1.398772001266479492e-04
1.331707462668418884e-04
1.267399638891220093e-04
1.201517879962921143e-04
1.142928376793861389e-04
1.083891838788986206e-04
1.028124243021011353e-04
9.744707494974136353e-05
9.183399379253387451e-05
8.694268763065338135e-05
8.227489888668060303e-05
7.825437933206558228e-05
7.400847971439361572e-05
7.000658661127090454e-05
6.626266986131668091e-05
6.257370114326477051e-05
5.932897329330444336e-05
5.593150854110717773e-05
5.033146589994430542e-05
4.465319216251373291e-05
3.857910633087158203e-05
2.387538552284240723e-05
1.437216997146606445e-05
9.815208613872528076e-06
3.541819751262664795e-06
-1.051463186740875244e-06
-2.863816916942596436e-06
-4.442408680915832520e-06
-4.659406840801239014e-06
-4.636123776435852051e-06
-4.659406840801239014e-06
-4.645437002182006836e-06
-4.637055099010467529e-06
-4.637055099010467529e-06
-4.650093615055084229e-06
-4.653818905353546143e-06
-4.658475518226623535e-06
-4.649162292480468750e-06
