-7.353723049163818359e-06
-7.350929081439971924e-06
-7.344409823417663574e-06
-7.364898920059204102e-06
-7.341615855693817139e-06
-7.371418178081512451e-06
-7.351860404014587402e-06
-7.338821887969970703e-06
-7.375143468379974365e-06
-7.354654371738433838e-06
-7.381662726402282715e-06
-7.361173629760742188e-06
-7.343478500843048096e-06
-7.366761565208435059e-06
-7.369555532932281494e-06
-7.372349500656127930e-06
-7.361173629760742188e-06
-7.363967597484588623e-06
-7.353723049163818359e-06
-7.356517016887664795e-06
-7.357448339462280273e-06
-7.350929081439971924e-06
-7.344409823417663574e-06
-7.351860404014587402e-06
-7.358379662036895752e-06
-7.338821887969970703e-06
-5.213543772697448730e-06
-4.229135811328887939e-06
-1.043081283569335938e-07
4.451721906661987305e-06
7.319264113903045654e-06
9.808689355850219727e-06
1.177098602056503296e-05
1.411139965057373047e-05
1.627486199140548706e-05
1.874752342700958252e-05
2.267863601446151733e-05
2.848915755748748779e-05
3.685057163238525391e-05
5.019642412662506104e-05
6.859470158815383911e-05
1.046452671289443970e-04
1.465743407607078552e-04
1.942850649356842041e-04
2.436954528093338013e-04
2.931822091341018677e-04
3.464119508862495422e-04
4.019318148493766785e-04
4.614638164639472961e-04
5.247294902801513672e-04
5.884701386094093323e-04
6.521474570035934448e-04
7.143244147300720215e-04
7.750522345304489136e-04
8.345553651452064514e-04
8.923187851905822754e-04
9.479140862822532654e-04
1.001522876322269440e-03
1.053144223988056183e-03
1.103393733501434326e-03
1.153562217950820923e-03
1.203319057822227478e-03
1.252013258635997772e-03
1.299650408327579498e-03
1.347623765468597412e-03
1.396048814058303833e-03
1.444037072360515594e-03
1.491126604378223419e-03
1.536753028631210327e-03
1.577863469719886780e-03
1.578387804329395294e-03
1.563616096973419189e-03
1.542918384075164795e-03
1.522298902273178101e-03
1.502840779721736908e-03
1.484597101807594299e-03
1.466502435505390167e-03
1.448921859264373779e-03
1.431726850569248199e-03
1.413440331816673279e-03
1.395657658576965332e-03
1.378350891172885895e-03
1.361081376671791077e-03
1.344024203717708588e-03
1.326990313827991486e-03
1.310344785451889038e-03
1.293367706239223480e-03
1.277090050280094147e-03
1.261010766029357910e-03
1.244235783815383911e-03
1.227737404406070709e-03
1.211621798574924469e-03
1.195940189063549042e-03
1.179976388812065125e-03
1.163971610367298126e-03
1.148932613432407379e-03
1.133587211370468140e-03
1.118103042244911194e-03
1.102658919990062714e-03
1.087329350411891937e-03
1.072519458830356598e-03
1.057444140315055847e-03
1.042787916958332062e-03
1.027772203087806702e-03
1.013046130537986755e-03
9.984448552131652832e-04
9.839311242103576660e-04
9.696641936898231506e-04
9.550591930747032166e-04
9.409915655851364136e-04
9.267386049032211304e-04
9.123962372541427612e-04
8.988026529550552368e-04
8.845916017889976501e-04
8.708313107490539551e-04
8.564926683902740479e-04
8.431551977992057800e-04
8.293800055980682373e-04
8.153142407536506653e-04
8.014673367142677307e-04
7.876185700297355652e-04
7.743304595351219177e-04
7.603392004966735840e-04
7.468517869710922241e-04
7.332498207688331604e-04
7.200520485639572144e-04
7.077557966113090515e-04
6.944928318262100220e-04
6.813108921051025391e-04
6.681848317384719849e-04
6.559519097208976746e-04
6.428584456443786621e-04
6.298413500189781189e-04
6.177993491291999817e-04
6.053699180483818054e-04
5.930755287408828735e-04
5.804821848869323730e-04
5.688285455107688904e-04
5.566691979765892029e-04
5.446374416351318359e-04
5.329884588718414307e-04
5.217511206865310669e-04
5.152393132448196411e-04
5.037905648350715637e-04
4.917243495583534241e-04
4.798844456672668457e-04
4.691826179623603821e-04
4.585199058055877686e-04
4.475060850381851196e-04
4.368787631392478943e-04
4.265215247869491577e-04
4.162462428212165833e-04
4.058321937918663025e-04
3.961622714996337891e-04
3.862045705318450928e-04
3.767833113670349121e-04
3.671208396553993225e-04
3.578243777155876160e-04
3.480613231658935547e-04
3.384724259376525879e-04
3.293445333838462830e-04
3.209719434380531311e-04
3.118393942713737488e-04
3.028335049748420715e-04
2.942467108368873596e-04
2.863956615328788757e-04
2.780007198452949524e-04
2.697110176086425781e-04
2.618953585624694824e-04
2.547167241573333740e-04
2.473704516887664795e-04
2.406146377325057983e-04
2.336269244551658630e-04
2.270899713039398193e-04
2.200342714786529541e-04
2.132942900061607361e-04
2.062506973743438721e-04
2.001896500587463379e-04
1.936201006174087524e-04
1.873904839158058167e-04
1.809280365705490112e-04
1.751538366079330444e-04
1.692613586783409119e-04
1.631947234272956848e-04
1.568654552102088928e-04
1.507056877017021179e-04
1.449827104806900024e-04
1.388937234878540039e-04
1.328522339463233948e-04
1.266524195671081543e-04
1.212302595376968384e-04
1.155883073806762695e-04
1.101270318031311035e-04
1.040538772940635681e-04
9.856279939413070679e-05
9.306520223617553711e-05
8.806400001049041748e-05
8.269492536783218384e-05
7.753819227218627930e-05
7.276795804500579834e-05
6.806384772062301636e-05
6.371922791004180908e-05
5.936063826084136963e-05
5.582440644502639771e-05
5.218666046857833862e-05
4.883389919996261597e-05
4.524644464254379272e-05
4.239846020936965942e-05
3.950297832489013672e-05
3.699492663145065308e-05
3.476254642009735107e-05
3.303028643131256104e-05
3.170967102050781250e-05
3.044120967388153076e-05
2.937391400337219238e-05
2.844445407390594482e-05
2.789963036775588989e-05
2.750195562839508057e-05
2.726446837186813354e-05
2.695340663194656372e-05
2.662092447280883789e-05
2.613011747598648071e-05
2.554338425397872925e-05
2.486445009708404541e-05
2.403557300567626953e-05
2.333801239728927612e-05
2.264883369207382202e-05
2.212729305028915405e-05
2.176035195589065552e-05
2.143438905477523804e-05
2.098176628351211548e-05
2.027023583650588989e-05
1.945719122886657715e-05
1.883506774902343750e-05
1.798756420612335205e-05
1.692771911621093750e-05
1.620221883058547974e-05
1.540500670671463013e-05
1.445040106773376465e-05
1.353956758975982666e-05
1.270882785320281982e-05
1.154281198978424072e-05
1.064687967300415039e-05
9.634532034397125244e-06
8.803792297840118408e-06
8.182600140571594238e-06
7.724389433860778809e-06
7.124617695808410645e-06
6.746500730514526367e-06
6.386078894138336182e-06
6.150454282760620117e-06
5.776993930339813232e-06
5.460344254970550537e-06
4.800967872142791748e-06
4.225410521030426025e-06
3.683380782604217529e-06
3.234483301639556885e-06
2.808868885040283203e-06
2.026557922363281250e-06
1.225620508193969727e-06
5.913898348808288574e-07
3.445893526077270508e-08
-3.343448042869567871e-07
-6.444752216339111328e-07
-1.009553670883178711e-06
-1.373700797557830811e-06
-1.790001988410949707e-06
-2.187676727771759033e-06
-2.617016434669494629e-06
-2.973712980747222900e-06
-3.341585397720336914e-06
-3.667548298835754395e-06
-4.014000296592712402e-06
-4.366040229797363281e-06
-4.718080163002014160e-06
-4.987232387065887451e-06
-5.151145160198211670e-06
-5.237758159637451172e-06
-5.315989255905151367e-06
-5.345791578292846680e-06
-5.430541932582855225e-06
-5.549751222133636475e-06
-5.750916898250579834e-06
-5.877576768398284912e-06
-6.032176315784454346e-06
-6.208196282386779785e-06
-6.323680281639099121e-06
-6.378628313541412354e-06
-6.907619535923004150e-06
-7.311813533306121826e-06
-7.349997758865356445e-06
-7.368624210357666016e-06
-7.355585694313049316e-06
-7.372349500656127930e-06
-7.373280823230743408e-06
-7.362104952335357666e-06
-7.354654371738433838e-06
-7.338821887969970703e-06
-7.339753210544586182e-06
-7.385388016700744629e-06
-7.374212145805358887e-06
-7.373280823230743408e-06
-7.348135113716125488e-06
-7.335096597671508789e-06
-7.359310984611511230e-06
-7.368624210357666016e-06
-7.363036274909973145e-06
-7.370486855506896973e-06
