-5.049630999565124512e-06
-5.029141902923583984e-06
-5.041249096393585205e-06
-5.019828677177429199e-06
-5.062669515609741211e-06
-5.041249096393585205e-06
-5.015172064304351807e-06
-5.068257451057434082e-06
-5.033798515796661377e-06
-5.063600838184356689e-06
-5.049630999565124512e-06
-5.042180418968200684e-06
-5.063600838184356689e-06
-5.076639354228973389e-06
-5.044043064117431641e-06
-5.060806870460510254e-06
-5.057081580162048340e-06
-5.054287612438201904e-06
-5.062669515609741211e-06
-5.062669515609741211e-06
-5.043111741542816162e-06
-5.054287612438201904e-06
-5.044974386692047119e-06
-5.052424967288970947e-06
-5.057081580162048340e-06
-5.054287612438201904e-06
-1.818872988224029541e-06
1.372769474983215332e-06
6.750226020812988281e-06
1.241359859704971313e-05
1.582968980073928833e-05
1.885835081338882446e-05
2.123322337865829468e-05
2.430379390716552734e-05
2.754665911197662354e-05
3.121793270111083984e-05
3.822613507509231567e-05
4.645809531211853027e-05
6.149616092443466187e-05
8.143763989210128784e-05
1.160232350230216980e-04
1.689530909061431885e-04
2.276180312037467957e-04
2.912301570177078247e-04
3.558294847607612610e-04
4.237890243530273438e-04
4.948228597640991211e-04
5.702590569853782654e-04
6.502596661448478699e-04
7.342146709561347961e-04
8.185151964426040649e-04
9.010350331664085388e-04
9.812638163566589355e-04
1.059653237462043762e-03
1.136678270995616913e-03
1.210561953485012054e-03
1.282597891986370087e-03
1.351622864603996277e-03
1.418346539139747620e-03
1.483660191297531128e-03
1.549105159938335419e-03
1.613359898328781128e-03
1.676796935498714447e-03
1.739274710416793823e-03
1.802795566618442535e-03
1.865987665951251984e-03
1.927870325744152069e-03
1.988294534385204315e-03
2.048063091933727264e-03
2.078429795801639557e-03
2.064259722828865051e-03
2.040290273725986481e-03
2.013006247580051422e-03
1.986537128686904907e-03
1.962263137102127075e-03
1.938424073159694672e-03
1.915097236633300781e-03
1.892468892037868500e-03
1.869243569672107697e-03
1.845674589276313782e-03
1.822472549974918365e-03
1.800276339054107666e-03
1.777538098394870758e-03
1.755278557538986206e-03
1.733376644551753998e-03
1.711111515760421753e-03
1.689600758254528046e-03
1.668380573391914368e-03
1.647041179239749908e-03
1.625128090381622314e-03
1.603517681360244751e-03
1.583227887749671936e-03
1.562040299177169800e-03
1.541403122246265411e-03
1.520965248346328735e-03
1.501161605119705200e-03
1.481171697378158569e-03
1.460468396544456482e-03
1.440696418285369873e-03
1.420727930963039398e-03
1.401159912347793579e-03
1.381979323923587799e-03
1.362119801342487335e-03
1.343205571174621582e-03
1.323326490819454193e-03
1.304768025875091553e-03
1.285814680159091949e-03
1.266642473638057709e-03
1.248255372047424316e-03
1.229426823556423187e-03
1.211021095514297485e-03
1.192349940538406372e-03
1.174402423202991486e-03
1.155987381935119629e-03
1.137441024184226990e-03
1.119619235396385193e-03
1.101532950997352600e-03
1.083728857338428497e-03
1.064862124621868134e-03
1.047028228640556335e-03
1.029160805046558380e-03
1.011216081678867340e-03
9.934818372130393982e-04
9.753061458468437195e-04
9.580729529261589050e-04
9.410241618752479553e-04
9.246598929166793823e-04
9.070793166756629944e-04
8.898284286260604858e-04
8.735265582799911499e-04
8.565876632928848267e-04
8.396245539188385010e-04
8.227564394474029541e-04
8.072843775153160095e-04
7.907841354608535767e-04
7.745996117591857910e-04
7.587103173136711121e-04
7.428918033838272095e-04
7.273200899362564087e-04
7.112203165888786316e-04
6.965519860386848450e-04
6.838375702500343323e-04
6.736703217029571533e-04
6.577689200639724731e-04
6.418824195861816406e-04
6.273444741964340210e-04
6.132507696747779846e-04
5.992343649268150330e-04
5.846219137310981750e-04
5.712565034627914429e-04
5.574123933911323547e-04
5.441186949610710144e-04
5.307709798216819763e-04
5.181618034839630127e-04
5.052816122770309448e-04
4.927255213260650635e-04
4.803901538252830505e-04
4.678312689065933228e-04
4.551541060209274292e-04
4.426222294569015503e-04
4.315692931413650513e-04
4.197694361209869385e-04
4.081744700670242310e-04
3.961352631449699402e-04
3.858245909214019775e-04
3.749784082174301147e-04
3.641918301582336426e-04
3.531789407134056091e-04
3.438489511609077454e-04
3.340514376759529114e-04
3.248853608965873718e-04
3.156438469886779785e-04
3.070170059800148010e-04
2.979869022965431213e-04
2.890415489673614502e-04
2.798652276396751404e-04
2.712821587920188904e-04
2.631675451993942261e-04
2.545164898037910461e-04
2.464689314365386963e-04
2.381969243288040161e-04
2.307007089257240295e-04
2.227136865258216858e-04
2.148123458027839661e-04
2.062469720840454102e-04
1.988327130675315857e-04
1.908652484416961670e-04
1.830318942666053772e-04
1.747878268361091614e-04
1.673242077231407166e-04
1.600300893187522888e-04
1.527676358819007874e-04
1.453114673495292664e-04
1.375274732708930969e-04
1.304103061556816101e-04
1.233480870723724365e-04
1.168092712759971619e-04
1.096110790967941284e-04
1.033050939440727234e-04
9.684450924396514893e-05
9.116623550653457642e-05
8.524395525455474854e-05
8.020456880331039429e-05
7.544178515672683716e-05
7.088016718626022339e-05
6.637256592512130737e-05
6.197299808263778687e-05
5.835760384798049927e-05
5.465094000101089478e-05
5.163438618183135986e-05
4.891585558652877808e-05
4.706624895334243774e-05
4.533492028713226318e-05
4.382897168397903442e-05
4.244968295097351074e-05
4.149042069911956787e-05
4.090927541255950928e-05
4.046875983476638794e-05
4.014559090137481689e-05
3.970414400100708008e-05
3.921706229448318481e-05
3.840867429971694946e-05
3.766547888517379761e-05
3.668479621410369873e-05
3.565195947885513306e-05
3.470107913017272949e-05
3.388617187738418579e-05
3.337673842906951904e-05
3.289803862571716309e-05
3.239791840314865112e-05
3.168731927871704102e-05
3.061722964048385620e-05
2.966169267892837524e-05
2.878345549106597900e-05
2.744793891906738281e-05
2.624467015266418457e-05
2.526305615901947021e-05
2.418365329504013062e-05
2.282299101352691650e-05
2.191588282585144043e-05
2.040155231952667236e-05
1.907348632812500000e-05
1.784507185220718384e-05
1.662783324718475342e-05
1.563318073749542236e-05
1.497380435466766357e-05
1.428462564945220947e-05
1.367554068565368652e-05
1.314096152782440186e-05
1.278799027204513550e-05
1.232791692018508911e-05
1.193117350339889526e-05
1.122709363698959351e-05
1.046620309352874756e-05
9.709969162940979004e-06
9.051524102687835693e-06
8.481554687023162842e-06
7.753260433673858643e-06
6.671994924545288086e-06
5.764886736869812012e-06
4.945322871208190918e-06
4.348345100879669189e-06
3.848224878311157227e-06
3.455206751823425293e-06
2.940185368061065674e-06
2.433545887470245361e-06
1.886859536170959473e-06
1.390464603900909424e-06
8.447095751762390137e-07
4.088506102561950684e-07
-6.146728992462158203e-08
-4.852190613746643066e-07
-9.797513484954833984e-07
-1.424923539161682129e-06
-1.846812665462493896e-06
-2.157874405384063721e-06
-2.296641469001770020e-06
-2.387911081314086914e-06
-2.445653080940246582e-06
-2.530403435230255127e-06
-2.628192305564880371e-06
-2.874992787837982178e-06
-3.108754754066467285e-06
-3.282912075519561768e-06
-3.502704203128814697e-06
-3.714114427566528320e-06
-3.784894943237304688e-06
-4.098750650882720947e-06
-4.664063453674316406e-06
-5.158595740795135498e-06
-5.094334483146667480e-06
-5.096197128295898438e-06
-5.128793418407440186e-06
-5.127862095832824707e-06
-5.106441676616668701e-06
-5.115754902362823486e-06
-5.093403160572052002e-06
-5.111098289489746094e-06
-5.122274160385131836e-06
-5.105510354042053223e-06
-5.102716386318206787e-06
-5.102716386318206787e-06
-5.137175321578979492e-06
-5.124136805534362793e-06
-5.112029612064361572e-06
-5.111098289489746094e-06
-5.129724740982055664e-06
