-4.516914486885070801e-06
-4.531815648078918457e-06
-4.529953002929687500e-06
-4.520639777183532715e-06
-4.507601261138916016e-06
-4.499219357967376709e-06
-4.498288035392761230e-06
-4.518777132034301758e-06
-4.530884325504302979e-06
-4.498288035392761230e-06
-4.515051841735839844e-06
-4.510395228862762451e-06
-4.486180841922760010e-06
-4.518777132034301758e-06
-4.498288035392761230e-06
-4.498288035392761230e-06
-4.498288035392761230e-06
-4.494562745094299316e-06
-4.506669938564300537e-06
-4.520639777183532715e-06
-4.486180841922760010e-06
-4.516914486885070801e-06
-4.504807293415069580e-06
-4.489906132221221924e-06
-4.475936293601989746e-06
-4.497356712818145752e-06
-4.484318196773529053e-06
-4.499219357967376709e-06
-4.510395228862762451e-06
-4.506669938564300537e-06
-4.510395228862762451e-06
-4.515051841735839844e-06
-4.476867616176605225e-06
-4.457309842109680176e-06
-4.508532583713531494e-06
-4.500150680541992188e-06
-4.500150680541992188e-06
-4.493631422519683838e-06
-4.529021680355072021e-06
-4.497356712818145752e-06
-4.484318196773529053e-06
-4.459172487258911133e-06
-4.500150680541992188e-06
-4.507601261138916016e-06
-4.505738615989685059e-06
-4.509463906288146973e-06
-4.493631422519683838e-06
-4.535540938377380371e-06
-4.503875970840454102e-06
-4.519708454608917236e-06
-4.507601261138916016e-06
-4.515051841735839844e-06
-4.519708454608917236e-06
-4.509463906288146973e-06
-4.513189196586608887e-06
-4.500150680541992188e-06
-4.505738615989685059e-06
-4.531815648078918457e-06
-4.496425390243530273e-06
-4.483386874198913574e-06
-4.488974809646606445e-06
-4.516914486885070801e-06
-4.499219357967376709e-06
-4.488974809646606445e-06
-4.541128873825073242e-06
-4.496425390243530273e-06
-4.512257874011993408e-06
-4.497356712818145752e-06
-4.494562745094299316e-06
-4.497356712818145752e-06
-4.508532583713531494e-06
-4.499219357967376709e-06
-4.532746970653533936e-06
-4.502944648265838623e-06
-2.908520400524139404e-06
-2.554617822170257568e-06
-1.644715666770935059e-06
1.220963895320892334e-06
1.483596861362457275e-06
2.268701791763305664e-06
5.347654223442077637e-06
8.719041943550109863e-06
1.415610313415527344e-05
1.966860145330429077e-05
2.461578696966171265e-05
2.824515104293823242e-05
2.876948565244674683e-05
2.834200859069824219e-05
2.793502062559127808e-05
2.765841782093048096e-05
2.744514495134353638e-05
2.728682011365890503e-05
2.717599272727966309e-05
2.709496766328811646e-05
2.699624747037887573e-05
2.692453563213348389e-05
2.686306834220886230e-05
2.681463956832885742e-05
2.677086740732192993e-05
2.675410360097885132e-05
2.672523260116577148e-05
2.677366137504577637e-05
2.681091427803039551e-05
2.685934305191040039e-05
2.689845860004425049e-05
2.691335976123809814e-05
2.701673656702041626e-05
2.885702997446060181e-05
3.192201256752014160e-05
3.323517739772796631e-05
3.517232835292816162e-05
3.784801810979843140e-05
4.096422344446182251e-05
4.457309842109680176e-05
4.937313497066497803e-05
5.465373396873474121e-05
6.106495857238769531e-05
6.846990436315536499e-05
7.698033004999160767e-05
8.600298315286636353e-05
9.524170309305191040e-05
1.052748411893844604e-04
1.225071027874946594e-04
1.434162259101867676e-04
1.656981185078620911e-04
1.898882910609245300e-04
2.165483310818672180e-04
2.417154610157012939e-04
2.668490633368492126e-04
2.919081598520278931e-04
3.167912364006042480e-04
3.422163426876068115e-04
3.677066415548324585e-04
3.929063677787780762e-04
4.173330962657928467e-04
4.416191950440406799e-04
4.649637266993522644e-04
4.868824034929275513e-04
5.094204097986221313e-04
5.325963720679283142e-04
5.558114498853683472e-04
5.793590098619461060e-04
6.028832867741584778e-04
6.260909140110015869e-04
6.480673328042030334e-04
6.687138229608535767e-04
6.890194490551948547e-04
7.093958556652069092e-04
7.289955392479896545e-04
7.486231625080108643e-04
7.677655667066574097e-04
7.870849221944808960e-04
8.058492094278335571e-04
8.242018520832061768e-04
8.424706757068634033e-04
8.603995665907859802e-04
8.778544142842292786e-04
8.957134559750556946e-04
9.134840220212936401e-04
9.301863610744476318e-04
9.469566866755485535e-04
9.641740471124649048e-04
9.801676496863365173e-04
9.968169033527374268e-04
1.013672910630702972e-03
1.029804348945617676e-03
1.045935787260532379e-03
1.062168739736080170e-03
1.077862456440925598e-03
1.093530096113681793e-03
1.108960248529911041e-03
1.124623231589794159e-03
1.139935106039047241e-03
1.154815778136253357e-03
1.170030795037746429e-03
1.185064204037189484e-03
1.199838705360889435e-03
1.214149408042430878e-03
1.227815635502338409e-03
1.242357306182384491e-03
1.256673596799373627e-03
1.270875334739685059e-03
1.285262405872344971e-03
1.298687420785427094e-03
1.311915926635265350e-03
1.325435936450958252e-03
1.338792033493518829e-03
1.352038234472274780e-03
1.365466043353080750e-03
1.379934139549732208e-03
1.393785700201988220e-03
1.407060772180557251e-03
1.420713961124420166e-03
1.434277743101119995e-03
1.448021270334720612e-03
1.461190171539783478e-03
1.474995166063308716e-03
1.488244161009788513e-03
1.501340419054031372e-03
1.515047624707221985e-03
1.528658904135227203e-03
1.541786827147006989e-03
1.554165966808795929e-03
1.567908562719821930e-03
1.581120304763317108e-03
1.593790017068386078e-03
1.606130041182041168e-03
1.619041897356510162e-03
1.631339080631732941e-03
1.643110066652297974e-03
1.654931344091892242e-03
1.666989177465438843e-03
1.678748056292533875e-03
1.690126955509185791e-03
1.701559871435165405e-03
1.713368110358715057e-03
1.724835485219955444e-03
1.735835336148738861e-03
1.747423782944679260e-03
1.759180799126625061e-03
1.770285889506340027e-03
1.781059429049491882e-03
1.791503280401229858e-03
1.802761107683181763e-03
1.813425682485103607e-03
1.824514009058475494e-03
1.834615133702754974e-03
1.845478080213069916e-03
1.856047660112380981e-03
1.866695471107959747e-03
1.876858994364738464e-03
1.887058839201927185e-03
1.896987669169902802e-03
1.906502060592174530e-03
1.916549168527126312e-03
1.925620250403881073e-03
1.935210078954696655e-03
1.944534480571746826e-03
1.953497529029846191e-03
1.963112503290176392e-03
1.972049474716186523e-03
1.981646753847599030e-03
1.990814693272113800e-03
1.999352127313613892e-03
2.008713781833648682e-03
2.017956227064132690e-03
2.027162350714206696e-03
2.036049030721187592e-03
2.043840475380420685e-03
2.052263356745243073e-03
2.060750499367713928e-03
2.069999463856220245e-03
2.078900113701820374e-03
2.086792141199111938e-03
2.094699069857597351e-03
2.104423940181732178e-03
2.124512568116188049e-03
2.145837061107158661e-03
2.166104502975940704e-03
2.185509540140628815e-03
2.205884084105491638e-03
2.224992960691452026e-03
2.243851311504840851e-03
2.265308052301406860e-03
2.286046743392944336e-03
2.304052002727985382e-03
2.322636544704437256e-03
2.341471612453460693e-03
2.359344623982906342e-03
2.379167824983596802e-03
2.398223616182804108e-03
2.415155060589313507e-03
2.432681620121002197e-03
2.449586987495422363e-03
2.466052770614624023e-03
2.481379546225070953e-03
2.499253489077091217e-03
2.517914399504661560e-03
2.532172948122024536e-03
2.544481307268142700e-03
2.555512823164463043e-03
2.565933391451835632e-03
2.573860809206962585e-03
2.579139545559883118e-03
2.585264854133129120e-03
2.585140056908130646e-03
2.590257674455642700e-03
2.590054646134376526e-03
2.588274888694286346e-03
2.586535178124904633e-03
2.584920264780521393e-03
2.583447843790054321e-03
2.582101151347160339e-03
2.580853179097175598e-03
2.579729072749614716e-03
2.578651532530784607e-03
2.577732317149639130e-03
2.576773986220359802e-03
2.575847320258617401e-03
2.575012855231761932e-03
2.574217505753040314e-03
2.573421224951744080e-03
2.572708763182163239e-03
2.571941353380680084e-03
2.571257762610912323e-03
2.570562995970249176e-03
2.569896169006824493e-03
2.569288946688175201e-03
2.568662166595458984e-03
2.568021416664123535e-03
2.567471005022525787e-03
2.566899172961711884e-03
2.566367387771606445e-03
2.565854229032993317e-03
2.565290778875350952e-03
2.564802765846252441e-03
2.564310096204280853e-03
2.563844434916973114e-03
2.563372254371643066e-03
2.562926150858402252e-03
2.562369219958782196e-03
2.561727538704872131e-03
2.561223693192005157e-03
2.560765482485294342e-03
2.560294233262538910e-03
2.559840679168701172e-03
2.559300512075424194e-03
2.558825537562370300e-03
2.558326348662376404e-03
2.557836472988128662e-03
2.557324245572090149e-03
2.556860446929931641e-03
2.556372433900833130e-03
2.555955201387405396e-03
2.555496059358119965e-03
2.555079758167266846e-03
2.554653212428092957e-03
2.554222941398620605e-03
2.553790807723999023e-03
2.553262747824192047e-03
2.550906501710414886e-03
2.537418156862258911e-03
2.518620342016220093e-03
2.499373629689216614e-03
2.478740178048610687e-03
2.453068271279335022e-03
2.420719712972640991e-03
2.386582084000110626e-03
2.347373403608798981e-03
2.305484376847743988e-03
2.262961119413375854e-03
2.217505127191543579e-03
2.170145511627197266e-03
2.119636163115501404e-03
2.068122848868370056e-03
2.041183412075042725e-03
2.017606981098651886e-03
1.992919482290744781e-03
1.966038718819618225e-03
1.938479952514171600e-03
1.909701153635978699e-03
1.880154013633728027e-03
1.849282532930374146e-03
1.817424781620502472e-03
1.784640364348888397e-03
1.750870607793331146e-03
1.715989783406257629e-03
1.680184155702590942e-03
1.642866060137748718e-03
1.604665070772171021e-03
1.565578393638134003e-03
1.526091247797012329e-03
1.486982218921184540e-03
1.447322778403759003e-03
1.409291289746761322e-03
1.371773891150951385e-03
1.334122382104396820e-03
1.297823153436183929e-03
1.262644305825233459e-03
1.230585388839244843e-03
1.197285950183868408e-03
1.164827495813369751e-03
1.130326651036739349e-03
1.097210682928562164e-03
1.063734292984008789e-03
1.029339618980884552e-03
9.958697482943534851e-04
9.630238637328147888e-04
9.300932288169860840e-04
8.982913568615913391e-04
8.674012497067451477e-04
8.376864716410636902e-04
8.078217506408691406e-04
7.777577266097068787e-04
7.473714649677276611e-04
7.164962589740753174e-04
6.858883425593376160e-04
6.545130163431167603e-04
6.233295425772666931e-04
5.930392071604728699e-04
5.626371130347251892e-04
5.311174318194389343e-04
4.996899515390396118e-04
4.679681733250617981e-04
4.350319504737854004e-04
4.018582403659820557e-04
3.677513450384140015e-04
3.324374556541442871e-04
2.960488200187683105e-04
2.597989514470100403e-04
2.260701730847358704e-04
1.933975145220756531e-04
1.617195084691047668e-04
1.285467296838760376e-04
9.870901703834533691e-05
7.151253521442413330e-05
5.091633647680282593e-05
3.651622682809829712e-05
2.376735210418701172e-05
1.373421400785446167e-05
9.196810424327850342e-06
3.651715815067291260e-06
2.157874405384063721e-06
1.700595021247863770e-06
-2.227723598480224609e-06
-4.407018423080444336e-06
-4.502013325691223145e-06
-4.529021680355072021e-06
-4.497356712818145752e-06
-4.515983164310455322e-06
-4.440546035766601562e-06
-4.511326551437377930e-06
-4.518777132034301758e-06
-4.515051841735839844e-06
-4.480592906475067139e-06
-4.489906132221221924e-06
-4.474073648452758789e-06
-4.528090357780456543e-06
-4.482455551624298096e-06
-4.499219357967376709e-06
-4.470348358154296875e-06
