-8.274801075458526611e-06
-8.270144462585449219e-06
-8.268281817436218262e-06
-8.244998753070831299e-06
-8.285976946353912354e-06
-8.296221494674682617e-06
-8.285045623779296875e-06
-8.266419172286987305e-06
-8.283182978630065918e-06
-8.265487849712371826e-06
-8.257105946540832520e-06
-8.271075785160064697e-06
-8.300878107547760010e-06
-8.272938430309295654e-06
-8.244067430496215820e-06
-8.259899914264678955e-06
-8.272938430309295654e-06
-8.276663720607757568e-06
-8.267350494861602783e-06
-8.294358849525451660e-06
-8.268281817436218262e-06
-8.287839591503143311e-06
-8.301809430122375488e-06
-8.290633559226989746e-06
-8.265487849712371826e-06
-8.275732398033142090e-06
-8.261762559413909912e-06
-8.266419172286987305e-06
-8.272007107734680176e-06
-8.265487849712371826e-06
-8.261762559413909912e-06
-8.253380656242370605e-06
-8.263625204563140869e-06
-8.273869752883911133e-06
-8.275732398033142090e-06
-8.267350494861602783e-06
-8.299946784973144531e-06
-8.285976946353912354e-06
-8.283182978630065918e-06
-8.274801075458526611e-06
-8.254311978816986084e-06
-8.273869752883911133e-06
-8.258968591690063477e-06
-8.266419172286987305e-06
-8.262693881988525391e-06
-8.283182978630065918e-06
-8.308328688144683838e-06
-8.288770914077758789e-06
-8.293427526950836182e-06
-8.270144462585449219e-06
-8.255243301391601562e-06
-8.300878107547760010e-06
-8.279457688331604004e-06
-8.295290172100067139e-06
-8.285045623779296875e-06
-8.273869752883911133e-06
-8.290633559226989746e-06
-8.269213140010833740e-06
-8.286908268928527832e-06
-8.261762559413909912e-06
-8.261762559413909912e-06
-8.286908268928527832e-06
-8.276663720607757568e-06
-8.298084139823913574e-06
-8.277595043182373047e-06
-8.276663720607757568e-06
-8.265487849712371826e-06
-8.290633559226989746e-06
-8.290633559226989746e-06
-8.279457688331604004e-06
-8.262693881988525391e-06
-8.272007107734680176e-06
-8.278526365756988525e-06
-7.455237209796905518e-06
-6.882473826408386230e-06
-6.605871021747589111e-06
-4.437752068042755127e-06
-3.785826265811920166e-06
-3.511086106300354004e-06
-2.063810825347900391e-06
5.075708031654357910e-07
4.087574779987335205e-06
8.073635399341583252e-06
1.197028905153274536e-05
1.557823270559310913e-05
1.716520637273788452e-05
1.700874418020248413e-05
1.663062721490859985e-05
1.635216176509857178e-05
1.618266105651855469e-05
1.605600118637084961e-05
1.593306660652160645e-05
1.585669815540313721e-05
1.580175012350082397e-05
1.570768654346466064e-05
1.569557934999465942e-05
1.563597470521926880e-05
1.556519418954849243e-05
1.557357609272003174e-05
1.556333154439926147e-05
1.556146889925003052e-05
1.561082899570465088e-05
1.563038676977157593e-05
1.562573015689849854e-05
1.566391438245773315e-05
1.572445034980773926e-05
1.588743180036544800e-05
1.873541623353958130e-05
1.998525112867355347e-05
2.116058021783828735e-05
2.296362072229385376e-05
2.521555870771408081e-05
2.766493707895278931e-05
3.093201667070388794e-05
3.478303551673889160e-05
3.922916948795318604e-05
4.434958100318908691e-05
5.059596151113510132e-05
5.731917917728424072e-05
6.419047713279724121e-05
7.169693708419799805e-05
8.125510066747665405e-05
9.641982614994049072e-05
1.129787415266036987e-04
1.304047182202339172e-04
1.503014937043190002e-04
1.701759174466133118e-04
1.891916617751121521e-04
2.085017040371894836e-04
2.273246645927429199e-04
2.465182915329933167e-04
2.660499885678291321e-04
2.853823825716972351e-04
3.044083714485168457e-04
3.230310976505279541e-04
3.413883969187736511e-04
3.585051745176315308e-04
3.752466291189193726e-04
3.926968201994895935e-04
4.105856642127037048e-04
4.285750910639762878e-04
4.466697573661804199e-04
4.643304273486137390e-04
4.815813153982162476e-04
4.979623481631278992e-04
5.136644467711448669e-04
5.292128771543502808e-04
5.442323163151741028e-04
5.594417452812194824e-04
5.744015797972679138e-04
5.888463929295539856e-04
6.033936515450477600e-04
6.178291514515876770e-04
6.316853687167167664e-04
6.453059613704681396e-04
6.591752171516418457e-04
6.725657731294631958e-04
6.860289722681045532e-04
6.994577124714851379e-04
7.120696827769279480e-04
7.250411435961723328e-04
7.379129528999328613e-04
7.502278313040733337e-04
7.629292085766792297e-04
7.760021835565567017e-04
7.878988981246948242e-04
8.003385737538337708e-04
8.127335458993911743e-04
8.245082572102546692e-04
8.364720270037651062e-04
8.484730497002601624e-04
8.601332083344459534e-04
8.717989549040794373e-04
8.832300081849098206e-04
8.946070447564125061e-04
9.063109755516052246e-04
9.173816069960594177e-04
9.278515353798866272e-04
9.388225153088569641e-04
9.497972205281257629e-04
9.606424719095230103e-04
9.717037901282310486e-04
9.822025895118713379e-04
9.925123304128646851e-04
1.002559438347816467e-03
1.012964174151420593e-03
1.023081131279468536e-03
1.033097505569458008e-03
1.043898053467273712e-03
1.054717227816581726e-03
1.065136864781379700e-03
1.075306907296180725e-03
1.085857860743999481e-03
1.096244901418685913e-03
1.106465235352516174e-03
1.116852276027202606e-03
1.127117313444614410e-03
1.137323677539825439e-03
1.147358678281307220e-03
1.158121041953563690e-03
1.168284565210342407e-03
1.177956350147724152e-03
1.187901012599468231e-03
1.198262907564640045e-03
1.208316534757614136e-03
1.217661425471305847e-03
1.227496191859245300e-03
1.236960291862487793e-03
1.246428117156028748e-03
1.255143433809280396e-03
1.264498569071292877e-03
1.273406669497489929e-03
1.282544806599617004e-03
1.290950924158096313e-03
1.300084404647350311e-03
1.308763399720191956e-03
1.317622140049934387e-03
1.325905323028564453e-03
1.335145905613899231e-03
1.343680545687675476e-03
1.352236606180667877e-03
1.360099762678146362e-03
1.368593424558639526e-03
1.376963220536708832e-03
1.385315321385860443e-03
1.393379643559455872e-03
1.401409506797790527e-03
1.409711316227912903e-03
1.417686231434345245e-03
1.425854861736297607e-03
1.433430239558219910e-03
1.441241241991519928e-03
1.448615454137325287e-03
1.456222496926784515e-03
1.463554799556732178e-03
1.470533199608325958e-03
1.477922312915325165e-03
1.484731212258338928e-03
1.492018811404705048e-03
1.499108970165252686e-03
1.506131142377853394e-03
1.513477414846420288e-03
1.520027406513690948e-03
1.526972278952598572e-03
1.534210518002510071e-03
1.541207544505596161e-03
1.548235304653644562e-03
1.554542221128940582e-03
1.560745760798454285e-03
1.567237079143524170e-03
1.573985442519187927e-03
1.581083051860332489e-03
1.587620005011558533e-03
1.593538559973239899e-03
1.599634997546672821e-03
1.604228280484676361e-03
1.607537269592285156e-03
1.610616222023963928e-03
1.613469794392585754e-03
1.616431400179862976e-03
1.619403250515460968e-03
1.622068695724010468e-03
1.625171862542629242e-03
1.628505066037178040e-03
1.631269231438636780e-03
1.634026877582073212e-03
1.636817120015621185e-03
1.639496535062789917e-03
1.642289571464061737e-03
1.645180396735668182e-03
1.647761091589927673e-03
1.650184392929077148e-03
1.652641221880912781e-03
1.655051484704017639e-03
1.657318323850631714e-03
1.659571193158626556e-03
1.662260852754116058e-03
1.664725132286548615e-03
1.666232012212276459e-03
1.667906530201435089e-03
1.669347286224365234e-03
1.670497469604015350e-03
1.671335659921169281e-03
1.671644859015941620e-03
1.671819016337394714e-03
1.671919599175453186e-03
1.672125421464443207e-03
1.671616919338703156e-03
1.671091653406620026e-03
1.670568250119686127e-03
1.670092344284057617e-03
1.669649966061115265e-03
1.669246703386306763e-03
1.668849959969520569e-03
1.668507233262062073e-03
1.668208278715610504e-03
1.667878590524196625e-03
1.667577773332595825e-03
1.667268574237823486e-03
1.667009666562080383e-03
1.666770316660404205e-03
1.666472293436527252e-03
1.666259951889514923e-03
1.666012220084667206e-03
1.665783114731311798e-03
1.665580086410045624e-03
1.665357500314712524e-03
1.665162853896617889e-03
1.664922572672367096e-03
1.664757728576660156e-03
1.664535142481327057e-03
1.664348877966403961e-03
1.664149574935436249e-03
1.663991250097751617e-03
1.663830131292343140e-03
1.663648523390293121e-03
1.663487404584884644e-03
1.663356088101863861e-03
1.663152128458023071e-03
1.662989147007465363e-03
1.662816852331161499e-03
1.662657596170902252e-03
1.662489026784896851e-03
1.662349328398704529e-03
1.662183552980422974e-03
1.662013120949268341e-03
1.661866903305053711e-03
1.661737449467182159e-03
1.661550253629684448e-03
1.661418937146663666e-03
1.661273650825023651e-03
1.661133021116256714e-03
1.660946756601333618e-03
1.660845242440700531e-03
1.660698093473911285e-03
1.660578884184360504e-03
1.660443842411041260e-03
1.660293899476528168e-03
1.660157926380634308e-03
1.659989356994628906e-03
1.658419147133827209e-03
1.655713655054569244e-03
1.652403734624385834e-03
1.648933626711368561e-03
1.645100302994251251e-03
1.640051603317260742e-03
1.634272746741771698e-03
1.628101803362369537e-03
1.620861701667308807e-03
1.613720320165157318e-03
1.605848781764507294e-03
1.597641035914421082e-03
1.588252373039722443e-03
1.578581519424915314e-03
1.564641483128070831e-03
1.545604318380355835e-03
1.527137123048305511e-03
1.507361419498920441e-03
1.486414112150669098e-03
1.464730128645896912e-03
1.442126929759979248e-03
1.418977044522762299e-03
1.394667662680149078e-03
1.369767822325229645e-03
1.344125717878341675e-03
1.317461021244525909e-03
1.290421932935714722e-03
1.262210309505462646e-03
1.233213581144809723e-03
1.203543506562709808e-03
1.173124648630619049e-03
1.142849214375019073e-03
1.112746074795722961e-03
1.083190552890300751e-03
1.053768210113048553e-03
1.025058329105377197e-03
9.967703372240066528e-04
9.693177416920661926e-04
9.428225457668304443e-04
9.189657866954803467e-04
8.939905092120170593e-04
8.679945021867752075e-04
8.420357480645179749e-04
8.166078478097915649e-04
7.905149832367897034e-04
7.650386542081832886e-04
7.395492866635322571e-04
7.142163813114166260e-04
6.899405270814895630e-04
6.659431383013725281e-04
6.427345797419548035e-04
6.206780672073364258e-04
5.977563560009002686e-04
5.744742229580879211e-04
5.514472723007202148e-04
5.283430218696594238e-04
5.043307319283485413e-04
4.808902740478515625e-04
4.573063924908638000e-04
4.343260079622268677e-04
4.107197746634483337e-04
3.872253000736236572e-04
3.629699349403381348e-04
3.382759168744087219e-04
3.133844584226608276e-04
2.881390973925590515e-04
2.611679956316947937e-04
2.341261133551597595e-04
2.067098394036293030e-04
1.796474680304527283e-04
1.540808007121086121e-04
1.302622258663177490e-04
1.056296750903129578e-04
8.118990808725357056e-05
5.955249071121215820e-05
4.098471254110336304e-05
2.817250788211822510e-05
1.819711178541183472e-05
8.621253073215484619e-06
3.773719072341918945e-06
2.430751919746398926e-07
-2.924352884292602539e-06
-3.103166818618774414e-06
-5.848705768585205078e-06
-7.024034857749938965e-06
-8.293427526950836182e-06
-8.303672075271606445e-06
-8.290633559226989746e-06
-8.319504559040069580e-06
-8.294358849525451660e-06
-8.299946784973144531e-06
-8.300878107547760010e-06
-8.283182978630065918e-06
-8.279457688331604004e-06
-8.285045623779296875e-06
-8.295290172100067139e-06
-8.299946784973144531e-06
-8.300878107547760010e-06
-8.293427526950836182e-06
-8.294358849525451660e-06
