-8.283182978630065918e-06
-8.282251656055450439e-06
-8.293427526950836182e-06
-8.277595043182373047e-06
-8.299015462398529053e-06
-8.262693881988525391e-06
-8.300878107547760010e-06
-8.308328688144683838e-06
-8.284114301204681396e-06
-8.275732398033142090e-06
-8.312985301017761230e-06
-8.289702236652374268e-06
-8.321367204189300537e-06
-8.289702236652374268e-06
-8.314847946166992188e-06
-8.288770914077758789e-06
-8.304603397846221924e-06
-8.296221494674682617e-06
-8.289702236652374268e-06
-8.299946784973144531e-06
-8.282251656055450439e-06
-8.277595043182373047e-06
-8.293427526950836182e-06
-8.281320333480834961e-06
-8.306466042995452881e-06
-8.312053978443145752e-06
-8.295290172100067139e-06
-8.288770914077758789e-06
-8.285045623779296875e-06
-8.307397365570068359e-06
-8.275732398033142090e-06
-8.318573236465454102e-06
-8.305534720420837402e-06
-8.297152817249298096e-06
-8.289702236652374268e-06
-8.291564881801605225e-06
-8.300878107547760010e-06
-8.281320333480834961e-06
-8.284114301204681396e-06
-8.285976946353912354e-06
-8.300878107547760010e-06
-8.281320333480834961e-06
-8.295290172100067139e-06
-8.285976946353912354e-06
-8.318573236465454102e-06
-8.305534720420837402e-06
-8.285045623779296875e-06
-8.293427526950836182e-06
-8.290633559226989746e-06
-8.301809430122375488e-06
-8.285976946353912354e-06
-8.307397365570068359e-06
-8.278526365756988525e-06
-8.287839591503143311e-06
-8.263625204563140869e-06
-8.286908268928527832e-06
-8.299015462398529053e-06
-8.306466042995452881e-06
-8.306466042995452881e-06
-8.267350494861602783e-06
-8.306466042995452881e-06
-8.321367204189300537e-06
-8.297152817249298096e-06
-8.286908268928527832e-06
-8.288770914077758789e-06
-8.313916623592376709e-06
-8.310191333293914795e-06
-8.284114301204681396e-06
-8.310191333293914795e-06
-8.300878107547760010e-06
-8.314847946166992188e-06
-8.276663720607757568e-06
-8.301809430122375488e-06
-8.265487849712371826e-06
-8.308328688144683838e-06
-8.282251656055450439e-06
-8.297152817249298096e-06
-5.556270480155944824e-06
-4.857778549194335938e-06
-4.176050424575805664e-06
-3.345310688018798828e-06
-5.392357707023620605e-07
3.954395651817321777e-06
7.556751370429992676e-06
9.191222488880157471e-06
1.130253076553344727e-05
1.286808401346206665e-05
1.397263258695602417e-05
1.753401011228561401e-05
2.018176019191741943e-05
2.307537943124771118e-05
2.642907202243804932e-05
3.044027835130691528e-05
3.419537097215652466e-05
3.870297223329544067e-05
4.003662616014480591e-05
3.951601684093475342e-05
3.915652632713317871e-05
3.894045948982238770e-05
3.877840936183929443e-05
3.867968916893005371e-05
3.857817500829696655e-05
3.850460052490234375e-05
3.841798752546310425e-05
3.840215504169464111e-05
3.831274807453155518e-05
3.827735781669616699e-05
3.821682184934616089e-05
3.819726407527923584e-05
3.814417868852615356e-05
3.812368959188461304e-05
3.819260746240615845e-05
3.830716013908386230e-05
3.832858055830001831e-05
3.837607800960540771e-05
3.844778984785079956e-05
3.856234252452850342e-05
3.929808735847473145e-05
4.292279481887817383e-05
4.559755325317382812e-05
4.831142723560333252e-05
5.109421908855438232e-05
5.471985787153244019e-05
5.879439413547515869e-05
6.359629333019256592e-05
6.868783384561538696e-05
7.404945790767669678e-05
8.285883814096450806e-05
9.240396320819854736e-05
1.030955463647842407e-04
1.161480322480201721e-04
1.298552379012107849e-04
1.446846872568130493e-04
1.605283468961715698e-04
1.773051917552947998e-04
1.949612051248550415e-04
2.132281661033630371e-04
2.322392538189888000e-04
2.515949308872222900e-04
2.718437463045120239e-04
2.926765009760856628e-04
3.143586218357086182e-04
3.365529701113700867e-04
3.595249727368354797e-04
3.833975642919540405e-04
4.088953137397766113e-04
4.351856186985969543e-04
4.626577720046043396e-04
4.915595054626464844e-04
5.210591480135917664e-04
5.520759150385856628e-04
5.843630060553550720e-04
6.169313564896583557e-04
6.501711905002593994e-04
6.842408329248428345e-04
7.180171087384223938e-04
7.524434477090835571e-04
7.862104102969169617e-04
8.184481412172317505e-04
8.491342887282371521e-04
8.784066885709762573e-04
9.058946743607521057e-04
9.316150099039077759e-04
9.567392989993095398e-04
9.800400584936141968e-04
1.002615317702293396e-03
1.023745164275169373e-03
1.043459400534629822e-03
1.062091439962387085e-03
1.079377718269824982e-03
1.095046289265155792e-03
1.108830794692039490e-03
1.122071407735347748e-03
1.135210506618022919e-03
1.147186383605003357e-03
1.158864237368106842e-03
1.169822178781032562e-03
1.180140301585197449e-03
1.189556904137134552e-03
1.198905520141124725e-03
1.206630840897560120e-03
1.213981769979000092e-03
1.220113597810268402e-03
1.225801184773445129e-03
1.231822185218334198e-03
1.236432231962680817e-03
1.239547505974769592e-03
1.241041347384452820e-03
1.243051141500473022e-03
1.242676749825477600e-03
1.242053695023059845e-03
1.243276521563529968e-03
1.243384554982185364e-03
1.242863945662975311e-03
1.242334954440593719e-03
1.241811551153659821e-03
1.241373829543590546e-03
1.240945421159267426e-03
1.240538433194160461e-03
1.240177080035209656e-03
1.239813864231109619e-03
1.239445991814136505e-03
1.239135861396789551e-03
1.238806173205375671e-03
1.238526776432991028e-03
1.238237135112285614e-03
1.238021068274974823e-03
1.237742602825164795e-03
1.237517222762107849e-03
1.237274147570133209e-03
1.237063668668270111e-03
1.236810348927974701e-03
1.236630603671073914e-03
1.236403360962867737e-03
1.236166805028915405e-03
1.234801486134529114e-03
1.230058260262012482e-03
1.222325488924980164e-03
1.213042065501213074e-03
1.204766333103179932e-03
1.195847056806087494e-03
1.185993663966655731e-03
1.176793128252029419e-03
1.168623566627502441e-03
1.160687766969203949e-03
1.152151264250278473e-03
1.144250854849815369e-03
1.137050800025463104e-03
1.128502190113067627e-03
1.119916327297687531e-03
1.112839207053184509e-03
1.105549745261669159e-03
1.097660511732101440e-03
1.090111210942268372e-03
1.082874834537506104e-03
1.075384207069873810e-03
1.067157834768295288e-03
1.059719361364841461e-03
1.053100451827049255e-03
1.045483164489269257e-03
1.037891954183578491e-03
1.031152904033660889e-03
1.023930497467517853e-03
1.015821471810340881e-03
1.008627004921436310e-03
1.002159900963306427e-03
9.948443621397018433e-04
9.874124079942703247e-04
9.804489091038703918e-04
9.732702746987342834e-04
9.653950110077857971e-04
9.579956531524658203e-04
9.512016549706459045e-04
9.443126618862152100e-04
9.371880441904067993e-04
9.305644780397415161e-04
9.241467341780662537e-04
9.168554097414016724e-04
9.096553549170494080e-04
9.033931419253349304e-04
8.967667818069458008e-04
8.893972262740135193e-04
8.827438578009605408e-04
8.762963116168975830e-04
8.689239621162414551e-04
8.614771068096160889e-04
8.551785722374916077e-04
8.485168218612670898e-04
8.413009345531463623e-04
8.349781855940818787e-04
8.288472890853881836e-04
8.218642324209213257e-04
8.149109780788421631e-04
8.089449256658554077e-04
8.025597780942916870e-04
7.956633344292640686e-04
7.892325520515441895e-04
7.827449589967727661e-04
7.758541032671928406e-04
7.689623162150382996e-04
7.629003375768661499e-04
7.567647844552993774e-04
7.500704377889633179e-04
7.438389584422111511e-04
7.375683635473251343e-04
7.308926433324813843e-04
7.242951542139053345e-04
7.186615839600563049e-04
7.128817960619926453e-04
7.064826786518096924e-04
7.002567872405052185e-04
6.943121552467346191e-04
6.881058216094970703e-04
6.814347580075263977e-04
6.753709167242050171e-04
6.698137149214744568e-04
6.636157631874084473e-04
6.575407460331916809e-04
6.519891321659088135e-04
6.461171433329582214e-04
6.396919488906860352e-04
6.340229883790016174e-04
6.290217861533164978e-04
6.243539974093437195e-04
6.209872663021087646e-04
6.168782711029052734e-04
6.111841648817062378e-04
6.054937839508056641e-04
5.995333194732666016e-04
5.927495658397674561e-04
5.857944488525390625e-04
5.811871960759162903e-04
5.771396681666374207e-04
5.719074979424476624e-04
5.663931369781494141e-04
5.608573555946350098e-04
5.563413724303245544e-04
5.512675270438194275e-04
5.460716784000396729e-04
5.409829318523406982e-04
5.363952368497848511e-04
5.313092842698097229e-04
5.261003971099853516e-04
5.213292315602302551e-04
5.168244242668151855e-04
5.120430141687393188e-04
5.066785961389541626e-04
5.020359531044960022e-04
4.975413903594017029e-04
4.928680136799812317e-04
4.878127947449684143e-04
4.835603758692741394e-04
4.794104024767875671e-04
4.750099033117294312e-04
4.703737795352935791e-04
4.657618701457977295e-04
4.619881510734558105e-04
4.576155915856361389e-04
4.530809819698333740e-04
4.483526572585105896e-04
4.442883655428886414e-04
4.403172060847282410e-04
4.355367273092269897e-04
4.313215613365173340e-04
4.276474937796592712e-04
4.239277914166450500e-04
4.201382398605346680e-04
4.159063100814819336e-04
4.117144271731376648e-04
4.080478101968765259e-04
4.040887579321861267e-04
3.994461148977279663e-04
3.953436389565467834e-04
3.916854038834571838e-04
3.880299627780914307e-04
3.843158483505249023e-04
3.799311816692352295e-04
3.762543201446533203e-04
3.730664029717445374e-04
3.694398328661918640e-04
3.650886937975883484e-04
3.610607236623764038e-04
3.573335707187652588e-04
3.536399453878402710e-04
3.500347957015037537e-04
3.460338339209556580e-04
3.427034243941307068e-04
3.398032858967781067e-04
3.365837037563323975e-04
3.327950835227966309e-04
3.286655992269515991e-04
3.253892064094543457e-04
3.221873193979263306e-04
3.184983506798744202e-04
3.147292882204055786e-04
3.111474215984344482e-04
3.078961744904518127e-04
3.046886995434761047e-04
3.012474626302719116e-04
2.972418442368507385e-04
2.936935052275657654e-04
2.907142043113708496e-04
2.873921766877174377e-04
2.835579216480255127e-04
2.801911905407905579e-04
2.773385494947433472e-04
2.743154764175415039e-04
2.709906548261642456e-04
2.675261348485946655e-04
2.641808241605758667e-04
2.614287659525871277e-04
2.586776390671730042e-04
2.555362880229949951e-04
2.520857378840446472e-04
2.492908388376235962e-04
2.467166632413864136e-04
2.435743808746337891e-04
2.398872748017311096e-04
2.363640815019607544e-04
2.333112061023712158e-04
2.302564680576324463e-04
2.270154654979705811e-04
2.233702689409255981e-04
2.201693132519721985e-04
2.174368128180503845e-04
2.141883596777915955e-04
2.108542248606681824e-04
2.077398821711540222e-04
2.052392810583114624e-04
2.028299495577812195e-04
2.001449465751647949e-04
1.969411969184875488e-04
1.943064853549003601e-04
1.921085640788078308e-04
1.896396279335021973e-04
1.865215599536895752e-04
1.829639077186584473e-04
1.801326870918273926e-04
1.771980896592140198e-04
1.739105209708213806e-04
1.706918701529502869e-04
1.677945256233215332e-04
1.655770465731620789e-04
1.628650352358818054e-04
1.593464985489845276e-04
1.561203971505165100e-04
1.533553004264831543e-04
1.504421234130859375e-04
1.472663134336471558e-04
1.436341553926467896e-04
1.408327370882034302e-04
1.383712515234947205e-04
1.351973041892051697e-04
1.318231225013732910e-04
1.285411417484283447e-04
1.256950199604034424e-04
1.228228211402893066e-04
1.193145290017127991e-04
1.158649101853370667e-04
1.129349693655967712e-04
1.099565997719764709e-04
1.066522672772407532e-04
1.028152182698249817e-04
9.977538138628005981e-05
9.660888463258743286e-05
9.322725236415863037e-05
8.964631706476211548e-05
8.654035627841949463e-05
8.391030132770538330e-05
8.055474609136581421e-05
7.693096995353698730e-05
7.338542491197586060e-05
7.059425115585327148e-05
6.744731217622756958e-05
6.426870822906494141e-05
6.135739386081695557e-05
5.913246423006057739e-05
5.674920976161956787e-05
5.381926894187927246e-05
5.115754902362823486e-05
4.885345697402954102e-05
4.668999463319778442e-05
4.413444548845291138e-05
4.197843372821807861e-05
4.015117883682250977e-05
3.848318010568618774e-05
3.628060221672058105e-05
3.443285822868347168e-05
3.283377736806869507e-05
3.127381205558776855e-05
2.981722354888916016e-05
2.786610275506973267e-05
1.643691211938858032e-05
7.278285920619964600e-06
2.671033143997192383e-06
-6.444752216339111328e-07
-2.811662852764129639e-06
-5.810521543025970459e-06
-7.905997335910797119e-06
-8.294358849525451660e-06
-8.315779268741607666e-06
-8.287839591503143311e-06
-8.330680429935455322e-06
-8.308328688144683838e-06
-8.313916623592376709e-06
-8.270144462585449219e-06
-8.322298526763916016e-06
-8.290633559226989746e-06
-8.312053978443145752e-06
-8.308328688144683838e-06
-8.283182978630065918e-06
