-4.557892680168151855e-06
-4.555098712444305420e-06
-4.546716809272766113e-06
-4.547648131847381592e-06
-4.530884325504302979e-06
-4.572793841361999512e-06
-4.560686647891998291e-06
-4.563480615615844727e-06
-4.565343260765075684e-06
-4.576519131660461426e-06
-4.521571099758148193e-06
-4.551373422145843506e-06
-4.551373422145843506e-06
-4.556030035018920898e-06
-4.553236067295074463e-06
-4.565343260765075684e-06
-4.542060196399688721e-06
-4.566274583339691162e-06
-4.532746970653533936e-06
-4.543922841548919678e-06
-4.544854164123535156e-06
-4.555098712444305420e-06
-4.547648131847381592e-06
-4.547648131847381592e-06
-4.542991518974304199e-06
-4.536472260951995850e-06
-4.545785486698150635e-06
-4.537403583526611328e-06
-4.558824002742767334e-06
-4.558824002742767334e-06
-4.558824002742767334e-06
-4.542991518974304199e-06
-4.566274583339691162e-06
-4.553236067295074463e-06
-4.535540938377380371e-06
-4.532746970653533936e-06
-4.560686647891998291e-06
-4.552304744720458984e-06
-4.531815648078918457e-06
-4.560686647891998291e-06
-4.521571099758148193e-06
-4.535540938377380371e-06
-4.557892680168151855e-06
-4.542991518974304199e-06
-4.544854164123535156e-06
-4.536472260951995850e-06
-4.525296390056610107e-06
-4.543922841548919678e-06
-4.561617970466613770e-06
-4.584901034832000732e-06
-4.540197551250457764e-06
-4.558824002742767334e-06
-4.542060196399688721e-06
-4.555098712444305420e-06
-4.559755325317382812e-06
-4.529953002929687500e-06
-4.527159035205841064e-06
-4.526227712631225586e-06
-4.529021680355072021e-06
-4.555098712444305420e-06
-4.544854164123535156e-06
-4.538334906101226807e-06
-4.549510776996612549e-06
-4.544854164123535156e-06
-4.558824002742767334e-06
-4.570931196212768555e-06
-4.540197551250457764e-06
-4.563480615615844727e-06
-4.532746970653533936e-06
-4.540197551250457764e-06
-4.556961357593536377e-06
-4.552304744720458984e-06
-4.540197551250457764e-06
-4.520639777183532715e-06
-4.572793841361999512e-06
-4.538334906101226807e-06
-2.630986273288726807e-06
-5.671754479408264160e-07
4.898756742477416992e-07
1.273117959499359131e-06
3.990717232227325439e-06
8.597038686275482178e-06
1.440662890672683716e-05
1.706741750240325928e-05
1.976825296878814697e-05
2.224836498498916626e-05
2.402812242507934570e-05
2.644583582878112793e-05
3.105588257312774658e-05
3.454275429248809814e-05
3.863871097564697266e-05
4.364363849163055420e-05
4.869606345891952515e-05
5.396921187639236450e-05
5.859974771738052368e-05
5.853641778230667114e-05
5.786027759313583374e-05
5.751941353082656860e-05
5.732756108045578003e-05
5.714781582355499268e-05
5.701743066310882568e-05
5.688797682523727417e-05
5.679018795490264893e-05
5.671568214893341064e-05
5.665048956871032715e-05
5.657225847244262695e-05
5.652755498886108398e-05
5.646888166666030884e-05
5.639716982841491699e-05
5.635060369968414307e-05
5.637761205434799194e-05
5.649868398904800415e-05
5.656108260154724121e-05
5.667377263307571411e-05
5.673989653587341309e-05
5.684886127710342407e-05
5.709566175937652588e-05
6.049405783414840698e-05
6.456114351749420166e-05
6.788130849599838257e-05
7.148087024688720703e-05
7.561966776847839355e-05
8.065905421972274780e-05
8.645746856927871704e-05
9.298697113990783691e-05
9.932555258274078369e-05
1.090737059712409973e-04
1.212060451507568359e-04
1.341123133897781372e-04
1.498544588685035706e-04
1.674788072705268860e-04
1.860726624727249146e-04
2.063652500510215759e-04
2.276999875903129578e-04
2.504372969269752502e-04
2.737715840339660645e-04
2.985252067446708679e-04
3.234036266803741455e-04
3.495775163173675537e-04
3.764657303690910339e-04
4.042973741888999939e-04
4.329932853579521179e-04
4.625814035534858704e-04
4.931734874844551086e-04
5.255667492747306824e-04
5.594193935394287109e-04
5.948590114712715149e-04
6.318092346191406250e-04
6.702775135636329651e-04
7.093437016010284424e-04
7.513156160712242126e-04
7.938668131828308105e-04
8.364878594875335693e-04
8.810916915535926819e-04
9.256461635231971741e-04
9.698616340756416321e-04
1.014818437397480011e-03
1.058208756148815155e-03
1.099281944334506989e-03
1.138792373239994049e-03
1.175762154161930084e-03
1.210654154419898987e-03
1.244273036718368530e-03
1.275569200515747070e-03
1.305978745222091675e-03
1.334304921329021454e-03
1.361251808702945709e-03
1.386103220283985138e-03
1.409903168678283691e-03
1.431412063539028168e-03
1.450570300221443176e-03
1.468026079237461090e-03
1.485590822994709015e-03
1.502057537436485291e-03
1.517206430435180664e-03
1.532461494207382202e-03
1.546217128634452820e-03
1.559093594551086426e-03
1.571442000567913055e-03
1.582644879817962646e-03
1.592511311173439026e-03
1.601261086761951447e-03
1.608864404261112213e-03
1.616634428501129150e-03
1.623927615582942963e-03
1.629060134291648865e-03
1.632403582334518433e-03
1.633746549487113953e-03
1.635146327316761017e-03
1.634263433516025543e-03
1.634107902646064758e-03
1.635795459151268005e-03
1.635317690670490265e-03
1.634649001061916351e-03
1.633957028388977051e-03
1.633314415812492371e-03
1.632780767977237701e-03
1.632238738238811493e-03
1.631743274629116058e-03
1.631274819374084473e-03
1.630803570151329041e-03
1.630356535315513611e-03
1.629951409995555878e-03
1.629555597901344299e-03
1.629206351935863495e-03
1.628856174647808075e-03
1.628507860004901886e-03
1.628211699426174164e-03
1.627879217267036438e-03
1.627600751817226410e-03
1.627326011657714844e-03
1.627030782401561737e-03
1.626754179596900940e-03
1.626452431082725525e-03
1.626009121537208557e-03
1.621742732822895050e-03
1.613864675164222717e-03
1.602115109562873840e-03
1.590535975992679596e-03
1.579715870320796967e-03
1.567285507917404175e-03
1.554439775645732880e-03
1.543278805911540985e-03
1.533016562461853027e-03
1.522074453532695770e-03
1.511271111667156219e-03
1.501620747148990631e-03
1.491446979343891144e-03
1.479913480579853058e-03
1.469668932259082794e-03
1.460590399801731110e-03
1.450649462640285492e-03
1.440383493900299072e-03
1.430794596672058105e-03
1.421433873474597931e-03
1.410915516316890717e-03
1.400578767061233521e-03
1.391622237861156464e-03
1.382404938340187073e-03
1.372193917632102966e-03
1.362845301628112793e-03
1.354019157588481903e-03
1.343849115073680878e-03
1.333626918494701385e-03
1.325001008808612823e-03
1.316012814640998840e-03
1.306161284446716309e-03
1.296879723668098450e-03
1.287653110921382904e-03
1.277821138501167297e-03
1.267641782760620117e-03
1.258415170013904572e-03
1.249668188393115997e-03
1.240297220647335052e-03
1.231437548995018005e-03
1.222906634211540222e-03
1.214077696204185486e-03
1.204275526106357574e-03
1.195553690195083618e-03
1.187464222311973572e-03
1.178082078695297241e-03
1.168785616755485535e-03
1.160478219389915466e-03
1.151459291577339172e-03
1.141447573900222778e-03
1.132482662796974182e-03
1.124344766139984131e-03
1.115056686103343964e-03
1.106038689613342285e-03
1.098191365599632263e-03
1.089639030396938324e-03
1.080250367522239685e-03
1.071850769221782684e-03
1.063938252627849579e-03
1.055155880749225616e-03
1.046314835548400879e-03
1.038029789924621582e-03
1.029321923851966858e-03
1.020081341266632080e-03
1.011626794934272766e-03
1.003781333565711975e-03
9.953975677490234375e-04
9.867688640952110291e-04
9.787445887923240662e-04
9.703086689114570618e-04
9.613838046789169312e-04
9.534740820527076721e-04
9.460179135203361511e-04
9.381379932165145874e-04
9.296564385294914246e-04
9.217849001288414001e-04
9.139832109212875366e-04
9.053712710738182068e-04
8.969334885478019714e-04
8.894493803381919861e-04
8.818432688713073730e-04
8.735796436667442322e-04
8.660163730382919312e-04
8.587054908275604248e-04
8.504809811711311340e-04
8.424147963523864746e-04
8.357102051377296448e-04
8.291313424706459045e-04
8.237380534410476685e-04
8.201831951737403870e-04
8.126301690936088562e-04
8.052177727222442627e-04
7.977886125445365906e-04
7.894160225987434387e-04
7.800264284014701843e-04
7.721381261944770813e-04
7.679201662540435791e-04
7.608719170093536377e-04
7.539223879575729370e-04
7.463879883289337158e-04
7.399618625640869141e-04
7.337052375078201294e-04
7.270332425832748413e-04
7.201777771115303040e-04
7.137721404433250427e-04
7.076812908053398132e-04
7.007448002696037292e-04
6.942404434084892273e-04
6.880303844809532166e-04
6.823120638728141785e-04
6.753774359822273254e-04
6.687398999929428101e-04
6.627505645155906677e-04
6.570108234882354736e-04
6.503928452730178833e-04
6.443178281188011169e-04
6.386237218976020813e-04
6.334418430924415588e-04
6.273165345191955566e-04
6.212536245584487915e-04
6.157644093036651611e-04
6.103562191128730774e-04
6.047086790204048157e-04
5.983477458357810974e-04
5.929209291934967041e-04
5.874065682291984558e-04
5.817255005240440369e-04
5.756588652729988098e-04
5.703214555978775024e-04
5.659637972712516785e-04
5.610827356576919556e-04
5.554705858230590820e-04
5.501387640833854675e-04
5.450313910841941833e-04
5.397349596023559570e-04
5.343491211533546448e-04
5.283383652567863464e-04
5.231956019997596741e-04
5.188528448343276978e-04
5.138739943504333496e-04
5.083857104182243347e-04
5.033174529671669006e-04
4.986543208360671997e-04
4.940396174788475037e-04
4.890570417046546936e-04
4.833331331610679626e-04
4.780869930982589722e-04
4.737675189971923828e-04
4.687672480940818787e-04
4.635257646441459656e-04
4.590954631567001343e-04
4.551103338599205017e-04
4.509342834353446960e-04
4.460988566279411316e-04
4.410166293382644653e-04
4.359763115644454956e-04
4.316056147217750549e-04
4.273289814591407776e-04
4.226416349411010742e-04
4.174122586846351624e-04
4.132147878408432007e-04
4.093088209629058838e-04
4.047416150569915771e-04
3.995792940258979797e-04
3.948258236050605774e-04
3.904718905687332153e-04
3.861142322421073914e-04
3.816112875938415527e-04
3.767609596252441406e-04
3.724414855241775513e-04
3.689145669341087341e-04
3.650253638625144958e-04
3.603016957640647888e-04
3.556879237294197083e-04
3.521237522363662720e-04
3.484664484858512878e-04
3.442503511905670166e-04
3.399150446057319641e-04
3.359830006957054138e-04
3.324989229440689087e-04
3.285165876150131226e-04
3.241691738367080688e-04
3.193560987710952759e-04
3.147954121232032776e-04
3.111874684691429138e-04
3.071771934628486633e-04
3.023296594619750977e-04
2.979794517159461975e-04
2.939682453870773315e-04
2.900194376707077026e-04
2.859849482774734497e-04
2.812696620821952820e-04
2.779643982648849487e-04
2.749366685748100281e-04
2.713417634367942810e-04
2.672383561730384827e-04
2.636797726154327393e-04
2.606613561511039734e-04
2.574305981397628784e-04
2.535181120038032532e-04
2.492861822247505188e-04
2.449387684464454651e-04
2.410784363746643066e-04
2.373252063989639282e-04
2.327747642993927002e-04
2.288445830345153809e-04
2.255914732813835144e-04
2.221819013357162476e-04
2.182070165872573853e-04
2.136323601007461548e-04
2.095066010951995850e-04
2.061761915683746338e-04
2.022292464971542358e-04
1.974636688828468323e-04
1.932922750711441040e-04
1.897122710943222046e-04
1.862486824393272400e-04
1.820903271436691284e-04
1.772455871105194092e-04
1.736385747790336609e-04
1.698806881904602051e-04
1.655267551541328430e-04
1.609837636351585388e-04
1.565404236316680908e-04
1.530488952994346619e-04
1.488691195845603943e-04
1.439806073904037476e-04
1.393957063555717468e-04
1.353770494461059570e-04
1.313490793108940125e-04
1.264978200197219849e-04
1.221895217895507812e-04
1.182965934276580811e-04
1.144828274846076965e-04
1.099286600947380066e-04
1.050960272550582886e-04
1.010475680232048035e-04
9.703449904918670654e-05
9.300466626882553101e-05
8.876435458660125732e-05
8.563511073589324951e-05
8.252635598182678223e-05
7.915589958429336548e-05
7.521361112594604492e-05
7.226783782243728638e-05
6.917212158441543579e-05
6.611365824937820435e-05
6.284657865762710571e-05
6.043724715709686279e-05
5.806237459182739258e-05
5.551334470510482788e-05
5.278084427118301392e-05
5.065836012363433838e-05
4.847254604101181030e-05
4.652980715036392212e-05
4.469975829124450684e-05
3.670156002044677734e-05
2.116896212100982666e-05
1.273304224014282227e-05
6.177462637424468994e-06
5.184672772884368896e-06
8.074566721916198730e-07
-1.938082277774810791e-06
-4.557892680168151855e-06
-4.542060196399688721e-06
-4.579313099384307861e-06
-4.546716809272766113e-06
-4.546716809272766113e-06
-4.572793841361999512e-06
-4.539266228675842285e-06
-4.551373422145843506e-06
-4.550442099571228027e-06
-4.572793841361999512e-06
-4.560686647891998291e-06
-4.557892680168151855e-06
-4.542060196399688721e-06
