-8.329749107360839844e-06
-8.296221494674682617e-06
-8.271075785160064697e-06
-8.300878107547760010e-06
-8.318573236465454102e-06
-8.317641913890838623e-06
-8.308328688144683838e-06
-8.274801075458526611e-06
-8.259899914264678955e-06
-8.258968591690063477e-06
-8.272007107734680176e-06
-8.286908268928527832e-06
-8.256174623966217041e-06
-8.237548172473907471e-06
-8.288770914077758789e-06
-8.254311978816986084e-06
-8.281320333480834961e-06
-8.262693881988525391e-06
-8.288770914077758789e-06
-8.293427526950836182e-06
-8.281320333480834961e-06
-8.299946784973144531e-06
-8.267350494861602783e-06
-8.239410817623138428e-06
-8.280389010906219482e-06
-8.287839591503143311e-06
-8.244067430496215820e-06
-8.258037269115447998e-06
-8.261762559413909912e-06
-8.256174623966217041e-06
-8.265487849712371826e-06
-8.247792720794677734e-06
-8.283182978630065918e-06
-8.286908268928527832e-06
-8.256174623966217041e-06
-8.255243301391601562e-06
-8.270144462585449219e-06
-8.276663720607757568e-06
-8.231028914451599121e-06
-8.273869752883911133e-06
-8.283182978630065918e-06
-8.257105946540832520e-06
-8.258968591690063477e-06
-8.238479495048522949e-06
-8.269213140010833740e-06
-8.244998753070831299e-06
-8.248724043369293213e-06
-8.275732398033142090e-06
-8.273869752883911133e-06
-8.289702236652374268e-06
-8.244998753070831299e-06
-8.250586688518524170e-06
-8.238479495048522949e-06
-8.267350494861602783e-06
-8.264556527137756348e-06
-8.272938430309295654e-06
-8.271075785160064697e-06
-8.265487849712371826e-06
-8.255243301391601562e-06
-8.261762559413909912e-06
-8.304603397846221924e-06
-8.251518011093139648e-06
-8.275732398033142090e-06
-8.241273462772369385e-06
-6.554648280143737793e-06
-5.630776286125183105e-06
-3.662891685962677002e-06
-3.399327397346496582e-06
-1.515261828899383545e-06
2.036802470684051514e-06
4.587695002555847168e-06
1.141987740993499756e-05
1.237820833921432495e-05
1.545436680316925049e-05
1.612491905689239502e-05
1.563224941492080688e-05
1.533702015876770020e-05
1.520290970802307129e-05
1.510605216026306152e-05
1.499708741903305054e-05
1.493096351623535156e-05
1.487322151660919189e-05
1.483596861362457275e-05
1.482758671045303345e-05
1.474842429161071777e-05
1.473631709814071655e-05
1.470558345317840576e-05
1.470465213060379028e-05
1.465436071157455444e-05
1.471117138862609863e-05
1.469068229198455811e-05
1.468975096940994263e-05
1.471024006605148315e-05
1.474190503358840942e-05
1.502688974142074585e-05
1.797638833522796631e-05
1.832377165555953979e-05
1.948047429323196411e-05
2.096779644489288330e-05
2.280622720718383789e-05
2.499856054782867432e-05
2.778507769107818604e-05
3.056600689888000488e-05
3.326591104269027710e-05
3.764498978853225708e-05
4.326365888118743896e-05
5.033891648054122925e-05
5.767401307821273804e-05
6.596650928258895874e-05
7.802434265613555908e-05
9.622517973184585571e-05
1.150052994489669800e-04
1.343656331300735474e-04
1.542419195175170898e-04
1.755189150571823120e-04
1.969356089830398560e-04
2.181306481361389160e-04
2.387026324868202209e-04
2.596350386738777161e-04
2.800039947032928467e-04
3.005918115377426147e-04
3.212522715330123901e-04
3.423886373639106750e-04
3.627957776188850403e-04
3.831554204225540161e-04
4.042815417051315308e-04
4.251291975378990173e-04
4.454357549548149109e-04
4.656109958887100220e-04
4.853140562772750854e-04
5.043605342507362366e-04
5.233539268374443054e-04
5.424590781331062317e-04
5.614459514617919922e-04
5.795024335384368896e-04
5.976567044854164124e-04
6.153360009193420410e-04
6.329370662569999695e-04
6.509097293019294739e-04
6.681839004158973694e-04
6.859246641397476196e-04
7.037846371531486511e-04
7.202588021755218506e-04
7.371883839368820190e-04
7.539214566349983215e-04
7.698396220803260803e-04
7.865717634558677673e-04
8.029704913496971130e-04
8.191708475351333618e-04
8.354187011718750000e-04
8.507417514920234680e-04
8.658580482006072998e-04
8.812407031655311584e-04
8.960189297795295715e-04
9.107757359743118286e-04
9.258948266506195068e-04
9.402073919773101807e-04
9.544529020786285400e-04
9.694071486592292786e-04
9.841239079833030701e-04
9.987745434045791626e-04
1.013587228953838348e-03
1.028158701956272125e-03
1.041604205965995789e-03
1.055669039487838745e-03
1.070124097168445587e-03
1.083357259631156921e-03
1.096497289836406708e-03
1.110385172069072723e-03
1.124623231589794159e-03
1.137460581958293915e-03
1.150582917034626007e-03
1.164087094366550446e-03
1.177306286990642548e-03
1.189647242426872253e-03
1.202101819217205048e-03
1.215189695358276367e-03
1.227501779794692993e-03
1.239431090652942657e-03
1.251244917511940002e-03
1.264067366719245911e-03
1.275752671062946320e-03
1.286853104829788208e-03
1.297994516789913177e-03
1.310354098677635193e-03
1.321765594184398651e-03
1.332912594079971313e-03
1.343926414847373962e-03
1.355628482997417450e-03
1.366592943668365479e-03
1.377240754663944244e-03
1.387726515531539917e-03
1.398760825395584106e-03
1.409942284226417542e-03
1.420262269675731659e-03
1.430882140994071960e-03
1.441049389541149139e-03
1.452108845114707947e-03
1.462373882532119751e-03
1.472390256822109222e-03
1.482362858951091766e-03
1.493128947913646698e-03
1.503835432231426239e-03
1.513441093266010284e-03
1.523113809525966644e-03
1.532393507659435272e-03
1.542626880109310150e-03
1.552574336528778076e-03
1.561874523758888245e-03
1.571274362504482269e-03
1.580189913511276245e-03
1.590138301253318787e-03
1.599754206836223602e-03
1.609111204743385315e-03
1.618323847651481628e-03
1.627244055271148682e-03
1.636499539017677307e-03
1.645105890929698944e-03
1.653867773711681366e-03
1.662428490817546844e-03
1.670426689088344574e-03
1.679249107837677002e-03
1.687896437942981720e-03
1.696043647825717926e-03
1.704675145447254181e-03
1.712615601718425751e-03
1.721070148050785065e-03
1.729672774672508240e-03
1.737364567816257477e-03
1.745444722473621368e-03
1.753915101289749146e-03
1.761878840625286102e-03
1.769987866282463074e-03
1.777364872395992279e-03
1.784128136932849884e-03
1.791555434465408325e-03
1.798947341740131378e-03
1.806571148335933685e-03
1.814361661672592163e-03
1.821471378207206726e-03
1.828285865485668182e-03
1.835584640502929688e-03
1.842440105974674225e-03
1.849132589995861053e-03
1.856453716754913330e-03
1.863315701484680176e-03
1.869970001280307770e-03
1.877205446362495422e-03
1.883758231997489929e-03
1.890365965664386749e-03
1.897936686873435974e-03
1.905069686472415924e-03
1.911039464175701141e-03
1.917271874845027924e-03
1.923746429383754730e-03
1.929653808474540710e-03
1.936499029397964478e-03
1.943431794643402100e-03
1.949367113411426544e-03
1.955079846084117889e-03
1.961035653948783875e-03
1.966834068298339844e-03
1.972525380551815033e-03
1.978885382413864136e-03
1.985422335565090179e-03
1.990292221307754517e-03
1.995420083403587341e-03
2.000933513045310974e-03
2.006880007684230804e-03
2.012208104133605957e-03
2.018498256802558899e-03
2.024837769567966461e-03
2.029746770858764648e-03
2.033485099673271179e-03
2.036754041910171509e-03
2.039770595729351044e-03
2.041413448750972748e-03
2.042206004261970520e-03
2.043269574642181396e-03
2.042401582002639771e-03
2.041239291429519653e-03
2.042008563876152039e-03
2.040979452431201935e-03
2.039631828665733337e-03
2.038300968706607819e-03
2.037056721746921539e-03
2.035882323980331421e-03
2.034763805568218231e-03
2.033757977187633514e-03
2.032754011452198029e-03
2.031813375651836395e-03
2.030923031270503998e-03
2.030048519372940063e-03
2.029196359217166901e-03
2.028407528996467590e-03
2.027637325227260590e-03
2.026895992457866669e-03
2.026190981268882751e-03
2.025488764047622681e-03
2.024770714342594147e-03
2.024110406637191772e-03
2.023486420512199402e-03
2.022870816290378571e-03
2.022306434810161591e-03
2.021639607846736908e-03
2.021083608269691467e-03
2.020509913563728333e-03
2.019930630922317505e-03
2.019416540861129761e-03
2.018865197896957397e-03
2.018323168158531189e-03
2.017845399677753448e-03
2.017359249293804169e-03
2.016856335103511810e-03
2.016362734138965607e-03
2.015864476561546326e-03
2.015279605984687805e-03
2.014772035181522369e-03
2.014268189668655396e-03
2.013803459703922272e-03
2.013281919062137604e-03
2.012815326452255249e-03
2.012342214584350586e-03
2.011870965361595154e-03
2.011399716138839722e-03
2.010950818657875061e-03
2.010523341596126556e-03
2.010084688663482666e-03
2.009653486311435699e-03
2.009231597185134888e-03
2.008805051445960999e-03
2.008320763707160950e-03
2.006229944527149200e-03
2.002168446779251099e-03
1.996356993913650513e-03
1.989874988794326782e-03
1.983302645385265350e-03
1.975172199308872223e-03
1.964380964636802673e-03
1.952124759554862976e-03
1.938816159963607788e-03
1.922835595905780792e-03
1.906284131109714508e-03
1.887865364551544189e-03
1.868101768195629120e-03
1.846112310886383057e-03
1.823757775127887726e-03
1.799085177481174469e-03
1.772572286427021027e-03
1.745293848216533661e-03
1.716263592243194580e-03
1.686347648501396179e-03
1.655221916735172272e-03
1.622056588530540466e-03
1.588525250554084778e-03
1.554011367261409760e-03
1.518192701041698456e-03
1.481470651924610138e-03
1.444022171199321747e-03
1.406397670507431030e-03
1.367993652820587158e-03
1.328244805335998535e-03
1.288544386625289917e-03
1.247502863407135010e-03
1.205813139677047729e-03
1.165034249424934387e-03
1.124638132750988007e-03
1.084653660655021667e-03
1.045558601617813110e-03
1.008167862892150879e-03
9.705722332000732422e-04
9.338604286313056946e-04
8.980901911854743958e-04
8.655190467834472656e-04
8.333222940564155579e-04
7.983949035406112671e-04
7.645469158887863159e-04
7.311888039112091064e-04
6.975643336772918701e-04
6.654988974332809448e-04
6.340155377984046936e-04
6.032055243849754333e-04
5.732104182243347168e-04
5.438895896077156067e-04
5.146516487002372742e-04
4.865610972046852112e-04
4.592556506395339966e-04
4.318989813327789307e-04
4.049437120556831360e-04
3.801956772804260254e-04
3.545386716723442078e-04
3.294944763183593750e-04
3.048637881875038147e-04
2.807062119245529175e-04
2.567507326602935791e-04
2.329954877495765686e-04
2.095922827720642090e-04
1.864563673734664917e-04
1.642648130655288696e-04
1.426488161087036133e-04
1.217834651470184326e-04
1.031216233968734741e-04
8.321646600961685181e-05
6.448104977607727051e-05
4.792772233486175537e-05
3.411248326301574707e-05
2.436712384223937988e-05
1.558475196361541748e-05
1.045223325490951538e-05
6.093643605709075928e-06
3.245659172534942627e-06
-1.480802893638610840e-07
-9.257346391677856445e-07
-2.666376531124114990e-06
-4.167668521404266357e-06
-5.673617124557495117e-06
-6.764195859432220459e-06
-8.300878107547760010e-06
-8.312053978443145752e-06
-8.287839591503143311e-06
-8.300878107547760010e-06
-8.322298526763916016e-06
-8.294358849525451660e-06
-8.285045623779296875e-06
-8.303672075271606445e-06
-8.296221494674682617e-06
-8.316710591316223145e-06
-8.291564881801605225e-06
-8.288770914077758789e-06
-8.285976946353912354e-06
-8.275732398033142090e-06
