-4.598870873451232910e-06
-4.569999873638153076e-06
-4.538334906101226807e-06
-4.583038389682769775e-06
-4.569068551063537598e-06
-4.554167389869689941e-06
-4.584901034832000732e-06
-4.574656486511230469e-06
-4.582107067108154297e-06
-4.585832357406616211e-06
-4.562549293041229248e-06
-4.595145583152770996e-06
-4.566274583339691162e-06
-4.561617970466613770e-06
-4.569999873638153076e-06
-4.563480615615844727e-06
-4.571862518787384033e-06
-4.582107067108154297e-06
-4.569068551063537598e-06
-4.571862518787384033e-06
-4.565343260765075684e-06
-4.579313099384307861e-06
-4.571862518787384033e-06
-4.588626325130462646e-06
-4.587695002555847168e-06
-4.547648131847381592e-06
-4.566274583339691162e-06
-4.610978066921234131e-06
-4.590488970279693604e-06
-4.559755325317382812e-06
-4.583038389682769775e-06
-4.579313099384307861e-06
-4.556030035018920898e-06
-4.585832357406616211e-06
-4.565343260765075684e-06
-4.578381776809692383e-06
-4.565343260765075684e-06
-4.558824002742767334e-06
-4.577450454235076904e-06
-4.577450454235076904e-06
-4.585832357406616211e-06
-4.589557647705078125e-06
-4.600733518600463867e-06
-4.574656486511230469e-06
-4.609115421772003174e-06
-4.586763679981231689e-06
-4.590488970279693604e-06
-4.600733518600463867e-06
-4.577450454235076904e-06
-4.563480615615844727e-06
-4.583969712257385254e-06
-4.588626325130462646e-06
-4.570931196212768555e-06
-4.569068551063537598e-06
-4.562549293041229248e-06
-4.567205905914306641e-06
-4.578381776809692383e-06
-4.555098712444305420e-06
-4.607252776622772217e-06
-4.589557647705078125e-06
-4.602596163749694824e-06
-4.581175744533538818e-06
-4.545785486698150635e-06
-2.535991370677947998e-06
-2.097338438034057617e-06
1.160427927970886230e-06
1.635402441024780273e-06
2.223066985607147217e-06
6.342306733131408691e-06
1.052021980285644531e-05
1.483596861362457275e-05
2.221576869487762451e-05
2.419669181108474731e-05
2.717413008213043213e-05
2.707168459892272949e-05
2.652499824762344360e-05
2.626795321702957153e-05
2.607423812150955200e-05
2.597924321889877319e-05
2.587959170341491699e-05
2.581533044576644897e-05
2.572871744632720947e-05
2.568215131759643555e-05
2.562720328569412231e-05
2.558063715696334839e-05
2.556014806032180786e-05
2.551265060901641846e-05
2.550892531871795654e-05
2.544652670621871948e-05
2.549961209297180176e-05
2.550799399614334106e-05
2.551171928644180298e-05
2.551265060901641846e-05
2.565886825323104858e-05
2.814177423715591431e-05
2.994295209646224976e-05
3.092829138040542603e-05
3.260280936956405640e-05
3.480911254882812500e-05
3.741309046745300293e-05
4.077702760696411133e-05
4.436820745468139648e-05
4.802644252777099609e-05
5.253776907920837402e-05
5.863234400749206543e-05
6.757769733667373657e-05
7.662642747163772583e-05
8.681695908308029175e-05
9.867548942565917969e-05
1.195771619677543640e-04
1.441538333892822266e-04
1.689083874225616455e-04
1.947898417711257935e-04
2.215709537267684937e-04
2.495776861906051636e-04
2.776086330413818359e-04
3.048256039619445801e-04
3.321161493659019470e-04
3.591785207390785217e-04
3.858124837279319763e-04
4.128795117139816284e-04
4.401002079248428345e-04
4.678508266806602478e-04
4.939604550600051880e-04
5.213394761085510254e-04
5.488255992531776428e-04
5.757147446274757385e-04
6.020953878760337830e-04
6.282059475779533386e-04
6.539244204759597778e-04
6.788307800889015198e-04
7.036887109279632568e-04
7.282774895429611206e-04
7.526576519012451172e-04
7.765637710690498352e-04
8.001998066902160645e-04
8.226670324802398682e-04
8.460972458124160767e-04
8.694818243384361267e-04
8.920328691601753235e-04
9.152283892035484314e-04
9.381482377648353577e-04
9.597064927220344543e-04
9.816121309995651245e-04
1.003135927021503448e-03
1.024412922561168671e-03
1.045930199325084686e-03
1.067362725734710693e-03
1.088747754693031311e-03
1.109126023948192596e-03
1.129202544689178467e-03
1.149166375398635864e-03
1.168699935078620911e-03
1.188284717500209808e-03
1.207611523568630219e-03
1.226996071636676788e-03
1.245703548192977905e-03
1.264340244233608246e-03
1.284386031329631805e-03
1.303083263337612152e-03
1.322550699114799500e-03
1.342047937214374542e-03
1.359986141324043274e-03
1.378213055431842804e-03
1.396718434989452362e-03
1.415280625224113464e-03
1.432034187018871307e-03
1.449655741453170776e-03
1.468366011977195740e-03
1.486008986830711365e-03
1.503019593656063080e-03
1.520176418125629425e-03
1.538284122943878174e-03
1.554516144096851349e-03
1.570862717926502228e-03
1.587484031915664673e-03
1.604456454515457153e-03
1.619991846382617950e-03
1.635596156120300293e-03
1.651618629693984985e-03
1.668227836489677429e-03
1.682658679783344269e-03
1.697238534688949585e-03
1.712437719106674194e-03
1.728519797325134277e-03
1.742914319038391113e-03
1.757445745170116425e-03
1.772189512848854065e-03
1.787558197975158691e-03
1.801174134016036987e-03
1.815326511859893799e-03
1.828990876674652100e-03
1.844026148319244385e-03
1.857858151197433472e-03
1.871616579592227936e-03
1.885171048343181610e-03
1.899039372801780701e-03
1.913233660161495209e-03
1.926306635141372681e-03
1.939390785992145538e-03
1.952743157744407654e-03
1.967284828424453735e-03
1.980285160243511200e-03
1.993031240999698639e-03
2.005223184823989868e-03
2.017924562096595764e-03
2.031558193266391754e-03
2.043913118541240692e-03
2.056328579783439636e-03
2.067989669740200043e-03
2.080275677144527435e-03
2.093474380671977997e-03
2.105596475303173065e-03
2.118024043738842010e-03
2.129605039954185486e-03
2.141563221812248230e-03
2.153370529413223267e-03
2.164574339985847473e-03
2.176176756620407104e-03
2.186778932809829712e-03
2.197724767029285431e-03
2.209460362792015076e-03
2.220181748270988464e-03
2.231195569038391113e-03
2.242178656160831451e-03
2.252616919577121735e-03
2.264021895825862885e-03
2.274543978273868561e-03
2.284800633788108826e-03
2.295779064297676086e-03
2.306489273905754089e-03
2.316971309483051300e-03
2.327401190996170044e-03
2.336278557777404785e-03
2.345544286072254181e-03
2.355431206524372101e-03
2.365062013268470764e-03
2.375146374106407166e-03
2.385187894105911255e-03
2.394000068306922913e-03
2.403158694505691528e-03
2.412853762507438660e-03
2.421268261969089508e-03
2.430579625070095062e-03
2.440080977976322174e-03
2.448662184178829193e-03
2.457738853991031647e-03
2.467144280672073364e-03
2.475276589393615723e-03
2.484673634171485901e-03
2.494781278073787689e-03
2.502928487956523895e-03
2.510912716388702393e-03
2.519342117011547089e-03
2.527311444282531738e-03
2.535581588745117188e-03
2.544756047427654266e-03
2.553296275436878204e-03
2.560694701969623566e-03
2.568236552178859711e-03
2.576246857643127441e-03
2.583500929176807404e-03
2.591442316770553589e-03
2.600018866360187531e-03
2.607437781989574432e-03
2.613874152302742004e-03
2.620542421936988831e-03
2.628356218338012695e-03
2.635606564581394196e-03
2.643116749823093414e-03
2.651426941156387329e-03
2.659074030816555023e-03
2.664403989911079407e-03
2.669517882168292999e-03
2.673396840691566467e-03
2.676500938832759857e-03
2.678653225302696228e-03
2.678699791431427002e-03
2.679653465747833252e-03
2.677851356565952301e-03
2.678024582564830780e-03
2.677775919437408447e-03
2.676130272448062897e-03
2.674386836588382721e-03
2.672708593308925629e-03
2.671128138899803162e-03
2.669660374522209167e-03
2.668309956789016724e-03
2.666999585926532745e-03
2.665748819708824158e-03
2.664555795490741730e-03
2.663427032530307770e-03
2.662345767021179199e-03
2.661276608705520630e-03
2.660299651324748993e-03
2.659309655427932739e-03
2.658332698047161102e-03
2.657438628375530243e-03
2.656568773090839386e-03
2.655679360032081604e-03
2.654815092682838440e-03
2.654015086591243744e-03
2.653222531080245972e-03
2.652427181601524353e-03
2.651702612638473511e-03
2.650916576385498047e-03
2.650200389325618744e-03
2.649542875587940216e-03
2.648819237947463989e-03
2.648133784532546997e-03
2.647458575665950775e-03
2.646748907864093781e-03
2.646080218255519867e-03
2.645465545356273651e-03
2.644806168973445892e-03
2.644130028784275055e-03
2.643412910401821136e-03
2.642824314534664154e-03
2.642189152538776398e-03
2.641529776155948639e-03
2.640941180288791656e-03
2.640331164002418518e-03
2.639692276716232300e-03
2.639097161591053009e-03
2.638462930917739868e-03
2.637878060340881348e-03
2.637308090925216675e-03
2.636738121509552002e-03
2.636162564158439636e-03
2.635673619806766510e-03
2.635066397488117218e-03
2.634304575622081757e-03
2.629873342812061310e-03
2.623468637466430664e-03
2.615570090711116791e-03
2.607163973152637482e-03
2.597406506538391113e-03
2.585166133940219879e-03
2.569824457168579102e-03
2.553515136241912842e-03
2.534619532525539398e-03
2.513016574084758759e-03
2.490744926035404205e-03
2.465629018843173981e-03
2.438617870211601257e-03
2.409847453236579895e-03
2.379077486693859100e-03
2.346158958971500397e-03
2.310950309038162231e-03
2.274439670145511627e-03
2.235544845461845398e-03
2.196105197072029114e-03
2.153798006474971771e-03
2.110674045979976654e-03
2.066231332719326019e-03
2.020672895014286041e-03
1.973250880837440491e-03
1.925132237374782562e-03
1.876150257885456085e-03
1.826046034693717957e-03
1.775474287569522858e-03
1.723784953355789185e-03
1.670650206506252289e-03
1.616846770048141479e-03
1.562977209687232971e-03
1.509779132902622223e-03
1.457024365663528442e-03
1.405924558639526367e-03
1.355815678834915161e-03
1.306160353124141693e-03
1.257313415408134460e-03
1.210882328450679779e-03
1.163891516625881195e-03
1.125792972743511200e-03
1.079428009688854218e-03
1.033826731145381927e-03
9.898953139781951904e-04
9.463829919695854187e-04
9.032301604747772217e-04
8.610878139734268188e-04
8.207792416214942932e-04
7.807677611708641052e-04
7.415190339088439941e-04
7.034176960587501526e-04
6.657131016254425049e-04
6.289556622505187988e-04
5.931444466114044189e-04
5.581043660640716553e-04
5.228100344538688660e-04
4.899539053440093994e-04
4.572430625557899475e-04
4.242034628987312317e-04
3.919312730431556702e-04
3.606965765357017517e-04
3.291023895144462585e-04
2.980353310704231262e-04
2.670828253030776978e-04
2.379016950726509094e-04
2.082614228129386902e-04
1.806048676371574402e-04
1.544402912259101868e-04
1.297323033213615417e-04
1.033395528793334961e-04
8.061714470386505127e-05
5.986914038658142090e-05
4.482828080654144287e-05
3.273878246545791626e-05
2.338271588087081909e-05
1.675449311733245850e-05
1.247879117727279663e-05
8.255243301391601562e-06
5.439855158329010010e-06
5.220063030719757080e-06
2.375803887844085693e-06
3.995373845100402832e-07
-1.938082277774810791e-06
-2.992339432239532471e-06
-4.511326551437377930e-06
-4.517845809459686279e-06
-4.507601261138916016e-06
-4.499219357967376709e-06
-4.496425390243530273e-06
-4.507601261138916016e-06
-4.483386874198913574e-06
-4.485249519348144531e-06
-4.502944648265838623e-06
-4.494562745094299316e-06
-4.492700099945068359e-06
-4.502944648265838623e-06
-4.483386874198913574e-06
