-8.323229849338531494e-06
-8.343718945980072021e-06
-8.312053978443145752e-06
-8.329749107360839844e-06
-8.325092494487762451e-06
-8.310191333293914795e-06
-8.322298526763916016e-06
-8.317641913890838623e-06
-8.329749107360839844e-06
-8.308328688144683838e-06
-8.299946784973144531e-06
-8.305534720420837402e-06
-8.318573236465454102e-06
-8.297152817249298096e-06
-8.301809430122375488e-06
-8.291564881801605225e-06
-8.311122655868530273e-06
-8.328817784786224365e-06
-8.337199687957763672e-06
-8.312053978443145752e-06
-8.313916623592376709e-06
-8.332543075084686279e-06
-8.309260010719299316e-06
-8.325092494487762451e-06
-8.305534720420837402e-06
-8.312053978443145752e-06
-8.292496204376220703e-06
-8.343718945980072021e-06
-8.331611752510070801e-06
-8.299015462398529053e-06
-8.339993655681610107e-06
-8.336268365383148193e-06
-8.317641913890838623e-06
-8.324161171913146973e-06
-8.304603397846221924e-06
-8.328817784786224365e-06
-8.300878107547760010e-06
-8.298084139823913574e-06
-8.325092494487762451e-06
-8.323229849338531494e-06
-8.303672075271606445e-06
-8.346512913703918457e-06
-8.314847946166992188e-06
-8.316710591316223145e-06
-8.332543075084686279e-06
-8.328817784786224365e-06
-8.321367204189300537e-06
-8.341856300830841064e-06
-8.329749107360839844e-06
-8.294358849525451660e-06
-8.335337042808532715e-06
-8.291564881801605225e-06
-8.319504559040069580e-06
-8.322298526763916016e-06
-8.325092494487762451e-06
-8.331611752510070801e-06
-8.330680429935455322e-06
-8.334405720233917236e-06
-8.320435881614685059e-06
-8.334405720233917236e-06
-8.307397365570068359e-06
-8.324161171913146973e-06
-8.338131010532379150e-06
-8.298084139823913574e-06
-8.316710591316223145e-06
-8.286908268928527832e-06
-8.307397365570068359e-06
-8.299015462398529053e-06
-5.234964191913604736e-06
-3.196299076080322266e-06
-2.707354724407196045e-06
3.157183527946472168e-07
4.066154360771179199e-06
8.940696716308593750e-06
1.264270395040512085e-05
1.615285873413085938e-05
1.953728497028350830e-05
1.968629658222198486e-05
1.930445432662963867e-05
1.900456845760345459e-05
1.884531229734420776e-05
1.874100416898727417e-05
1.862738281488418579e-05
1.858267933130264282e-05
1.851469278335571289e-05
1.843273639678955078e-05
1.841597259044647217e-05
1.837313175201416016e-05
1.833215355873107910e-05
1.832190901041030884e-05
1.827441155910491943e-05
1.823715865612030029e-05
1.821853220462799072e-05
1.819990575313568115e-05
1.817289739847183228e-05
1.817941665649414062e-05
1.819431781768798828e-05
1.819618046283721924e-05
1.821760088205337524e-05
1.821201294660568237e-05
1.821853220462799072e-05
1.822691410779953003e-05
1.823063939809799194e-05
1.821294426918029785e-05
1.827627420425415039e-05
1.824833452701568604e-05
1.827348023653030396e-05
1.832656562328338623e-05
1.871958374977111816e-05
2.111773937940597534e-05
2.159830182790756226e-05
2.246629446744918823e-05
2.364069223403930664e-05
2.488773316144943237e-05
2.607982605695724487e-05
2.765841782093048096e-05
2.935715019702911377e-05
3.157835453748703003e-05
3.500375896692276001e-05
3.856793045997619629e-05
4.305038601160049438e-05
4.774052649736404419e-05
5.275569856166839600e-05
5.782954394817352295e-05
6.327126175165176392e-05
6.921309977769851685e-05
7.779989391565322876e-05
8.725374937057495117e-05
9.778328239917755127e-05
1.095188781619071960e-04
1.223320141434669495e-04
1.351628452539443970e-04
1.481473445892333984e-04
1.616729423403739929e-04
1.756725832819938660e-04
1.899441704154014587e-04
2.049524337053298950e-04
2.202820032835006714e-04
2.364106476306915283e-04
2.524564042687416077e-04
2.686511725187301636e-04
2.852464094758033752e-04
3.015818074345588684e-04
3.185551613569259644e-04
3.356775268912315369e-04
3.532301634550094604e-04
3.709727898240089417e-04
3.888541832566261292e-04
4.080133512616157532e-04
4.270114004611968994e-04
4.464732483029365540e-04
4.658112302422523499e-04
4.847422242164611816e-04
5.036937072873115540e-04
5.231872200965881348e-04
5.425754934549331665e-04
5.618697032332420349e-04
5.808556452393531799e-04
5.999933928251266479e-04
6.184820085763931274e-04
6.372751668095588684e-04
6.561223417520523071e-04
6.745932623744010925e-04
6.925184279680252075e-04
7.104789838194847107e-04
7.282206788659095764e-04
7.454426959156990051e-04
7.626423612236976624e-04
7.800953462719917297e-04
7.966617122292518616e-04
8.125808089971542358e-04
8.288957178592681885e-04
8.448204025626182556e-04
8.611120283603668213e-04
8.776308968663215637e-04
8.933180943131446838e-04
9.083077311515808105e-04
9.245686233043670654e-04
9.399736300110816956e-04
9.548645466566085815e-04
9.703747928142547607e-04
9.853979572653770447e-04
1.000197604298591614e-03
1.015914604067802429e-03
1.030429266393184662e-03
1.044712960720062256e-03
1.059576869010925293e-03
1.074061729013919830e-03
1.088036224246025085e-03
1.102345995604991913e-03
1.117073930799961090e-03
1.130854710936546326e-03
1.144307665526866913e-03
1.158532686531543732e-03
1.172105781733989716e-03
1.185287721455097198e-03
1.198411919176578522e-03
1.212056726217269897e-03
1.224714331328868866e-03
1.237526535987854004e-03
1.250751316547393799e-03
1.263805665075778961e-03
1.276127062737941742e-03
1.288755796849727631e-03
1.301634125411510468e-03
1.314450986683368683e-03
1.326464116573333740e-03
1.338416710495948792e-03
1.351354643702507019e-03
1.363753341138362885e-03
1.375353895127773285e-03
1.386881805956363678e-03
1.398779451847076416e-03
1.410772092640399933e-03
1.422201283276081085e-03
1.433288678526878357e-03
1.444430090487003326e-03
1.456099562346935272e-03
1.467318274080753326e-03
1.478570513427257538e-03
1.489241607487201691e-03
1.500132493674755096e-03
1.510634087026119232e-03
1.521005295217037201e-03
1.531021669507026672e-03
1.540743745863437653e-03
1.551146619021892548e-03
1.561036333441734314e-03
1.570984721183776855e-03
1.580728217959403992e-03
1.590471714735031128e-03
1.600941643118858337e-03
1.610480248928070068e-03
1.620088703930377960e-03
1.629839651286602020e-03
1.639191061258316040e-03
1.648757606744766235e-03
1.657883636653423309e-03
1.667004078626632690e-03
1.676015555858612061e-03
1.684951595962047577e-03
1.694417558610439301e-03
1.703436486423015594e-03
1.711817458271980286e-03
1.720497384667396545e-03
1.729202456772327423e-03
1.737876795232295990e-03
1.747180707752704620e-03
1.755957491695880890e-03
1.764791086316108704e-03
1.773747615516185760e-03
1.782022416591644287e-03
1.790845766663551331e-03
1.800635829567909241e-03
1.809647306799888611e-03
1.818290911614894867e-03
1.827096566557884216e-03
1.835814677178859711e-03
1.844584941864013672e-03
1.852947287261486053e-03
1.859975978732109070e-03
1.865913160145282745e-03
1.871790736913681030e-03
1.876889728009700775e-03
1.881764270365238190e-03
1.885496079921722412e-03
1.888819970190525055e-03
1.892728731036186218e-03
1.896347850561141968e-03
1.899879425764083862e-03
1.902900636196136475e-03
1.903126947581768036e-03
1.902855001389980316e-03
1.904446631669998169e-03
1.904072239995002747e-03
1.903622411191463470e-03
1.903080381453037262e-03
1.902511343359947205e-03
1.901947893202304840e-03
1.901424489915370941e-03
1.900913193821907043e-03
1.900461502373218536e-03
1.900007016956806183e-03
1.899566501379013062e-03
1.899153925478458405e-03
1.898744143545627594e-03
1.898364163935184479e-03
1.898029819130897522e-03
1.897653564810752869e-03
1.897297799587249756e-03
1.896954141557216644e-03
1.896626316010951996e-03
1.896317116916179657e-03
1.896020025014877319e-03
1.895688474178314209e-03
1.895394176244735718e-03
1.895111985504627228e-03
1.894879154860973358e-03
1.894582062959671021e-03
1.894320361316204071e-03
1.894041895866394043e-03
1.893793232738971710e-03
1.893537119030952454e-03
1.893301494419574738e-03
1.893016509711742401e-03
1.892777159810066223e-03
1.892545260488986969e-03
1.892263069748878479e-03
1.892016269266605377e-03
1.891783438622951508e-03
1.891545020043849945e-03
1.891314052045345306e-03
1.891102641820907593e-03
1.890836283564567566e-03
1.890615560114383698e-03
1.890413463115692139e-03
1.890206709504127502e-03
1.890021376311779022e-03
1.889782026410102844e-03
1.889604143798351288e-03
1.889402046799659729e-03
1.889218576252460480e-03
1.889008097350597382e-03
1.888839527964591980e-03
1.888635568320751190e-03
1.888479106128215790e-03
1.888264901936054230e-03
1.888068392872810364e-03
1.887917518615722656e-03
1.887731254100799561e-03
1.887561753392219543e-03
1.887395046651363373e-03
1.887193880975246429e-03
1.887056045234203339e-03
1.886883750557899475e-03
1.886674202978610992e-03
1.886524260044097900e-03
1.886303536593914032e-03
1.883579418063163757e-03
1.881496049463748932e-03
1.877629198133945465e-03
1.873074099421501160e-03
1.867699436843395233e-03
1.860468648374080658e-03
1.851549372076988220e-03
1.842767931520938873e-03
1.834270544350147247e-03
1.824032515287399292e-03
1.812208443880081177e-03
1.800301484763622284e-03
1.787791028618812561e-03
1.773891970515251160e-03
1.760555431246757507e-03
1.746308989822864532e-03
1.731297932565212250e-03
1.715791411697864532e-03
1.698229461908340454e-03
1.681311987340450287e-03
1.663347706198692322e-03
1.645800657570362091e-03
1.626805402338504791e-03
1.607881858944892883e-03
1.588216051459312439e-03
1.567568629980087280e-03
1.547017134726047516e-03
1.525883562862873077e-03
1.503749750554561615e-03
1.481094397604465485e-03
1.457871869206428528e-03
1.433850266039371490e-03
1.409634947776794434e-03
1.384744420647621155e-03
1.358911395072937012e-03
1.333101652562618256e-03
1.306082122027873993e-03
1.279036514461040497e-03
1.251545734703540802e-03
1.224316656589508057e-03
1.196308992803096771e-03
1.167832873761653900e-03
1.138467341661453247e-03
1.110207289457321167e-03
1.081454567611217499e-03
1.053215935826301575e-03
1.025170087814331055e-03
9.984578937292098999e-04
9.716795757412910461e-04
9.455792605876922607e-04
9.193867444992065430e-04
8.938768878579139709e-04
8.684368804097175598e-04
8.436767384409904480e-04
8.202577009797096252e-04
7.956996560096740723e-04
7.779393345117568970e-04
7.531000301241874695e-04
7.301298901438713074e-04
7.065786048769950867e-04
6.840368732810020447e-04
6.611058488488197327e-04
6.394889205694198608e-04
6.179111078381538391e-04
5.969423800706863403e-04
5.757389590144157410e-04
5.556065589189529419e-04
5.354192107915878296e-04
5.159405991435050964e-04
4.964219406247138977e-04
4.777796566486358643e-04
4.586260765790939331e-04
4.399493336677551270e-04
4.210658371448516846e-04
4.028230905532836914e-04
3.839870914816856384e-04
3.650709986686706543e-04
3.469213843345642090e-04
3.286851570010185242e-04
3.107618540525436401e-04
2.931142225861549377e-04
2.762349322438240051e-04
2.609388902783393860e-04
2.451390027999877930e-04
2.292664721608161926e-04
2.140514552593231201e-04
1.987293362617492676e-04
1.842686906456947327e-04
1.696171239018440247e-04
1.556277275085449219e-04
1.410953700542449951e-04
1.274552196264266968e-04
1.138374209403991699e-04
1.008585095405578613e-04
8.723791688680648804e-05
7.479544728994369507e-05
6.255321204662322998e-05
5.005579441785812378e-05
3.914535045623779297e-05
3.114994615316390991e-05
2.423953264951705933e-05
1.722201704978942871e-05
1.093372702598571777e-05
8.221715688705444336e-06
3.616325557231903076e-06
-2.307817339897155762e-06
-3.688037395477294922e-06
-3.837980329990386963e-06
-6.774440407752990723e-06
-8.198432624340057373e-06
-8.315779268741607666e-06
-8.340924978256225586e-06
-8.328817784786224365e-06
-8.326023817062377930e-06
-8.349306881427764893e-06
-8.335337042808532715e-06
-8.337199687957763672e-06
-8.342787623405456543e-06
-8.339062333106994629e-06
-8.322298526763916016e-06
-8.323229849338531494e-06
-8.324161171913146973e-06
-8.320435881614685059e-06
-8.331611752510070801e-06
