-4.537403583526611328e-06
-4.531815648078918457e-06
-4.553236067295074463e-06
-4.561617970466613770e-06
-4.536472260951995850e-06
-4.560686647891998291e-06
-4.522502422332763672e-06
-4.549510776996612549e-06
-4.543922841548919678e-06
-4.560686647891998291e-06
-4.535540938377380371e-06
-4.542991518974304199e-06
-4.528090357780456543e-06
-4.530884325504302979e-06
-4.534609615802764893e-06
-4.545785486698150635e-06
-4.540197551250457764e-06
-4.570931196212768555e-06
-4.556030035018920898e-06
-4.536472260951995850e-06
-4.518777132034301758e-06
-4.522502422332763672e-06
-4.535540938377380371e-06
-4.512257874011993408e-06
-4.548579454421997070e-06
-4.515051841735839844e-06
-4.523433744907379150e-06
-4.541128873825073242e-06
-4.540197551250457764e-06
-4.531815648078918457e-06
-4.524365067481994629e-06
-4.525296390056610107e-06
-4.518777132034301758e-06
-4.534609615802764893e-06
-4.524365067481994629e-06
-4.517845809459686279e-06
-4.552304744720458984e-06
-4.508532583713531494e-06
-4.524365067481994629e-06
-4.548579454421997070e-06
-4.538334906101226807e-06
-4.522502422332763672e-06
-4.529953002929687500e-06
-4.531815648078918457e-06
-4.529953002929687500e-06
-4.542060196399688721e-06
-4.524365067481994629e-06
-4.521571099758148193e-06
-4.536472260951995850e-06
-4.505738615989685059e-06
-4.540197551250457764e-06
-4.537403583526611328e-06
-4.522502422332763672e-06
-4.536472260951995850e-06
-4.548579454421997070e-06
-4.527159035205841064e-06
-4.520639777183532715e-06
-4.495494067668914795e-06
-4.529953002929687500e-06
-4.536472260951995850e-06
-4.516914486885070801e-06
-4.530884325504302979e-06
-4.516914486885070801e-06
-4.557892680168151855e-06
-4.515051841735839844e-06
-4.515051841735839844e-06
-4.515051841735839844e-06
-4.538334906101226807e-06
-1.070089638233184814e-06
1.867301762104034424e-06
2.404674887657165527e-06
4.774890840053558350e-06
8.806586265563964844e-06
1.477543264627456665e-05
2.008024603128433228e-05
2.496596425771713257e-05
2.992339432239532471e-05
3.221351653337478638e-05
3.195367753505706787e-05
3.148056566715240479e-05
3.118440508842468262e-05
3.103818744421005249e-05
3.086403012275695801e-05
3.074854612350463867e-05
3.067683428525924683e-05
3.061629831790924072e-05
3.054365515708923340e-05
3.046449273824691772e-05
3.044214099645614624e-05
3.039278090000152588e-05
3.034994006156921387e-05
3.030896186828613281e-05
3.029685467481613159e-05
3.025401383638381958e-05
3.022514283657073975e-05
3.022700548171997070e-05
3.023725003004074097e-05
3.023631870746612549e-05
3.026332706212997437e-05
3.024656325578689575e-05
3.028847277164459229e-05
3.026518970727920532e-05
3.028195351362228394e-05
3.029126673936843872e-05
3.031175583600997925e-05
3.034248948097229004e-05
3.030989319086074829e-05
3.034528344869613647e-05
3.044586628675460815e-05
3.282260149717330933e-05
3.433320671319961548e-05
3.519468009471893311e-05
3.656838089227676392e-05
3.817863762378692627e-05
3.979168832302093506e-05
4.148762673139572144e-05
4.371721297502517700e-05
4.600826650857925415e-05
4.992168396711349487e-05
5.444698035717010498e-05
5.962792783975601196e-05
6.573740392923355103e-05
7.206760346889495850e-05
7.866974920034408569e-05
8.558481931686401367e-05
9.270291775465011597e-05
1.023458316922187805e-04
1.138951629400253296e-04
1.271450892090797424e-04
1.416979357600212097e-04
1.577259972691535950e-04
1.748092472553253174e-04
1.915730535984039307e-04
2.087829634547233582e-04
2.269716933369636536e-04
2.453532069921493530e-04
2.645468339323997498e-04
2.843923866748809814e-04
3.048134967684745789e-04
3.261473029851913452e-04
3.471309319138526917e-04
3.687636926770210266e-04
3.899736329913139343e-04
4.117405042052268982e-04
4.340847954154014587e-04
4.566786810755729675e-04
4.802243784070014954e-04
5.031526088714599609e-04
5.275784060359001160e-04
5.522901192307472229e-04
5.774479359388351440e-04
6.028637290000915527e-04
6.279628723859786987e-04
6.528748199343681335e-04
6.779776886105537415e-04
7.033972069621086121e-04
7.284265011548995972e-04
7.535340264439582825e-04
7.786033675074577332e-04
8.034715428948402405e-04
8.273832499980926514e-04
8.518891409039497375e-04
8.766148239374160767e-04
9.004604071378707886e-04
9.238710626959800720e-04
9.471559897065162659e-04
9.700460359454154968e-04
9.926473721861839294e-04
1.015302725136280060e-03
1.037596724927425385e-03
1.058820635080337524e-03
1.079969108104705811e-03
1.100927591323852539e-03
1.121942885220050812e-03
1.143626868724822998e-03
1.164702698588371277e-03
1.184644177556037903e-03
1.205232925713062286e-03
1.226025633513927460e-03
1.245644874870777130e-03
1.265650615096092224e-03
1.285566017031669617e-03
1.305051147937774658e-03
1.325101591646671295e-03
1.344967633485794067e-03
1.363855786621570587e-03
1.382502727210521698e-03
1.402401365339756012e-03
1.420720480382442474e-03
1.438998617231845856e-03
1.458472572267055511e-03
1.476889476180076599e-03
1.494823954999446869e-03
1.512621529400348663e-03
1.531269401311874390e-03
1.548728905618190765e-03
1.565615646541118622e-03
1.583399251103401184e-03
1.600442454218864441e-03
1.617203466594219208e-03
1.634051091969013214e-03
1.651543192565441132e-03
1.667921431362628937e-03
1.684349030256271362e-03
1.700804568827152252e-03
1.717969775199890137e-03
1.734111458063125610e-03
1.749609597027301788e-03
1.765893772244453430e-03
1.782880164682865143e-03
1.798202283680438995e-03
1.813529990613460541e-03
1.828558743000030518e-03
1.844493672251701355e-03
1.859710551798343658e-03
1.874547451734542847e-03
1.888664439320564270e-03
1.903840340673923492e-03
1.918938010931015015e-03
1.933610066771507263e-03
1.947942189872264862e-03
1.962165348231792450e-03
1.976147294044494629e-03
1.989671960473060608e-03
2.003097906708717346e-03
2.015872858464717865e-03
2.029079012572765350e-03
2.042577601969242096e-03
2.055433578789234161e-03
2.068385481834411621e-03
2.080882899463176727e-03
2.094287425279617310e-03
2.107534557580947876e-03
2.119946293532848358e-03
2.132500521838665009e-03
2.145193517208099365e-03
2.157526090741157532e-03
2.169888466596603394e-03
2.181593328714370728e-03
2.193540334701538086e-03
2.205261960625648499e-03
2.217439003288745880e-03
2.229589968919754028e-03
2.240859903395175934e-03
2.252145670354366302e-03
2.263497561216354370e-03
2.274605445563793182e-03
2.286548726260662079e-03
2.298465929925441742e-03
2.309703268110752106e-03
2.321586944162845612e-03
2.332939766347408295e-03
2.343594096601009369e-03
2.356024459004402161e-03
2.368635497987270355e-03
2.379789948463439941e-03
2.391261048614978790e-03
2.402903512120246887e-03
2.414097078144550323e-03
2.425578422844409943e-03
2.435714006423950195e-03
2.444338984787464142e-03
2.451546490192413330e-03
2.458939328789710999e-03
2.466005273163318634e-03
2.471648156642913818e-03
2.476387657225131989e-03
2.481063827872276306e-03
2.486340701580047607e-03
2.490454353392124176e-03
2.493899315595626831e-03
2.497062087059020996e-03
2.496484667062759399e-03
2.497859299182891846e-03
2.498397603631019592e-03
2.497862093150615692e-03
2.497194334864616394e-03
2.496488392353057861e-03
2.495810389518737793e-03
2.495089545845985413e-03
2.494451589882373810e-03
2.493806183338165283e-03
2.493246458470821381e-03
2.492658793926239014e-03
2.492137253284454346e-03
2.491609193384647369e-03
2.491133287549018860e-03
2.490636892616748810e-03
2.490168437361717224e-03
2.489739097654819489e-03
2.489271573722362518e-03
2.488877624273300171e-03
2.488440833985805511e-03
2.488024532794952393e-03
2.487672492861747742e-03
2.487257122993469238e-03
2.486919984221458435e-03
2.486555837094783783e-03
2.486217767000198364e-03
2.485878765583038330e-03
2.485509961843490601e-03
2.485205419361591339e-03
2.484883181750774384e-03
2.484574913978576660e-03
2.484239637851715088e-03
2.483879216015338898e-03
2.483559772372245789e-03
2.483232878148555756e-03
2.482949756085872650e-03
2.482610754668712616e-03
2.482294104993343353e-03
2.481987699866294861e-03
2.481725998222827911e-03
2.481419593095779419e-03
2.481096424162387848e-03
2.480839379131793976e-03
2.480529248714447021e-03
2.480261027812957764e-03
2.480022609233856201e-03
2.479748800396919250e-03
2.479516901075839996e-03
2.479261718690395355e-03
2.479021437466144562e-03
2.478748559951782227e-03
2.478490583598613739e-03
2.478278242051601410e-03
2.478050999343395233e-03
2.477801404893398285e-03
2.477569505572319031e-03
2.477365545928478241e-03
2.477139234542846680e-03
2.476876601576805115e-03
2.476678229868412018e-03
2.476456575095653534e-03
2.476228401064872742e-03
2.476032823324203491e-03
2.475774846971035004e-03
2.475515007972717285e-03
2.474550157785415649e-03
2.470487728714942932e-03
2.466134727001190186e-03
2.461958676576614380e-03
2.455716021358966827e-03
2.447265200316905975e-03
2.436156384646892548e-03
2.424732781946659088e-03
2.413383685052394867e-03
2.401566132903099060e-03
2.386981621384620667e-03
2.371407113969326019e-03
2.355821430683135986e-03
2.338463440537452698e-03
2.320578321814537048e-03
2.303053624927997589e-03
2.283562906086444855e-03
2.264143899083137512e-03
2.242368645966053009e-03
2.220008522272109985e-03
2.197063528001308441e-03
2.174111083149909973e-03
2.150177024304866791e-03
2.125908620655536652e-03
2.100263722240924835e-03
2.074530348181724548e-03
2.047199755907058716e-03
2.020151354372501373e-03
1.992523670196533203e-03
1.962604932487010956e-03
1.932925544679164886e-03
1.902519725263118744e-03
1.870902255177497864e-03
1.838767901062965393e-03
1.805369742214679718e-03
1.772035844624042511e-03
1.737936399877071381e-03
1.702492125332355499e-03
1.667022705078125000e-03
1.630929298698902130e-03
1.595325767993927002e-03
1.558061689138412476e-03
1.520523801445960999e-03
1.482584513723850250e-03
1.445731148123741150e-03
1.408050768077373505e-03
1.371716149151325226e-03
1.335707493126392365e-03
1.300683245062828064e-03
1.266012899577617645e-03
1.232129521667957306e-03
1.197932288050651550e-03
1.164890825748443604e-03
1.132044941186904907e-03
1.099842600524425507e-03
1.069371588528156281e-03
1.038515008985996246e-03
1.012885011732578278e-03
9.820610284805297852e-04
9.513627737760543823e-04
9.214570745825767517e-04
8.913921192288398743e-04
8.623870089650154114e-04
8.339239284396171570e-04
8.062282577157020569e-04
7.783034816384315491e-04
7.512383162975311279e-04
7.247105240821838379e-04
6.986865773797035217e-04
6.728637963533401489e-04
6.479891017079353333e-04
6.231786683201789856e-04
5.979863926768302917e-04
5.734199658036231995e-04
5.490528419613838196e-04
5.247537046670913696e-04
4.996256902813911438e-04
4.754932597279548645e-04
4.512770101428031921e-04
4.277639091014862061e-04
4.040207713842391968e-04
3.812257200479507446e-04
3.607254475355148315e-04
3.398125991225242615e-04
3.186641260981559753e-04
2.984013408422470093e-04
2.780742943286895752e-04
2.584969624876976013e-04
2.393359318375587463e-04
2.206843346357345581e-04
2.018343657255172729e-04
1.831939443945884705e-04
1.651383936405181885e-04
1.479126513004302979e-04
1.303469762206077576e-04
1.131184399127960205e-04
9.670015424489974976e-05
8.082296699285507202e-05
6.462074816226959229e-05
5.249772220849990845e-05
4.295166581869125366e-05
3.443658351898193359e-05
2.430286258459091187e-05
1.900270581245422363e-05
1.575425267219543457e-05
7.959082722663879395e-06
2.321787178516387939e-06
1.641921699047088623e-06
-1.197680830955505371e-06
-2.766028046607971191e-06
-4.602596163749694824e-06
-4.505738615989685059e-06
-4.528090357780456543e-06
-4.539266228675842285e-06
-4.552304744720458984e-06
-4.526227712631225586e-06
-4.508532583713531494e-06
-4.499219357967376709e-06
-4.518777132034301758e-06
-4.502013325691223145e-06
-4.505738615989685059e-06
-4.488974809646606445e-06
-4.525296390056610107e-06
-4.512257874011993408e-06
