-8.256174623966217041e-06
-8.286908268928527832e-06
-8.287839591503143311e-06
-8.288770914077758789e-06
-8.268281817436218262e-06
-8.263625204563140869e-06
-8.282251656055450439e-06
-8.295290172100067139e-06
-8.303672075271606445e-06
-8.277595043182373047e-06
-8.268281817436218262e-06
-8.275732398033142090e-06
-8.268281817436218262e-06
-8.285045623779296875e-06
-8.261762559413909912e-06
-8.284114301204681396e-06
-8.272007107734680176e-06
-8.285045623779296875e-06
-8.262693881988525391e-06
-8.278526365756988525e-06
-8.282251656055450439e-06
-8.273869752883911133e-06
-8.305534720420837402e-06
-8.270144462585449219e-06
-8.282251656055450439e-06
-8.288770914077758789e-06
-8.286908268928527832e-06
-8.296221494674682617e-06
-8.295290172100067139e-06
-8.290633559226989746e-06
-8.289702236652374268e-06
-8.271075785160064697e-06
-8.276663720607757568e-06
-8.302740752696990967e-06
-8.299946784973144531e-06
-8.266419172286987305e-06
-8.266419172286987305e-06
-8.281320333480834961e-06
-8.274801075458526611e-06
-8.274801075458526611e-06
-8.239410817623138428e-06
-8.286908268928527832e-06
-8.287839591503143311e-06
-8.276663720607757568e-06
-8.264556527137756348e-06
-8.272007107734680176e-06
-8.298084139823913574e-06
-8.272007107734680176e-06
-8.288770914077758789e-06
-8.283182978630065918e-06
-8.272007107734680176e-06
-6.427988409996032715e-06
-6.038695573806762695e-06
-3.641471266746520996e-06
-2.737157046794891357e-06
7.851049304008483887e-07
7.886439561843872070e-06
1.072697341442108154e-05
1.343525946140289307e-05
1.536682248115539551e-05
2.085138112306594849e-05
2.554524689912796021e-05
3.164354711771011353e-05
3.813952207565307617e-05
4.668999463319778442e-05
4.903320223093032837e-05
4.819594323635101318e-05
4.772748798131942749e-05
4.746764898300170898e-05
4.725065082311630249e-05
4.714261740446090698e-05
4.701502621173858643e-05
4.693400114774703979e-05
4.682037979364395142e-05
4.675053060054779053e-05
4.668161273002624512e-05
4.663225263357162476e-05
4.660431295633316040e-05
4.655215889215469360e-05
4.650000482797622681e-05
4.648137837648391724e-05
4.647485911846160889e-05
4.647113382816314697e-05
4.650838673114776611e-05
4.653353244066238403e-05
4.654936492443084717e-05
4.669185727834701538e-05
4.881992936134338379e-05
5.260854959487915039e-05
5.627609789371490479e-05
5.955435335636138916e-05
6.347522139549255371e-05
6.790552288293838501e-05
7.215514779090881348e-05
7.778406143188476562e-05
8.570216596126556396e-05
9.435694664716720581e-05
1.037325710058212280e-04
1.154476776719093323e-04
1.280996948480606079e-04
1.415768638253211975e-04
1.561725512146949768e-04
1.714918762445449829e-04
1.878561452031135559e-04
2.049887552857398987e-04
2.231774851679801941e-04
2.409117296338081360e-04
2.588266506791114807e-04
2.764565870165824890e-04
2.940371632575988770e-04
3.117034211754798889e-04
3.289701417088508606e-04
3.455942496657371521e-04
3.623645752668380737e-04
3.789253532886505127e-04
3.959638997912406921e-04
4.134643822908401489e-04
4.306277260184288025e-04
4.479261115193367004e-04
4.649898037314414978e-04
4.821503534913063049e-04
4.994058981537818909e-04
5.165738984942436218e-04
5.334382876753807068e-04
5.503771826624870300e-04
5.676606670022010803e-04
5.842950195074081421e-04
6.012851372361183167e-04
6.180871278047561646e-04
6.341552361845970154e-04
6.495742127299308777e-04
6.651086732745170593e-04
6.808433681726455688e-04
6.964132189750671387e-04
7.115099579095840454e-04
7.265936583280563354e-04
7.418496534228324890e-04
7.566884160041809082e-04
7.708054035902023315e-04
7.852846756577491760e-04
7.996354252099990845e-04
8.134832605719566345e-04
8.275611326098442078e-04
8.415235206484794617e-04
8.549531921744346619e-04
8.686063811182975769e-04
8.817641064524650574e-04
8.947513997554779053e-04
9.081643074750900269e-04
9.209653362631797791e-04
9.330222383141517639e-04
9.453436359763145447e-04
9.570736438035964966e-04
9.685419499874114990e-04
9.808558970689773560e-04
9.927544742822647095e-04
1.003976911306381226e-03
1.015227288007736206e-03
1.026662066578865051e-03
1.036737114191055298e-03
1.045435667037963867e-03
1.053825952112674713e-03
1.061213202774524689e-03
1.067663542926311493e-03
1.073214225471019745e-03
1.077894121408462524e-03
1.082455739378929138e-03
1.086598262190818787e-03
1.089677214622497559e-03
1.090878620743751526e-03
1.092346385121345520e-03
1.091570593416690826e-03
1.091145910322666168e-03
1.092778518795967102e-03
1.092632301151752472e-03
1.092089340090751648e-03
1.091567799448966980e-03
1.091124489903450012e-03
1.090703532099723816e-03
1.090335659682750702e-03
1.089997589588165283e-03
1.089657656848430634e-03
1.089325174689292908e-03
1.089068129658699036e-03
1.088767312467098236e-03
1.088547520339488983e-03
1.088280230760574341e-03
1.088028773665428162e-03
1.087851822376251221e-03
1.087653450667858124e-03
1.087413169443607330e-03
1.087249256670475006e-03
1.087075099349021912e-03
1.086920499801635742e-03
1.086721196770668030e-03
1.086559146642684937e-03
1.086419448256492615e-03
1.086231321096420288e-03
1.086083240807056427e-03
1.085949130356311798e-03
1.085793599486351013e-03
1.085603609681129456e-03
1.085463911294937134e-03
1.085346564650535583e-03
1.085171476006507874e-03
1.085045747458934784e-03
1.084893941879272461e-03
1.084715127944946289e-03
1.084586605429649353e-03
1.084473915398120880e-03
1.084293238818645477e-03
1.084135845303535461e-03
1.084012910723686218e-03
1.083900220692157745e-03
1.083715818822383881e-03
1.083570532500743866e-03
1.083364710211753845e-03
1.082772389054298401e-03
1.077178865671157837e-03
1.067755743861198425e-03
1.057764515280723572e-03
1.046750694513320923e-03
1.033165492117404938e-03
1.019384711980819702e-03
1.006393693387508392e-03
9.928243234753608704e-04
9.776270017027854919e-04
9.613521397113800049e-04
9.437361732125282288e-04
9.249690920114517212e-04
9.050313383340835571e-04
8.844221010804176331e-04
8.626906201243400574e-04
8.408045396208763123e-04
8.176360279321670532e-04
7.938174530863761902e-04
7.684649899601936340e-04
7.434533908963203430e-04
7.168008014559745789e-04
6.901137530803680420e-04
6.656069308519363403e-04
6.404137238860130310e-04
6.115538999438285828e-04
5.824975669384002686e-04
5.544489249587059021e-04
5.258899182081222534e-04
4.987670108675956726e-04
4.719551652669906616e-04
4.458855837583541870e-04
4.208851605653762817e-04
3.970451653003692627e-04
3.735553473234176636e-04
3.505768254399299622e-04
3.279317170381546021e-04
3.051916137337684631e-04
2.827206626534461975e-04
2.612601965665817261e-04
2.391841262578964233e-04
2.174489200115203857e-04
1.969952136278152466e-04
1.774979755282402039e-04
1.593641936779022217e-04
1.407014206051826477e-04
1.219836995005607605e-04
1.031197607517242432e-04
8.470192551612854004e-05
6.655789911746978760e-05
5.162507295608520508e-05
3.879051655530929565e-05
2.902001142501831055e-05
2.276338636875152588e-05
1.512654125690460205e-05
7.024034857749938965e-06
2.557411789894104004e-06
-5.075708031654357910e-07
-2.771615982055664062e-06
-5.926936864852905273e-06
-7.703900337219238281e-06
-8.292496204376220703e-06
-8.276663720607757568e-06
-8.297152817249298096e-06
-8.291564881801605225e-06
-8.282251656055450439e-06
-8.306466042995452881e-06
-8.300878107547760010e-06
-8.313916623592376709e-06
-8.297152817249298096e-06
-8.285045623779296875e-06
-8.309260010719299316e-06
-8.284114301204681396e-06
-8.310191333293914795e-06
