-4.574656486511230469e-06
-4.567205905914306641e-06
-4.561617970466613770e-06
-4.578381776809692383e-06
-4.538334906101226807e-06
-4.566274583339691162e-06
-4.567205905914306641e-06
-4.567205905914306641e-06
-4.583038389682769775e-06
-4.576519131660461426e-06
-4.561617970466613770e-06
-4.563480615615844727e-06
-4.555098712444305420e-06
-4.575587809085845947e-06
-4.560686647891998291e-06
-4.563480615615844727e-06
-4.552304744720458984e-06
-4.554167389869689941e-06
-4.543922841548919678e-06
-4.576519131660461426e-06
-4.564411938190460205e-06
-4.551373422145843506e-06
-4.539266228675842285e-06
-4.547648131847381592e-06
-4.554167389869689941e-06
-4.544854164123535156e-06
-4.548579454421997070e-06
-4.582107067108154297e-06
-4.549510776996612549e-06
-4.558824002742767334e-06
-4.547648131847381592e-06
-4.574656486511230469e-06
-4.583038389682769775e-06
-4.569068551063537598e-06
-4.558824002742767334e-06
-4.556961357593536377e-06
-4.572793841361999512e-06
-4.561617970466613770e-06
-4.596076905727386475e-06
-4.559755325317382812e-06
-4.562549293041229248e-06
-4.535540938377380371e-06
-4.542060196399688721e-06
-4.547648131847381592e-06
-4.583969712257385254e-06
-4.559755325317382812e-06
-4.556030035018920898e-06
-4.570931196212768555e-06
-4.564411938190460205e-06
-4.556961357593536377e-06
-4.545785486698150635e-06
-4.550442099571228027e-06
-1.696869730949401855e-06
3.268942236900329590e-07
2.112239599227905273e-06
4.726462066173553467e-06
1.206621527671813965e-05
1.822877675294876099e-05
2.246536314487457275e-05
2.540834248065948486e-05
3.097578883171081543e-05
3.650691360235214233e-05
4.353001713752746582e-05
5.185138434171676636e-05
6.181187927722930908e-05
7.010716944932937622e-05
7.010344415903091431e-05
6.914418190717697144e-05
6.871856749057769775e-05
6.841123104095458984e-05
6.817560642957687378e-05
6.803590804338455200e-05
6.787478923797607422e-05
6.776954978704452515e-05
6.768014281988143921e-05
6.758235394954681396e-05
6.748363375663757324e-05
6.742961704730987549e-05
6.738305091857910156e-05
6.731040775775909424e-05
6.726104766130447388e-05
6.723031401634216309e-05
6.725918501615524292e-05
6.723962724208831787e-05
6.729550659656524658e-05
6.733927875757217407e-05
6.741750985383987427e-05
6.791390478610992432e-05
7.259845733642578125e-05
7.790047675371170044e-05
8.218921720981597900e-05
8.690077811479568481e-05
9.246543049812316895e-05
9.817164391279220581e-05
1.040324568748474121e-04
1.133121550083160400e-04
1.243660226464271545e-04
1.354701817035675049e-04
1.497594639658927917e-04
1.659197732806205750e-04
1.829285174608230591e-04
2.012653276324272156e-04
2.210866659879684448e-04
2.417331561446189880e-04
2.638967707753181458e-04
2.869935706257820129e-04
3.108521923422813416e-04
3.339825198054313660e-04
3.574546426534652710e-04
3.803931176662445068e-04
4.035402089357376099e-04
4.264609888195991516e-04
4.486097022891044617e-04
4.704250022768974304e-04
4.922347143292427063e-04
5.141915753483772278e-04
5.370359867811203003e-04
5.598152056336402893e-04
5.824705585837364197e-04
6.049489602446556091e-04
6.273267790675163269e-04
6.498908624053001404e-04
6.723077967762947083e-04
6.946362555027008057e-04
7.167989388108253479e-04
7.393928244709968567e-04
7.615927606821060181e-04
7.834183052182197571e-04
8.057327941060066223e-04
8.272565901279449463e-04
8.480595424771308899e-04
8.680475875735282898e-04
8.885338902473449707e-04
9.092260152101516724e-04
9.293779730796813965e-04
9.490298107266426086e-04
9.688166901469230652e-04
9.888261556625366211e-04
1.007675193250179291e-03
1.026101410388946533e-03
1.045231707394123077e-03
1.063830219209194183e-03
1.081869006156921387e-03
1.100397668778896332e-03
1.118401996791362762e-03
1.136050559580326080e-03
1.153738237917423248e-03
1.170655712485313416e-03
1.188145950436592102e-03
1.205246895551681519e-03
1.221586018800735474e-03
1.237518154084682465e-03
1.253172755241394043e-03
1.268417574465274811e-03
1.283863559365272522e-03
1.299889758229255676e-03
1.315119676291942596e-03
1.329541206359863281e-03
1.344809308648109436e-03
1.358913257718086243e-03
1.371026970446109772e-03
1.382193528115749359e-03
1.392684876918792725e-03
1.401727087795734406e-03
1.409516669809818268e-03
1.416244544088840485e-03
1.422091387212276459e-03
1.428055576980113983e-03
1.432701013982295990e-03
1.435608603060245514e-03
1.438061706721782684e-03
1.437650062143802643e-03
1.436701975762844086e-03
1.437703147530555725e-03
1.438734121620655060e-03
1.438200473785400391e-03
1.437524333596229553e-03
1.436894759535789490e-03
1.436342485249042511e-03
1.435833983123302460e-03
1.435367390513420105e-03
1.434890553355216980e-03
1.434497535228729248e-03
1.434132456779479980e-03
1.433745026588439941e-03
1.433425582945346832e-03
1.433099620044231415e-03
1.432791352272033691e-03
1.432511024177074432e-03
1.432217657566070557e-03
1.431968994438648224e-03
1.431734301149845123e-03
1.431479118764400482e-03
1.431237906217575073e-03
1.431000418961048126e-03
1.430793665349483490e-03
1.430597156286239624e-03
1.430393196642398834e-03
1.430184580385684967e-03
1.430011354386806488e-03
1.429824158549308777e-03
1.429630443453788757e-03
1.429384574294090271e-03
1.429178752005100250e-03
1.428986899554729462e-03
1.428794115781784058e-03
1.428608782589435577e-03
1.428381539881229401e-03
1.428255811333656311e-03
1.428035087883472443e-03
1.427854411303997040e-03
1.427693292498588562e-03
1.427507027983665466e-03
1.427305862307548523e-03
1.427124254405498505e-03
1.426927745342254639e-03
1.426701433956623077e-03
1.426355913281440735e-03
1.422699540853500366e-03
1.412566751241683960e-03
1.399580389261245728e-03
1.386142335832118988e-03
1.370125450193881989e-03
1.351746730506420135e-03
1.334482803940773010e-03
1.317083835601806641e-03
1.298781484365463257e-03
1.277629286050796509e-03
1.255825161933898926e-03
1.232179813086986542e-03
1.206364482641220093e-03
1.180144026875495911e-03
1.152502372860908508e-03
1.124021597206592560e-03
1.094591803848743439e-03
1.063775271177291870e-03
1.031532883644104004e-03
9.987158700823783875e-04
9.648585692048072815e-04
9.297002106904983521e-04
8.956966921687126160e-04
8.650524541735649109e-04
8.283741772174835205e-04
7.901806384325027466e-04
7.528448477387428284e-04
7.153665646910667419e-04
6.794305518269538879e-04
6.437413394451141357e-04
6.085429340600967407e-04
5.758339539170265198e-04
5.434621125459671021e-04
5.121473222970962524e-04
4.822239279747009277e-04
4.518842324614524841e-04
4.221946001052856445e-04
3.927024081349372864e-04
3.636311739683151245e-04
3.351327031850814819e-04
3.067199140787124634e-04
2.783257514238357544e-04
2.523744478821754456e-04
2.276329323649406433e-04
2.035107463598251343e-04
1.789405941963195801e-04
1.544822007417678833e-04
1.296484842896461487e-04
1.054797321557998657e-04
8.364673703908920288e-05
6.516836583614349365e-05
5.044043064117431641e-05
4.019029438495635986e-05
3.213342279195785522e-05
2.108793705701828003e-05
1.259706914424896240e-05
6.233341991901397705e-06
5.478039383888244629e-06
8.726492524147033691e-07
-1.968815922737121582e-06
-4.530884325504302979e-06
-4.570931196212768555e-06
-4.560686647891998291e-06
-4.569999873638153076e-06
-4.561617970466613770e-06
-4.541128873825073242e-06
-4.552304744720458984e-06
-4.562549293041229248e-06
-4.566274583339691162e-06
-4.582107067108154297e-06
-4.543922841548919678e-06
-4.522502422332763672e-06
-4.557892680168151855e-06
-4.546716809272766113e-06
