-4.613772034645080566e-06
-4.599802196025848389e-06
-4.587695002555847168e-06
-4.602596163749694824e-06
-4.584901034832000732e-06
-4.597939550876617432e-06
-4.589557647705078125e-06
-4.580244421958923340e-06
-4.588626325130462646e-06
-4.583038389682769775e-06
-4.598870873451232910e-06
-4.578381776809692383e-06
-4.582107067108154297e-06
-4.579313099384307861e-06
-4.581175744533538818e-06
-4.592351615428924561e-06
-4.560686647891998291e-06
-4.585832357406616211e-06
-4.583969712257385254e-06
-4.582107067108154297e-06
-4.592351615428924561e-06
-4.570931196212768555e-06
-4.564411938190460205e-06
-4.574656486511230469e-06
-4.587695002555847168e-06
-4.580244421958923340e-06
-4.592351615428924561e-06
-4.599802196025848389e-06
-4.587695002555847168e-06
-4.598870873451232910e-06
-4.583969712257385254e-06
-4.578381776809692383e-06
-4.583969712257385254e-06
-4.605390131473541260e-06
-4.563480615615844727e-06
-4.594214260578155518e-06
-4.585832357406616211e-06
-4.583038389682769775e-06
-4.579313099384307861e-06
-4.543922841548919678e-06
-4.554167389869689941e-06
-4.569068551063537598e-06
-4.581175744533538818e-06
-4.559755325317382812e-06
-4.572793841361999512e-06
-4.573725163936614990e-06
-4.548579454421997070e-06
-4.580244421958923340e-06
-4.606321454048156738e-06
-4.610046744346618652e-06
-2.548098564147949219e-06
6.435438990592956543e-07
2.056360244750976562e-06
5.578622221946716309e-06
1.459755003452301025e-05
1.861341297626495361e-05
2.251192927360534668e-05
2.511963248252868652e-05
3.159791231155395508e-05
3.703031688928604126e-05
4.413723945617675781e-05
5.211867392063140869e-05
6.238278001546859741e-05
7.411837577819824219e-05
7.643923163414001465e-05
7.539335638284683228e-05
7.482524961233139038e-05
7.449742406606674194e-05
7.424131035804748535e-05
7.407367229461669922e-05
7.389858365058898926e-05
7.374957203865051270e-05
7.365830242633819580e-05
7.353629916906356812e-05
7.344316691160202026e-05
7.336493581533432007e-05
7.328484207391738892e-05
7.319822907447814941e-05
7.315631955862045288e-05
7.312744855880737305e-05
7.306132465600967407e-05
7.303524762392044067e-05
7.304362952709197998e-05
7.304735481739044189e-05
7.314793765544891357e-05
7.468275725841522217e-05
7.910747081041336060e-05
8.318293839693069458e-05
8.738227188587188721e-05
9.185355156660079956e-05
9.628105908632278442e-05
1.013269647955894470e-04
1.082532107830047607e-04
1.173941418528556824e-04
1.276163384318351746e-04
1.388490200042724609e-04
1.526866108179092407e-04
1.680562272667884827e-04
1.843469217419624329e-04
2.020467072725296021e-04
2.209693193435668945e-04
2.409387379884719849e-04
2.624150365591049194e-04
2.847826108336448669e-04
3.080237656831741333e-04
3.307936713099479675e-04
3.539267927408218384e-04
3.766631707549095154e-04
3.994526341557502747e-04
4.221443086862564087e-04
4.444858059287071228e-04
4.662405699491500854e-04
4.879217594861984253e-04
5.097808316349983215e-04
5.319789052009582520e-04
5.544265732169151306e-04
5.768788978457450867e-04
5.991281941533088684e-04
6.213532760739326477e-04
6.434945389628410339e-04
6.657615303993225098e-04
6.878618150949478149e-04
7.098997011780738831e-04
7.322961464524269104e-04
7.544383406639099121e-04
7.767081260681152344e-04
7.987776771187782288e-04
8.204700425267219543e-04
8.415039628744125366e-04
8.617071434855461121e-04
8.824402466416358948e-04
9.031910449266433716e-04
9.234370663762092590e-04
9.430516511201858521e-04
9.625973179936408997e-04
9.826822206377983093e-04
1.002035103738307953e-03
1.020548865199089050e-03
1.039680093526840210e-03
1.058345660567283630e-03
1.076596789062023163e-03
1.095212996006011963e-03
1.113469712436199188e-03
1.131219789385795593e-03
1.148987561464309692e-03
1.166660338640213013e-03
1.184231601655483246e-03
1.201239414513111115e-03
1.217801123857498169e-03
1.234107650816440582e-03
1.250123605132102966e-03
1.265700906515121460e-03
1.281560398638248444e-03
1.297980546951293945e-03
1.313560642302036285e-03
1.328354701399803162e-03
1.343683339655399323e-03
1.358171924948692322e-03
1.370940357446670532e-03
1.382659189403057098e-03
1.393314450979232788e-03
1.402646303176879883e-03
1.410320401191711426e-03
1.416917890310287476e-03
1.423235982656478882e-03
1.428751274943351746e-03
1.433470286428928375e-03
1.436438411474227905e-03
1.437814906239509583e-03
1.440615393221378326e-03
1.440031453967094421e-03
1.439251005649566650e-03
1.440715976059436798e-03
1.440919935703277588e-03
1.440251246094703674e-03
1.439563930034637451e-03
1.438956707715988159e-03
1.438398845493793488e-03
1.437894999980926514e-03
1.437420956790447235e-03
1.436934806406497955e-03
1.436468213796615601e-03
1.436069607734680176e-03
1.435662619769573212e-03
1.435314305126667023e-03
1.434992067515850067e-03
1.434636302292346954e-03
1.434370875358581543e-03
1.434044912457466125e-03
1.433789730072021484e-03
1.433541066944599152e-03
1.433284021914005280e-03
1.433057710528373718e-03
1.432823017239570618e-03
1.432593911886215210e-03
1.432402990758419037e-03
1.432205550372600555e-03
1.432008109986782074e-03
1.431828364729881287e-03
1.431609503924846649e-03
1.431409269571304321e-03
1.431209966540336609e-03
1.431018114089965820e-03
1.430817879736423492e-03
1.430611126124858856e-03
1.430097967386245728e-03
1.424564979970455170e-03
1.414783298969268799e-03
1.403344795107841492e-03
1.392618753015995026e-03
1.382493413984775543e-03
1.370798796415328979e-03
1.358281821012496948e-03
1.347159966826438904e-03
1.338174566626548767e-03
1.328339800238609314e-03
1.318921335041522980e-03
1.310051418840885162e-03
1.301761716604232788e-03
1.291736960411071777e-03
1.281752251088619232e-03
1.272903755307197571e-03
1.264590770006179810e-03
1.254716888070106506e-03
1.245022751390933990e-03
1.236527226865291595e-03
1.227188855409622192e-03
1.217024400830268860e-03
1.207387074828147888e-03
1.198644749820232391e-03
1.189990900456905365e-03
1.180249266326427460e-03
1.171564683318138123e-03
1.163045875728130341e-03
1.153536140918731689e-03
1.143774017691612244e-03
1.135156489908695221e-03
1.127051189541816711e-03
1.117900013923645020e-03
1.108589582145214081e-03
1.100203953683376312e-03
1.091124489903450012e-03
1.081464812159538269e-03
1.072830520570278168e-03
1.065087504684925079e-03
1.056435517966747284e-03
1.047443598508834839e-03
1.038985326886177063e-03
1.030270941555500031e-03
1.020864583551883698e-03
1.012110151350498199e-03
1.004390418529510498e-03
9.963484480977058411e-04
9.871963411569595337e-04
9.789494797587394714e-04
9.709205478429794312e-04
9.616017341613769531e-04
9.523946791887283325e-04
9.445259347558021545e-04
9.363191202282905579e-04
9.274138137698173523e-04
9.195515885949134827e-04
9.116074070334434509e-04
9.029926732182502747e-04
8.941767737269401550e-04
8.862689137458801270e-04
8.788760751485824585e-04
8.706077933311462402e-04
8.624754846096038818e-04
8.554924279451370239e-04
8.512502536177635193e-04
8.467063307762145996e-04
8.385097607970237732e-04
8.311159908771514893e-04
8.227191865444183350e-04
8.130157366394996643e-04
8.047698065638542175e-04
7.995646446943283081e-04
7.912144064903259277e-04
7.840506732463836670e-04
7.774075493216514587e-04
7.707867771387100220e-04
7.634134963154792786e-04
7.568821310997009277e-04
7.503312081098556519e-04
7.432643324136734009e-04
7.354235276579856873e-04
7.285373285412788391e-04
7.218541577458381653e-04
7.153339684009552002e-04
7.077362388372421265e-04
7.014237344264984131e-04
6.949109956622123718e-04
6.883712485432624817e-04
6.812093779444694519e-04
6.750226020812988281e-04
6.687063723802566528e-04
6.622821092605590820e-04
6.551844999194145203e-04
6.495155394077301025e-04
6.436575204133987427e-04
6.374502554535865784e-04
6.304122507572174072e-04
6.242142990231513977e-04
6.182612851262092590e-04
6.123380735516548157e-04
6.062090396881103516e-04
6.005680188536643982e-04
5.959775298833847046e-04
5.911374464631080627e-04
5.852365866303443909e-04
5.792090669274330139e-04
5.734823644161224365e-04
5.679503083229064941e-04
5.625160411000251770e-04
5.561932921409606934e-04
5.511352792382240295e-04
5.465643480420112610e-04
5.411999300122261047e-04
5.354508757591247559e-04
5.297204479575157166e-04
5.245255306363105774e-04
5.198009312152862549e-04
5.141422152519226074e-04
5.082786083221435547e-04
5.034673959016799927e-04
4.984270781278610229e-04
4.931474104523658752e-04
4.873927682638168335e-04
4.823366180062294006e-04
4.780832678079605103e-04
4.732478410005569458e-04
4.675891250371932983e-04
4.623970016837120056e-04
4.575448110699653625e-04
4.528267309069633484e-04
4.479885101318359375e-04
4.424145445227622986e-04
4.376722499728202820e-04
4.333648830652236938e-04
4.284363240003585815e-04
4.229191690683364868e-04
4.176674410700798035e-04
4.127677530050277710e-04
4.080925136804580688e-04
4.030456766486167908e-04
3.973627462983131409e-04
3.929957747459411621e-04
3.884760662913322449e-04
3.833277150988578796e-04
3.780517727136611938e-04
3.728559240698814392e-04
3.686025738716125488e-04
3.644060343503952026e-04
3.593787550926208496e-04
3.543151542544364929e-04
3.502173349261283875e-04
3.456445410847663879e-04
3.404282033443450928e-04
3.348290920257568359e-04
3.294479101896286011e-04
3.250166773796081543e-04
3.199055790901184082e-04
3.146948292851448059e-04
3.096824511885643005e-04
3.053219988942146301e-04
3.009000793099403381e-04
2.954434603452682495e-04
2.902382984757423401e-04
2.857763320207595825e-04
2.815490588545799255e-04
2.771392464637756348e-04
2.722693607211112976e-04
2.681752666831016541e-04
2.646194770932197571e-04
2.605458721518516541e-04
2.554850652813911438e-04
2.506794407963752747e-04
2.461597323417663574e-04
2.420470118522644043e-04
2.376083284616470337e-04
2.332190051674842834e-04
2.299295738339424133e-04
2.265265211462974548e-04
2.225236967206001282e-04
2.179658040404319763e-04
2.137394621968269348e-04
2.102544531226158142e-04
2.059862017631530762e-04
2.011796459555625916e-04
1.967558637261390686e-04
1.930296421051025391e-04
1.894114539027214050e-04
1.845937222242355347e-04
1.800004392862319946e-04
1.759761944413185120e-04
1.719212159514427185e-04
1.676222309470176697e-04
1.628184691071510315e-04
1.588966697454452515e-04
1.548929139971733093e-04
1.505417749285697937e-04
1.455284655094146729e-04
1.413058489561080933e-04
1.372592523694038391e-04
1.327246427536010742e-04
1.279097050428390503e-04
1.235930249094963074e-04
1.197541132569313049e-04
1.152884215116500854e-04
1.105191186070442200e-04
1.061400398612022400e-04
1.023393124341964722e-04
9.790807962417602539e-05
9.353924542665481567e-05
8.951127529144287109e-05
8.649937808513641357e-05
8.293427526950836182e-05
7.924344390630722046e-05
7.563363760709762573e-05
7.264409214258193970e-05
6.921868771314620972e-05
6.592832505702972412e-05
6.298907101154327393e-05
6.024632602930068970e-05
5.748122930526733398e-05
5.457550287246704102e-05
5.244743078947067261e-05
5.025323480367660522e-05
4.817172884941101074e-05
4.610884934663772583e-05
3.820378333330154419e-05
2.146232873201370239e-05
1.266039907932281494e-05
6.253831088542938232e-06
5.346722900867462158e-06
8.810311555862426758e-07
-1.931563019752502441e-06
-4.548579454421997070e-06
-4.514120519161224365e-06
-4.492700099945068359e-06
-4.515983164310455322e-06
-4.505738615989685059e-06
-4.502944648265838623e-06
-4.535540938377380371e-06
-4.522502422332763672e-06
-4.500150680541992188e-06
-4.515051841735839844e-06
-4.533678293228149414e-06
-4.525296390056610107e-06
-4.506669938564300537e-06
