-8.272007107734680176e-06
-8.300878107547760010e-06
-8.299015462398529053e-06
-8.282251656055450439e-06
-8.297152817249298096e-06
-8.292496204376220703e-06
-8.281320333480834961e-06
-8.287839591503143311e-06
-8.277595043182373047e-06
-8.284114301204681396e-06
-8.312053978443145752e-06
-8.315779268741607666e-06
-8.317641913890838623e-06
-8.285045623779296875e-06
-8.277595043182373047e-06
-8.304603397846221924e-06
-8.282251656055450439e-06
-8.295290172100067139e-06
-8.295290172100067139e-06
-8.295290172100067139e-06
-8.288770914077758789e-06
-8.291564881801605225e-06
-8.293427526950836182e-06
-8.304603397846221924e-06
-8.313916623592376709e-06
-8.282251656055450439e-06
-8.309260010719299316e-06
-8.299015462398529053e-06
-8.278526365756988525e-06
-8.308328688144683838e-06
-8.281320333480834961e-06
-8.303672075271606445e-06
-8.291564881801605225e-06
-8.306466042995452881e-06
-8.301809430122375488e-06
-8.299015462398529053e-06
-8.296221494674682617e-06
-8.320435881614685059e-06
-8.286908268928527832e-06
-8.285045623779296875e-06
-8.309260010719299316e-06
-8.299015462398529053e-06
-8.294358849525451660e-06
-8.271075785160064697e-06
-8.279457688331604004e-06
-8.312985301017761230e-06
-8.308328688144683838e-06
-8.266419172286987305e-06
-8.287839591503143311e-06
-7.693655788898468018e-06
-5.418434739112854004e-06
-3.730878233909606934e-06
-2.487562596797943115e-06
2.864748239517211914e-06
7.837079465389251709e-06
1.101940870285034180e-05
1.282524317502975464e-05
1.708324998617172241e-05
2.123601734638214111e-05
2.589449286460876465e-05
3.194343298673629761e-05
3.841519355773925781e-05
4.814285784959793091e-05
5.323719233274459839e-05
5.300529301166534424e-05
5.244743078947067261e-05
5.209911614656448364e-05
5.188956856727600098e-05
5.176197737455368042e-05
5.161948502063751221e-05
5.149748176336288452e-05
5.138758569955825806e-05
5.132425576448440552e-05
5.123764276504516602e-05
5.116406828165054321e-05
5.111377686262130737e-05
5.106721073389053345e-05
5.098152905702590942e-05
5.093868821859359741e-05
5.088839679956436157e-05
5.088932812213897705e-05
5.085580050945281982e-05
5.091354250907897949e-05
5.090516060590744019e-05
5.107931792736053467e-05
5.378667265176773071e-05
5.694571882486343384e-05
6.023515015840530396e-05
6.352644413709640503e-05
6.693694740533828735e-05
7.027294486761093140e-05
7.476191967725753784e-05
8.104927837848663330e-05
8.859764784574508667e-05
9.667128324508666992e-05
1.061763614416122437e-04
1.174630597233772278e-04
1.293933019042015076e-04
1.423386856913566589e-04
1.564240083098411560e-04
1.711817458271980286e-04
1.870375126600265503e-04
2.035964280366897583e-04
2.212179824709892273e-04
2.385862171649932861e-04
2.562375739216804504e-04
2.736514434218406677e-04
2.911202609539031982e-04
3.084056079387664795e-04
3.257282078266143799e-04
3.423709422349929810e-04
3.591356799006462097e-04
3.755670040845870972e-04
3.923419862985610962e-04
4.093963652849197388e-04
4.263957962393760681e-04
4.436085000634193420e-04
4.605120047926902771e-04
4.775132983922958374e-04
4.944903776049613953e-04
5.114674568176269531e-04
5.280822515487670898e-04
5.450183525681495667e-04
5.621248856186866760e-04
5.790162831544876099e-04
5.960948765277862549e-04
6.127124652266502380e-04
6.290338933467864990e-04
6.446400657296180725e-04
6.603347137570381165e-04
6.761634722352027893e-04
6.917901337146759033e-04
7.070628926157951355e-04
7.219687104225158691e-04
7.369685918092727661e-04
7.522106170654296875e-04
7.665827870368957520e-04
7.809381932020187378e-04
7.953522726893424988e-04
8.094413205981254578e-04
8.235275745391845703e-04
8.375905454158782959e-04
8.512903004884719849e-04
8.648838847875595093e-04
8.784569799900054932e-04
8.917637169361114502e-04
9.051105007529258728e-04
9.179031476378440857e-04
9.302822872996330261e-04
9.428365156054496765e-04
9.548226371407508850e-04
9.666476398706436157e-04
9.791972115635871887e-04
9.913928806781768799e-04
1.002863049507141113e-03
1.014352776110172272e-03
1.025963574647903442e-03
1.036363653838634491e-03
1.045575365424156189e-03
1.054169610142707825e-03
1.061844639480113983e-03
1.068320125341415405e-03
1.073707826435565948e-03
1.078526489436626434e-03
1.083115115761756897e-03
1.087184064090251923e-03
1.089825294911861420e-03
1.092097721993923187e-03
1.093175262212753296e-03
1.094082370400428772e-03
1.093395054340362549e-03
1.093227416276931763e-03
1.094543375074863434e-03
1.094124279916286469e-03
1.093617640435695648e-03
1.093111932277679443e-03
1.092691905796527863e-03
1.092245802283287048e-03
1.091849058866500854e-03
1.091526821255683899e-03
1.091117039322853088e-03
1.090830191969871521e-03
1.090532168745994568e-03
1.090229488909244537e-03
1.089933328330516815e-03
1.089691184461116791e-03
1.089438796043395996e-03
1.089217141270637512e-03
1.088985241949558258e-03
1.088783144950866699e-03
1.088609918951988220e-03
1.088400371372699738e-03
1.088229939341545105e-03
1.088080927729606628e-03
1.087895594537258148e-03
1.087760552763938904e-03
1.087577082216739655e-03
1.087419688701629639e-03
1.087266020476818085e-03
1.087144948542118073e-03
1.086963340640068054e-03
1.086805947124958038e-03
1.086648553609848022e-03
1.086498610675334930e-03
1.086313277482986450e-03
1.084373332560062408e-03
1.078333705663681030e-03
1.069892197847366333e-03
1.061297953128814697e-03
1.053721643984317780e-03
1.045286655426025391e-03
1.035824418067932129e-03
1.026722602546215057e-03
1.019093208014965057e-03
1.011954620480537415e-03
1.004420220851898193e-03
9.976038709282875061e-04
9.910911321640014648e-04
9.840968996286392212e-04
9.762356057763099670e-04
9.691799059510231018e-04
9.625796228647232056e-04
9.557846933603286743e-04
9.480286389589309692e-04
9.411880746483802795e-04
9.344359859824180603e-04
9.270012378692626953e-04
9.192125871777534485e-04
9.121326729655265808e-04
9.058201685547828674e-04
8.985958993434906006e-04
8.914293721318244934e-04
8.851317688822746277e-04
8.781598880887031555e-04
8.706450462341308594e-04
8.636470884084701538e-04
8.572796359658241272e-04
8.508618921041488647e-04
8.435770869255065918e-04
8.368231356143951416e-04
8.303932845592498779e-04
8.230684325098991394e-04
8.158963173627853394e-04
8.098762482404708862e-04
8.036149665713310242e-04
7.966924458742141724e-04
7.902020588517189026e-04
7.836064323782920837e-04
7.767025381326675415e-04
7.696021348237991333e-04
7.633427157998085022e-04
7.576262578368186951e-04
7.508546113967895508e-04
7.441360503435134888e-04
7.380899041891098022e-04
7.313992828130722046e-04
7.241768762469291687e-04
7.176259532570838928e-04
7.117977365851402283e-04
7.050978019833564758e-04
6.985692307353019714e-04
6.927400827407836914e-04
6.864285096526145935e-04
6.796028465032577515e-04
6.732242181897163391e-04
6.674854084849357605e-04
6.615752354264259338e-04
6.551379337906837463e-04
6.492799147963523865e-04
6.448961794376373291e-04
6.426358595490455627e-04
6.367396563291549683e-04
6.311284378170967102e-04
6.251437589526176453e-04
6.181560456752777100e-04
6.108311936259269714e-04
6.061736494302749634e-04
6.008818745613098145e-04
5.949158221483230591e-04
5.895998328924179077e-04
5.848556756973266602e-04
5.793003365397453308e-04
5.739666521549224854e-04
5.689784884452819824e-04
5.640396848320960999e-04
5.581444129347801208e-04
5.524046719074249268e-04
5.474099889397621155e-04
5.424497649073600769e-04
5.369260907173156738e-04
5.314983427524566650e-04
5.267765372991561890e-04
5.218954756855964661e-04
5.165301263332366943e-04
5.113743245601654053e-04
5.068210884928703308e-04
5.018971860408782959e-04
4.966584965586662292e-04
4.916246980428695679e-04
4.874346777796745300e-04
4.830118268728256226e-04
4.777321591973304749e-04
4.726257175207138062e-04
4.679746925830841064e-04
4.637809470295906067e-04
4.589194431900978088e-04
4.544369876384735107e-04
4.508309066295623779e-04
4.470748826861381531e-04
4.428699612617492676e-04
4.384294152259826660e-04
4.337104037404060364e-04
4.297243431210517883e-04
4.255175590515136719e-04
4.208143800497055054e-04
4.166392609477043152e-04
4.128180444240570068e-04
4.090592265129089355e-04
4.050787538290023804e-04
4.004137590527534485e-04
3.965012729167938232e-04
3.927247598767280579e-04
3.885785117745399475e-04
3.842720761895179749e-04
3.799870610237121582e-04
3.763688728213310242e-04
3.726882860064506531e-04
3.682198002934455872e-04
3.641881048679351807e-04
3.605550155043601990e-04
3.570513799786567688e-04
3.532916307449340820e-04
3.489321097731590271e-04
3.450885415077209473e-04
3.417916595935821533e-04
3.379816189408302307e-04
3.338893875479698181e-04
3.301119431853294373e-04
3.264155238866806030e-04
3.229072317481040955e-04
3.192014992237091064e-04
3.148335963487625122e-04
3.111045807600021362e-04
3.076922148466110229e-04
3.037825226783752441e-04
2.997172996401786804e-04
2.957098186016082764e-04
2.922806888818740845e-04
2.889027819037437439e-04
2.848142758011817932e-04
2.806913107633590698e-04
2.774046733975410461e-04
2.740658819675445557e-04
2.704458311200141907e-04
2.666926011443138123e-04
2.629943192005157471e-04
2.597393468022346497e-04
2.562655135989189148e-04
2.519907429814338684e-04
2.477532252669334412e-04
2.440251410007476807e-04
2.404386177659034729e-04
2.365466207265853882e-04
2.324692904949188232e-04
2.291854470968246460e-04
2.257395535707473755e-04
2.219127491116523743e-04
2.178484573960304260e-04
2.140291035175323486e-04
2.110265195369720459e-04
2.077091485261917114e-04
2.039819955825805664e-04
2.007381990551948547e-04
1.978166401386260986e-04
1.947944983839988708e-04
1.914408057928085327e-04
1.875618472695350647e-04
1.839920878410339355e-04
1.809522509574890137e-04
1.775389537215232849e-04
1.742197200655937195e-04
1.711100339889526367e-04
1.687072217464447021e-04
1.661293208599090576e-04
1.626359298825263977e-04
1.593390479683876038e-04
1.563904806971549988e-04
1.533841714262962341e-04
1.500835642218589783e-04
1.463172957301139832e-04
1.434562727808952332e-04
1.406595110893249512e-04
1.373654231429100037e-04
1.337770372629165649e-04
1.303656026721000671e-04
1.275883987545967102e-04
1.242747530341148376e-04
1.207776367664337158e-04
1.173913478851318359e-04
1.144595444202423096e-04
1.114625483751296997e-04
1.076702028512954712e-04
1.042140647768974304e-04
1.009861007332801819e-04
9.796209633350372314e-05
9.419675916433334351e-05
9.078998118638992310e-05
8.759461343288421631e-05
8.466187864542007446e-05
8.097663521766662598e-05
7.754750549793243408e-05
7.435493171215057373e-05
7.132533937692642212e-05
6.791204214096069336e-05
6.469525396823883057e-05
6.198696792125701904e-05
5.961116403341293335e-05
5.679205060005187988e-05
5.398690700531005859e-05
5.151517689228057861e-05
4.907138645648956299e-05
4.649627953767776489e-05
4.411768168210983276e-05
4.194956272840499878e-05
3.993604332208633423e-05
3.770086914300918579e-05
3.576930612325668335e-05
3.421492874622344971e-05
3.253668546676635742e-05
3.093387931585311890e-05
2.898741513490676880e-05
1.737195998430252075e-05
7.331371307373046875e-06
2.617947757244110107e-06
-5.941838026046752930e-07
-2.762302756309509277e-06
-5.875714123249053955e-06
-7.893890142440795898e-06
-8.316710591316223145e-06
-8.299946784973144531e-06
-8.306466042995452881e-06
-8.303672075271606445e-06
-8.320435881614685059e-06
-8.323229849338531494e-06
-8.319504559040069580e-06
-8.321367204189300537e-06
-8.281320333480834961e-06
-8.285976946353912354e-06
-8.287839591503143311e-06
-8.304603397846221924e-06
