-8.275732398033142090e-06
-8.276663720607757568e-06
-8.283182978630065918e-06
-8.290633559226989746e-06
-8.254311978816986084e-06
-8.266419172286987305e-06
-8.291564881801605225e-06
-8.271075785160064697e-06
-8.272938430309295654e-06
-8.296221494674682617e-06
-8.234754204750061035e-06
-8.279457688331604004e-06
-8.285045623779296875e-06
-8.285045623779296875e-06
-8.299946784973144531e-06
-8.291564881801605225e-06
-8.290633559226989746e-06
-8.274801075458526611e-06
-8.286908268928527832e-06
-8.285045623779296875e-06
-8.285045623779296875e-06
-8.281320333480834961e-06
-8.282251656055450439e-06
-8.278526365756988525e-06
-8.274801075458526611e-06
-8.289702236652374268e-06
-8.273869752883911133e-06
-8.274801075458526611e-06
-8.274801075458526611e-06
-8.299015462398529053e-06
-8.266419172286987305e-06
-8.285976946353912354e-06
-8.299015462398529053e-06
-8.292496204376220703e-06
-8.268281817436218262e-06
-8.267350494861602783e-06
-8.263625204563140869e-06
-8.280389010906219482e-06
-8.275732398033142090e-06
-8.299946784973144531e-06
-8.294358849525451660e-06
-8.271075785160064697e-06
-8.284114301204681396e-06
-8.274801075458526611e-06
-8.301809430122375488e-06
-8.302740752696990967e-06
-8.292496204376220703e-06
-8.270144462585449219e-06
-8.294358849525451660e-06
-8.281320333480834961e-06
-8.286908268928527832e-06
-8.297152817249298096e-06
-8.272007107734680176e-06
-8.296221494674682617e-06
-8.276663720607757568e-06
-8.288770914077758789e-06
-8.284114301204681396e-06
-8.275732398033142090e-06
-8.284114301204681396e-06
-8.301809430122375488e-06
-8.285976946353912354e-06
-8.272938430309295654e-06
-8.273869752883911133e-06
-8.277595043182373047e-06
-8.303672075271606445e-06
-8.295290172100067139e-06
-8.283182978630065918e-06
-8.285976946353912354e-06
-8.281320333480834961e-06
-8.300878107547760010e-06
-8.285045623779296875e-06
-8.286908268928527832e-06
-8.289702236652374268e-06
-8.288770914077758789e-06
-8.299946784973144531e-06
-8.302740752696990967e-06
-8.300878107547760010e-06
-8.257105946540832520e-06
-8.318573236465454102e-06
-8.269213140010833740e-06
-8.299015462398529053e-06
-8.311122655868530273e-06
-8.296221494674682617e-06
-8.296221494674682617e-06
-8.288770914077758789e-06
-8.281320333480834961e-06
-8.281320333480834961e-06
-8.284114301204681396e-06
-8.280389010906219482e-06
-8.302740752696990967e-06
-8.279457688331604004e-06
-8.278526365756988525e-06
-8.276663720607757568e-06
-8.287839591503143311e-06
-8.304603397846221924e-06
-8.286908268928527832e-06
-8.279457688331604004e-06
-8.301809430122375488e-06
-8.310191333293914795e-06
-8.263625204563140869e-06
-8.270144462585449219e-06
-8.304603397846221924e-06
-8.297152817249298096e-06
-8.272007107734680176e-06
-8.287839591503143311e-06
-8.268281817436218262e-06
-8.284114301204681396e-06
-8.268281817436218262e-06
-8.300878107547760010e-06
-8.262693881988525391e-06
-8.259899914264678955e-06
-8.276663720607757568e-06
-8.279457688331604004e-06
-8.259899914264678955e-06
-8.287839591503143311e-06
-8.294358849525451660e-06
-8.295290172100067139e-06
-8.323229849338531494e-06
-8.315779268741607666e-06
-8.301809430122375488e-06
-8.325092494487762451e-06
-8.281320333480834961e-06
-8.287839591503143311e-06
-8.285045623779296875e-06
-8.287839591503143311e-06
-8.268281817436218262e-06
-8.294358849525451660e-06
-8.288770914077758789e-06
-8.280389010906219482e-06
-8.274801075458526611e-06
-8.309260010719299316e-06
-8.283182978630065918e-06
-8.289702236652374268e-06
-8.281320333480834961e-06
-8.294358849525451660e-06
-8.297152817249298096e-06
-8.281320333480834961e-06
-8.298084139823913574e-06
-8.302740752696990967e-06
-8.298084139823913574e-06
-8.288770914077758789e-06
-8.289702236652374268e-06
-8.265487849712371826e-06
-8.311122655868530273e-06
-8.312985301017761230e-06
-8.298084139823913574e-06
-8.287839591503143311e-06
-8.287839591503143311e-06
-8.274801075458526611e-06
-8.260831236839294434e-06
-8.277595043182373047e-06
-8.286908268928527832e-06
-8.282251656055450439e-06
-8.288770914077758789e-06
-8.300878107547760010e-06
-8.285045623779296875e-06
-8.297152817249298096e-06
-8.289702236652374268e-06
-8.283182978630065918e-06
-8.304603397846221924e-06
-8.318573236465454102e-06
-8.276663720607757568e-06
-8.284114301204681396e-06
-8.291564881801605225e-06
-8.297152817249298096e-06
-8.273869752883911133e-06
-8.271075785160064697e-06
-8.268281817436218262e-06
-8.294358849525451660e-06
-8.300878107547760010e-06
-8.292496204376220703e-06
-8.315779268741607666e-06
-8.296221494674682617e-06
-8.296221494674682617e-06
-8.307397365570068359e-06
-8.268281817436218262e-06
-8.296221494674682617e-06
-8.297152817249298096e-06
-8.279457688331604004e-06
-8.283182978630065918e-06
-8.246861398220062256e-06
-8.299015462398529053e-06
-8.271075785160064697e-06
-8.270144462585449219e-06
-8.268281817436218262e-06
-8.282251656055450439e-06
-8.312053978443145752e-06
-8.270144462585449219e-06
-8.291564881801605225e-06
-8.269213140010833740e-06
-8.278526365756988525e-06
-8.301809430122375488e-06
-8.311122655868530273e-06
-8.298084139823913574e-06
-8.307397365570068359e-06
-8.300878107547760010e-06
-8.283182978630065918e-06
-8.291564881801605225e-06
-8.279457688331604004e-06
-8.274801075458526611e-06
-8.280389010906219482e-06
-8.293427526950836182e-06
-8.285045623779296875e-06
-8.298084139823913574e-06
-8.295290172100067139e-06
-8.276663720607757568e-06
-8.292496204376220703e-06
-8.288770914077758789e-06
-8.267350494861602783e-06
-8.283182978630065918e-06
-8.279457688331604004e-06
-8.277595043182373047e-06
-8.294358849525451660e-06
-8.275732398033142090e-06
-8.299946784973144531e-06
-8.276663720607757568e-06
-8.306466042995452881e-06
-8.298084139823913574e-06
-8.288770914077758789e-06
-8.293427526950836182e-06
-8.270144462585449219e-06
-8.285045623779296875e-06
-8.296221494674682617e-06
-8.296221494674682617e-06
-8.299015462398529053e-06
-8.281320333480834961e-06
-8.266419172286987305e-06
-8.284114301204681396e-06
-8.289702236652374268e-06
-8.277595043182373047e-06
-8.286908268928527832e-06
-8.299946784973144531e-06
-8.282251656055450439e-06
-8.304603397846221924e-06
-8.296221494674682617e-06
-8.315779268741607666e-06
-8.296221494674682617e-06
-8.293427526950836182e-06
-8.299946784973144531e-06
-8.265487849712371826e-06
-8.285045623779296875e-06
-8.279457688331604004e-06
-8.281320333480834961e-06
-8.284114301204681396e-06
-8.292496204376220703e-06
-8.280389010906219482e-06
-8.290633559226989746e-06
-8.290633559226989746e-06
-8.312985301017761230e-06
-8.307397365570068359e-06
-8.302740752696990967e-06
-8.283182978630065918e-06
-8.289702236652374268e-06
-8.278526365756988525e-06
-8.267350494861602783e-06
-8.299946784973144531e-06
-8.301809430122375488e-06
-8.284114301204681396e-06
-8.280389010906219482e-06
-8.276663720607757568e-06
-8.299015462398529053e-06
-8.289702236652374268e-06
-8.288770914077758789e-06
-8.271075785160064697e-06
-8.277595043182373047e-06
-8.291564881801605225e-06
-8.273869752883911133e-06
-8.296221494674682617e-06
-8.313916623592376709e-06
-8.310191333293914795e-06
-8.324161171913146973e-06
-8.288770914077758789e-06
-8.285976946353912354e-06
-8.282251656055450439e-06
-8.289702236652374268e-06
-8.317641913890838623e-06
-8.303672075271606445e-06
-8.285976946353912354e-06
-8.298084139823913574e-06
-8.287839591503143311e-06
-8.272007107734680176e-06
-8.300878107547760010e-06
-8.294358849525451660e-06
-8.297152817249298096e-06
-8.300878107547760010e-06
-8.281320333480834961e-06
-8.299946784973144531e-06
-8.298084139823913574e-06
-8.321367204189300537e-06
-8.272007107734680176e-06
-8.290633559226989746e-06
-8.263625204563140869e-06
-8.290633559226989746e-06
-8.270144462585449219e-06
-8.276663720607757568e-06
-8.270144462585449219e-06
-8.270144462585449219e-06
-8.284114301204681396e-06
-8.292496204376220703e-06
-8.282251656055450439e-06
-8.284114301204681396e-06
-8.282251656055450439e-06
-8.285045623779296875e-06
-8.296221494674682617e-06
-8.287839591503143311e-06
-8.326955139636993408e-06
-8.304603397846221924e-06
-8.293427526950836182e-06
-8.279457688331604004e-06
-8.301809430122375488e-06
-8.321367204189300537e-06
-8.292496204376220703e-06
-8.275732398033142090e-06
-8.294358849525451660e-06
-8.302740752696990967e-06
-8.285976946353912354e-06
-8.284114301204681396e-06
-8.281320333480834961e-06
-8.285976946353912354e-06
-8.267350494861602783e-06
-8.306466042995452881e-06
-8.294358849525451660e-06
-8.285045623779296875e-06
-8.296221494674682617e-06
-8.294358849525451660e-06
-8.291564881801605225e-06
-8.256174623966217041e-06
-8.315779268741607666e-06
-8.296221494674682617e-06
-8.306466042995452881e-06
-8.293427526950836182e-06
-8.281320333480834961e-06
-8.284114301204681396e-06
-8.285976946353912354e-06
-8.309260010719299316e-06
-8.278526365756988525e-06
-8.299015462398529053e-06
-8.297152817249298096e-06
-8.316710591316223145e-06
-8.293427526950836182e-06
-8.275732398033142090e-06
-8.284114301204681396e-06
-8.291564881801605225e-06
-8.299015462398529053e-06
-8.285976946353912354e-06
-8.282251656055450439e-06
-8.288770914077758789e-06
-8.274801075458526611e-06
-8.264556527137756348e-06
-8.301809430122375488e-06
-8.261762559413909912e-06
-8.314847946166992188e-06
-8.272938430309295654e-06
-8.312053978443145752e-06
-8.279457688331604004e-06
-8.328817784786224365e-06
-4.713423550128936768e-06
-1.627951860427856445e-06
4.351139068603515625e-06
7.908791303634643555e-06
1.063384115695953369e-05
1.395121216773986816e-05
1.915730535984039307e-05
2.366676926612854004e-05
3.021582961082458496e-05
3.692973405122756958e-05
4.715658724308013916e-05
4.936195909976959229e-05
4.887208342552185059e-05
4.847906529903411865e-05
4.823599010705947876e-05
4.804041236639022827e-05
4.792958498001098633e-05
4.781130701303482056e-05
4.770513623952865601e-05
4.766322672367095947e-05
4.757102578878402710e-05
4.750769585371017456e-05
4.744995385408401489e-05
4.740990698337554932e-05
4.733819514513015747e-05
4.732888191938400269e-05
4.735309630632400513e-05
4.750303924083709717e-05
4.754122346639633179e-05
4.757195711135864258e-05
4.762597382068634033e-05
4.791002720594406128e-05
5.123671144247055054e-05
5.492568016052246094e-05
5.796551704406738281e-05
6.131827831268310547e-05
6.544310599565505981e-05
6.985478103160858154e-05
7.568672299385070801e-05
8.242577314376831055e-05
9.017623960971832275e-05
9.955558925867080688e-05
1.104120165109634399e-04
1.224856823682785034e-04
1.350687816739082336e-04
1.486763358116149902e-04
1.636110246181488037e-04
1.790318638086318970e-04
1.953830942511558533e-04
2.121981233358383179e-04
2.299714833498001099e-04
2.478267997503280640e-04
2.668350934982299805e-04
2.860594540834426880e-04
3.063166514039039612e-04
3.271549940109252930e-04
3.490401431918144226e-04
3.715138882398605347e-04
3.951126709580421448e-04
4.200516268610954285e-04
4.455745220184326172e-04
4.724692553281784058e-04
5.000662058591842651e-04
5.287844687700271606e-04
5.590794607996940613e-04
5.902005359530448914e-04
6.213970482349395752e-04
6.539747118949890137e-04
6.868904456496238708e-04
7.198872044682502747e-04
7.539037615060806274e-04
7.867226377129554749e-04
8.179508149623870850e-04
8.479915559291839600e-04
8.762581273913383484e-04
9.030131623148918152e-04
9.277528151869773865e-04
9.515518322587013245e-04
9.737480431795120239e-04
9.952960535883903503e-04
1.014996320009231567e-03
1.033823937177658081e-03
1.051524654030799866e-03
1.068445853888988495e-03
1.084042713046073914e-03
1.098497770726680756e-03
1.111433841288089752e-03
1.122789457440376282e-03
1.133179292082786560e-03
1.143030822277069092e-03
1.152064651250839233e-03
1.161116175353527069e-03
1.168478280305862427e-03
1.175936311483383179e-03
1.182244159281253815e-03
1.188013702630996704e-03
1.193439587950706482e-03
1.196823082864284515e-03
1.198920421302318573e-03
1.201422885060310364e-03
1.203458756208419800e-03
1.204236410558223724e-03
1.204864121973514557e-03
1.204025000333786011e-03
1.203232444822788239e-03
1.202590763568878174e-03
1.202034763991832733e-03
1.201506704092025757e-03
1.201022416353225708e-03
1.200639642775058746e-03
1.200186088681221008e-03
1.199799589812755585e-03
1.199498772621154785e-03
1.199181191623210907e-03
1.198856160044670105e-03
1.198567450046539307e-03
1.198270358145236969e-03
1.198024488985538483e-03
1.197754405438899994e-03
1.197511330246925354e-03
1.197254285216331482e-03
1.197050325572490692e-03
1.196797005832195282e-03
1.196565106511116028e-03
1.196330413222312927e-03
1.196083612740039825e-03
1.195833086967468262e-03
1.195500604808330536e-03
1.193261705338954926e-03
1.187146641314029694e-03
1.177920959889888763e-03
1.167735084891319275e-03
1.158796250820159912e-03
1.149288378655910492e-03
1.138437539339065552e-03
1.128950156271457672e-03
1.121074892580509186e-03
1.112310215830802917e-03
1.103714108467102051e-03
1.096227206289768219e-03
1.088163815438747406e-03
1.079188659787178040e-03
1.071401871740818024e-03
1.064351759850978851e-03
1.056049950420856476e-03
1.047929748892784119e-03
1.040808856487274170e-03
1.033236272633075714e-03
1.024834811687469482e-03
1.017559319734573364e-03
1.010854728519916534e-03
1.002929173409938812e-03
9.950073435902595520e-04
9.876983240246772766e-04
9.799879044294357300e-04
9.715808555483818054e-04
9.641423821449279785e-04
9.572757408022880554e-04
9.497320279479026794e-04
9.424565359950065613e-04
9.355228394269943237e-04
9.282352402806282043e-04
9.204801172018051147e-04
9.137438610196113586e-04
9.069405496120452881e-04
8.993856608867645264e-04
8.922703564167022705e-04
8.853357285261154175e-04
8.778916671872138977e-04
8.701132610440254211e-04
8.635027334094047546e-04
8.565047755837440491e-04
8.488036692142486572e-04
8.418299257755279541e-04
8.352575823664665222e-04
8.278721943497657776e-04
8.206199854612350464e-04
8.143298327922821045e-04
8.075404912233352661e-04
8.001811802387237549e-04
7.934030145406723022e-04
7.865447551012039185e-04
7.791500538587570190e-04
7.724296301603317261e-04
7.663192227482795715e-04
7.592551410198211670e-04
7.522227242588996887e-04
7.458189502358436584e-04
7.389718666672706604e-04
7.317364215850830078e-04
7.256194949150085449e-04
7.195798680186271667e-04
7.127225399017333984e-04
7.061772048473358154e-04
6.997780874371528625e-04
6.929300725460052490e-04
6.859349086880683899e-04
6.800023838877677917e-04
6.758999079465866089e-04
6.731366738677024841e-04
6.657829508185386658e-04
6.547346711158752441e-04
6.481437012553215027e-04
6.421711295843124390e-04
6.397459656000137329e-04
6.355941295623779297e-04
6.288085132837295532e-04
6.229979917407035828e-04
6.172191351652145386e-04
6.110388785600662231e-04
6.051417440176010132e-04
5.993191152811050415e-04
5.930615589022636414e-04
5.867807194590568542e-04
5.812477320432662964e-04
5.754549056291580200e-04
5.694841966032981873e-04
5.641644820570945740e-04
5.589174106717109680e-04
5.534859374165534973e-04
5.477331578731536865e-04
5.424562841653823853e-04
5.373870953917503357e-04
5.317004397511482239e-04
5.260864272713661194e-04
5.213078111410140991e-04
5.160896107554435730e-04
5.104308947920799255e-04
5.053961649537086487e-04
5.004219710826873779e-04
4.953779280185699463e-04
4.899213090538978577e-04
4.849946126341819763e-04
4.804348573088645935e-04
4.753088578581809998e-04
4.703346639871597290e-04
4.657190293073654175e-04
4.612272605299949646e-04
4.559764638543128967e-04
4.508374258875846863e-04
4.463847726583480835e-04
4.417989403009414673e-04
4.367548972368240356e-04
4.320731386542320251e-04
4.281410947442054749e-04
4.240702837705612183e-04
4.194593057036399841e-04
4.148799926042556763e-04
4.107207059860229492e-04
4.066703841090202332e-04
4.016701132059097290e-04
3.970330581068992615e-04
3.930060192942619324e-04
3.893505781888961792e-04
3.851028159260749817e-04
3.808382898569107056e-04
3.770999610424041748e-04
3.730552271008491516e-04
3.687860444188117981e-04
3.638546913862228394e-04
3.599245101213455200e-04
3.559235483407974243e-04
3.519570454955101013e-04
3.473693504929542542e-04
3.437930718064308167e-04
3.400165587663650513e-04
3.358861431479454041e-04
3.314027562737464905e-04
3.273114562034606934e-04
3.238571807742118835e-04
3.199325874447822571e-04
3.158915787935256958e-04
3.118813037872314453e-04
3.085453063249588013e-04
3.050584346055984497e-04
3.006951883435249329e-04
2.965144813060760498e-04
2.926178276538848877e-04
2.888748422265052795e-04
2.846522256731987000e-04
2.805655822157859802e-04
2.771299332380294800e-04
2.734269946813583374e-04
2.695526927709579468e-04
2.652164548635482788e-04
2.618962898850440979e-04
2.583554014563560486e-04
2.547465264797210693e-04
2.509271726012229919e-04
2.476572990417480469e-04
2.447962760925292969e-04
2.412600442767143250e-04
2.374434843659400940e-04
2.337619662284851074e-04
2.307221293449401855e-04
2.277167513966560364e-04
2.240287140011787415e-04
2.206321805715560913e-04
2.175010740756988525e-04
2.143643796443939209e-04
2.104649320244789124e-04
2.068886533379554749e-04
2.037715166807174683e-04
2.009924501180648804e-04
1.976070925593376160e-04
1.946454867720603943e-04
1.920713111758232117e-04
1.893667504191398621e-04
1.862430945038795471e-04
1.825150102376937866e-04
1.794202253222465515e-04
1.763487234711647034e-04
1.728413626551628113e-04
1.691058278083801270e-04
1.662019640207290649e-04
1.635439693927764893e-04
1.603672280907630920e-04
1.569082960486412048e-04
1.535192131996154785e-04
1.505212858319282532e-04
1.467205584049224854e-04
1.427689567208290100e-04
1.397226005792617798e-04
1.368345692753791809e-04
1.335572451353073120e-04
1.297667622566223145e-04
1.266021281480789185e-04
1.233275979757308960e-04
1.197997480630874634e-04
1.158136874437332153e-04
1.126537099480628967e-04
1.094350591301918030e-04
1.058997586369514465e-04
1.018876209855079651e-04
9.866990149021148682e-05
9.526871144771575928e-05
9.146425873041152954e-05
8.779112249612808228e-05
8.451472967863082886e-05
8.132681250572204590e-05
7.726531475782394409e-05
7.348135113716125488e-05
7.036235183477401733e-05
6.691738963127136230e-05
6.346683949232101440e-05
6.049778312444686890e-05
5.798321217298507690e-05
5.517248064279556274e-05
5.204323679208755493e-05
4.958175122737884521e-05
4.708394408226013184e-05
4.453677684068679810e-05
4.224572330713272095e-05
4.028528928756713867e-05
3.844592720270156860e-05
3.626849502325057983e-05
3.433972597122192383e-05
3.281235694885253906e-05
3.106240183115005493e-05
2.790801227092742920e-05
1.600850373506546021e-05
7.134862244129180908e-06
2.580694854259490967e-06
-2.309679985046386719e-07
-2.667307853698730469e-06
-5.446374416351318359e-06
-7.498078048229217529e-06
-8.298084139823913574e-06
-8.272938430309295654e-06
-8.272938430309295654e-06
-8.308328688144683838e-06
-8.315779268741607666e-06
-8.287839591503143311e-06
-8.293427526950836182e-06
-8.297152817249298096e-06
-8.310191333293914795e-06
-8.294358849525451660e-06
-8.293427526950836182e-06
-8.303672075271606445e-06
