-4.648230969905853271e-06
-4.617497324943542480e-06
-4.630535840988159180e-06
-4.626810550689697266e-06
-4.634261131286621094e-06
-4.627741873264312744e-06
-4.633329808712005615e-06
-4.637055099010467529e-06
-4.625879228115081787e-06
-4.624016582965850830e-06
-4.598870873451232910e-06
-4.613772034645080566e-06
-4.626810550689697266e-06
-4.632398486137390137e-06
-4.621222615242004395e-06
-4.637986421585083008e-06
-4.623085260391235352e-06
-4.650093615055084229e-06
-4.603527486324310303e-06
-4.651024937629699707e-06
-4.627741873264312744e-06
-4.618428647518157959e-06
-4.621222615242004395e-06
-4.638917744159698486e-06
-4.592351615428924561e-06
-4.621222615242004395e-06
-4.603527486324310303e-06
-4.665926098823547363e-06
-4.656612873077392578e-06
-4.633329808712005615e-06
-4.624016582965850830e-06
-4.617497324943542480e-06
-4.632398486137390137e-06
-4.629604518413543701e-06
-4.623085260391235352e-06
-4.624947905540466309e-06
-4.610046744346618652e-06
-4.621222615242004395e-06
-4.640780389308929443e-06
-4.633329808712005615e-06
-4.623085260391235352e-06
-4.663132131099700928e-06
-4.618428647518157959e-06
-4.629604518413543701e-06
-4.611909389495849609e-06
-4.624016582965850830e-06
-4.609115421772003174e-06
-4.674308001995086670e-06
-4.603527486324310303e-06
-4.634261131286621094e-06
-4.604458808898925781e-06
-4.654750227928161621e-06
-4.610978066921234131e-06
-4.610046744346618652e-06
-4.638917744159698486e-06
-4.616566002368927002e-06
-4.622153937816619873e-06
-4.634261131286621094e-06
-4.626810550689697266e-06
-4.624947905540466309e-06
-4.628673195838928223e-06
-4.610046744346618652e-06
-4.612840712070465088e-06
-4.619359970092773438e-06
-4.621222615242004395e-06
-4.647299647331237793e-06
-4.614703357219696045e-06
-4.627741873264312744e-06
-4.650093615055084229e-06
-4.627741873264312744e-06
-4.622153937816619873e-06
-4.610046744346618652e-06
-4.623085260391235352e-06
-4.619359970092773438e-06
-4.632398486137390137e-06
-4.637986421585083008e-06
-4.607252776622772217e-06
-4.622153937816619873e-06
-4.625879228115081787e-06
-4.615634679794311523e-06
-4.640780389308929443e-06
-4.617497324943542480e-06
-4.602596163749694824e-06
-4.591420292854309082e-06
-4.604458808898925781e-06
-4.613772034645080566e-06
-4.611909389495849609e-06
-4.624016582965850830e-06
-4.642643034458160400e-06
-4.614703357219696045e-06
-4.600733518600463867e-06
-4.637055099010467529e-06
-4.612840712070465088e-06
-4.616566002368927002e-06
-4.632398486137390137e-06
-4.617497324943542480e-06
-4.625879228115081787e-06
-4.646368324756622314e-06
-4.606321454048156738e-06
-4.609115421772003174e-06
-4.635192453861236572e-06
-4.607252776622772217e-06
-4.624947905540466309e-06
-4.586763679981231689e-06
-4.630535840988159180e-06
-4.614703357219696045e-06
-4.578381776809692383e-06
-4.641711711883544922e-06
-4.605390131473541260e-06
-4.605390131473541260e-06
-4.594214260578155518e-06
-4.597939550876617432e-06
-4.598870873451232910e-06
-4.621222615242004395e-06
-4.583969712257385254e-06
-4.607252776622772217e-06
-4.617497324943542480e-06
-4.602596163749694824e-06
-4.623085260391235352e-06
-4.624016582965850830e-06
-4.595145583152770996e-06
-4.580244421958923340e-06
-4.618428647518157959e-06
-4.629604518413543701e-06
-4.611909389495849609e-06
-4.617497324943542480e-06
-4.616566002368927002e-06
-4.611909389495849609e-06
-4.597939550876617432e-06
-4.612840712070465088e-06
-4.615634679794311523e-06
-4.579313099384307861e-06
-4.596076905727386475e-06
-4.605390131473541260e-06
-4.592351615428924561e-06
-4.614703357219696045e-06
-4.587695002555847168e-06
-4.602596163749694824e-06
-4.600733518600463867e-06
-4.597008228302001953e-06
-4.616566002368927002e-06
-4.604458808898925781e-06
-4.578381776809692383e-06
-4.607252776622772217e-06
-4.595145583152770996e-06
-4.593282938003540039e-06
-4.596076905727386475e-06
-4.620291292667388916e-06
-4.597008228302001953e-06
-4.617497324943542480e-06
-4.591420292854309082e-06
-4.609115421772003174e-06
-4.606321454048156738e-06
-4.590488970279693604e-06
-4.583038389682769775e-06
-4.596076905727386475e-06
-4.598870873451232910e-06
-4.609115421772003174e-06
-4.585832357406616211e-06
-4.575587809085845947e-06
-4.590488970279693604e-06
-4.591420292854309082e-06
-4.565343260765075684e-06
-4.583969712257385254e-06
-4.602596163749694824e-06
-4.608184099197387695e-06
-4.603527486324310303e-06
-4.594214260578155518e-06
-4.590488970279693604e-06
-4.607252776622772217e-06
-4.597939550876617432e-06
-4.597008228302001953e-06
-4.591420292854309082e-06
-4.597008228302001953e-06
-4.580244421958923340e-06
-4.575587809085845947e-06
-4.578381776809692383e-06
-4.588626325130462646e-06
-4.604458808898925781e-06
-4.597939550876617432e-06
-4.612840712070465088e-06
-4.574656486511230469e-06
-4.589557647705078125e-06
-4.601664841175079346e-06
-4.597939550876617432e-06
-4.610046744346618652e-06
-4.583038389682769775e-06
-4.564411938190460205e-06
-4.552304744720458984e-06
-4.569999873638153076e-06
-4.589557647705078125e-06
-4.582107067108154297e-06
-4.588626325130462646e-06
-4.577450454235076904e-06
-4.580244421958923340e-06
-4.596076905727386475e-06
-4.552304744720458984e-06
-4.570931196212768555e-06
-4.589557647705078125e-06
-4.585832357406616211e-06
-4.563480615615844727e-06
-4.586763679981231689e-06
-4.572793841361999512e-06
-4.570931196212768555e-06
-4.593282938003540039e-06
-4.583969712257385254e-06
-4.561617970466613770e-06
-4.569999873638153076e-06
-4.562549293041229248e-06
-4.595145583152770996e-06
-4.584901034832000732e-06
-4.554167389869689941e-06
-4.576519131660461426e-06
-4.571862518787384033e-06
-4.569068551063537598e-06
-4.569068551063537598e-06
-4.588626325130462646e-06
-4.567205905914306641e-06
-4.554167389869689941e-06
-4.569068551063537598e-06
-4.594214260578155518e-06
-4.569999873638153076e-06
-4.555098712444305420e-06
-4.566274583339691162e-06
-4.583038389682769775e-06
-4.557892680168151855e-06
-4.542060196399688721e-06
-4.591420292854309082e-06
-4.566274583339691162e-06
-4.560686647891998291e-06
-4.568137228488922119e-06
-4.576519131660461426e-06
-4.568137228488922119e-06
-4.560686647891998291e-06
-4.553236067295074463e-06
-4.581175744533538818e-06
-4.583969712257385254e-06
-4.556030035018920898e-06
-4.575587809085845947e-06
-4.546716809272766113e-06
-4.563480615615844727e-06
-4.548579454421997070e-06
-4.556030035018920898e-06
-4.585832357406616211e-06
-4.554167389869689941e-06
-4.586763679981231689e-06
-4.555098712444305420e-06
-4.573725163936614990e-06
-4.554167389869689941e-06
-4.571862518787384033e-06
-4.555098712444305420e-06
-4.567205905914306641e-06
-4.581175744533538818e-06
-4.558824002742767334e-06
-4.558824002742767334e-06
-4.542991518974304199e-06
-4.564411938190460205e-06
-4.554167389869689941e-06
-4.578381776809692383e-06
-4.555098712444305420e-06
-4.558824002742767334e-06
-4.568137228488922119e-06
-4.555098712444305420e-06
-4.562549293041229248e-06
-4.562549293041229248e-06
-4.568137228488922119e-06
-4.550442099571228027e-06
-4.571862518787384033e-06
-4.572793841361999512e-06
-4.530884325504302979e-06
-4.557892680168151855e-06
-4.561617970466613770e-06
-4.550442099571228027e-06
-4.543922841548919678e-06
-4.552304744720458984e-06
-4.553236067295074463e-06
-4.569068551063537598e-06
-4.562549293041229248e-06
-4.570931196212768555e-06
-4.556030035018920898e-06
-4.551373422145843506e-06
-4.555098712444305420e-06
-4.554167389869689941e-06
-4.559755325317382812e-06
-4.553236067295074463e-06
-4.543922841548919678e-06
-4.569068551063537598e-06
-4.542060196399688721e-06
-4.551373422145843506e-06
-4.544854164123535156e-06
-4.568137228488922119e-06
-4.527159035205841064e-06
-4.555098712444305420e-06
-4.543922841548919678e-06
-4.540197551250457764e-06
-4.560686647891998291e-06
-4.551373422145843506e-06
-4.549510776996612549e-06
-4.541128873825073242e-06
-4.525296390056610107e-06
-4.522502422332763672e-06
-4.561617970466613770e-06
-4.542060196399688721e-06
-4.565343260765075684e-06
-4.541128873825073242e-06
-4.561617970466613770e-06
-4.541128873825073242e-06
-4.546716809272766113e-06
-4.542991518974304199e-06
-4.538334906101226807e-06
-4.550442099571228027e-06
-4.536472260951995850e-06
-4.546716809272766113e-06
-4.529953002929687500e-06
-4.556961357593536377e-06
-4.553236067295074463e-06
-4.542991518974304199e-06
-4.524365067481994629e-06
-4.496425390243530273e-06
-4.537403583526611328e-06
-4.564411938190460205e-06
-4.551373422145843506e-06
-4.568137228488922119e-06
-4.545785486698150635e-06
-4.529953002929687500e-06
-4.547648131847381592e-06
-4.562549293041229248e-06
-4.520639777183532715e-06
-4.536472260951995850e-06
-4.519708454608917236e-06
-4.539266228675842285e-06
-4.530884325504302979e-06
-4.540197551250457764e-06
-4.546716809272766113e-06
-4.567205905914306641e-06
-4.542991518974304199e-06
-4.563480615615844727e-06
-4.542060196399688721e-06
-4.542991518974304199e-06
-4.538334906101226807e-06
-4.543922841548919678e-06
-4.536472260951995850e-06
-4.547648131847381592e-06
-4.539266228675842285e-06
-4.542991518974304199e-06
-4.533678293228149414e-06
-4.566274583339691162e-06
-4.519708454608917236e-06
-4.531815648078918457e-06
-4.549510776996612549e-06
-4.544854164123535156e-06
-4.515051841735839844e-06
-4.547648131847381592e-06
-4.539266228675842285e-06
-4.547648131847381592e-06
-2.548098564147949219e-06
6.565824151039123535e-07
8.704140782356262207e-06
1.456309109926223755e-05
1.882854849100112915e-05
2.191215753555297852e-05
2.829916775226593018e-05
3.407523036003112793e-05
4.117470234632492065e-05
5.005486309528350830e-05
6.129592657089233398e-05
7.058959454298019409e-05
7.082242518663406372e-05
7.012765854597091675e-05
6.976164877414703369e-05
6.951112300157546997e-05
6.929505616426467896e-05
6.912648677825927734e-05
6.902310997247695923e-05
6.887502968311309814e-05
6.880424916744232178e-05
6.867293268442153931e-05
6.860680878162384033e-05
6.853509694337844849e-05
6.846524775028228760e-05
6.841868162155151367e-05
6.837584078311920166e-05
6.856024265289306641e-05
6.868317723274230957e-05
6.871484220027923584e-05
6.874278187751770020e-05
6.891321390867233276e-05
7.105059921741485596e-05
7.606763392686843872e-05
8.053705096244812012e-05
8.439552038908004761e-05
8.936040103435516357e-05
9.488314390182495117e-05
1.018233597278594971e-04
1.097563654184341431e-04
1.193778589367866516e-04
1.302566379308700562e-04
1.438511535525321960e-04
1.588463783264160156e-04
1.750709488987922668e-04
1.921653747558593750e-04
2.110181376338005066e-04
2.308506518602371216e-04
2.517234534025192261e-04
2.733636647462844849e-04
2.960916608572006226e-04
3.194008022546768188e-04
3.436822444200515747e-04
3.687478601932525635e-04
3.944113850593566895e-04
4.215305671095848083e-04
4.496369510889053345e-04
4.786439239978790283e-04
5.086548626422882080e-04
5.408003926277160645e-04
5.737068131566047668e-04
6.078062579035758972e-04
6.439220160245895386e-04
6.806533783674240112e-04
7.192874327301979065e-04
7.595820352435112000e-04
8.005090057849884033e-04
8.420497179031372070e-04
8.852109313011169434e-04
9.285770356655120850e-04
9.722989052534103394e-04
1.015938818454742432e-03
1.058300025761127472e-03
1.098423264920711517e-03
1.136826351284980774e-03
1.172465272247791290e-03
1.206359826028347015e-03
1.238281838595867157e-03
1.268161460757255554e-03
1.297098584473133087e-03
1.323786564171314240e-03
1.349159516394138336e-03
1.372895203530788422e-03
1.395693980157375336e-03
1.416980288922786713e-03
1.436851918697357178e-03
1.454700715839862823e-03
1.470306888222694397e-03
1.484867185354232788e-03
1.497877761721611023e-03
1.510215923190116882e-03
1.522130332887172699e-03
1.532790251076221466e-03
1.542627811431884766e-03
1.551701687276363373e-03
1.559282653033733368e-03
1.566804014146327972e-03
1.572956331074237823e-03
1.576720736920833588e-03
1.579870469868183136e-03
1.582919619977474213e-03
1.583128236234188080e-03
1.585555262863636017e-03
1.584682613611221313e-03
1.583609730005264282e-03
1.582683064043521881e-03
1.581907272338867188e-03
1.581229269504547119e-03
1.580616459250450134e-03
1.580024138092994690e-03
1.579428091645240784e-03
1.578937284648418427e-03
1.578464172780513763e-03
1.578067429363727570e-03
1.577645540237426758e-03
1.577257178723812103e-03
1.576892100274562836e-03
1.576518639922142029e-03
1.576191745698451996e-03
1.575849018990993500e-03
1.575528644025325775e-03
1.575254835188388824e-03
1.574918627738952637e-03
1.574602909386157990e-03
1.574324443936347961e-03
1.574031077325344086e-03
1.573718152940273285e-03
1.573336310684680939e-03
1.572543755173683167e-03
1.566856168210506439e-03
1.556570641696453094e-03
1.543351449072360992e-03
1.530948095023632050e-03
1.519124023616313934e-03
1.505710184574127197e-03
1.491871662437915802e-03
1.481003127992153168e-03
1.470293849706649780e-03
1.458587124943733215e-03
1.448245719075202942e-03
1.438325271010398865e-03
1.427022740244865417e-03
1.415817067027091980e-03
1.406540162861347198e-03
1.396425068378448486e-03
1.385438255965709686e-03
1.375576481223106384e-03
1.366249285638332367e-03
1.355630345642566681e-03
1.345113851130008698e-03
1.336431130766868591e-03
1.326838508248329163e-03
1.316253095865249634e-03
1.306291669607162476e-03
1.296795904636383057e-03
1.285996288061141968e-03
1.275569200515747070e-03
1.266416162252426147e-03
1.257051713764667511e-03
1.247108913958072662e-03
1.237953081727027893e-03
1.228819601237773895e-03
1.218711026012897491e-03
1.209259033203125000e-03
1.200618222355842590e-03
1.191190443933010101e-03
1.181355677545070648e-03
1.172365620732307434e-03
1.163116656243801117e-03
1.152840442955493927e-03
1.143479719758033752e-03
1.134882681071758270e-03
1.125041395425796509e-03
1.115296967327594757e-03
1.106627285480499268e-03
1.097619533538818359e-03
1.087706536054611206e-03
1.078969798982143402e-03
1.070666126906871796e-03
1.061136834323406219e-03
1.051983796060085297e-03
1.043061725795269012e-03
1.033736392855644226e-03
1.024248078465461731e-03
1.016154885292053223e-03
1.007585786283016205e-03
9.980741888284683228e-04
9.894231334328651428e-04
9.808959439396858215e-04
9.714309126138687134e-04
9.626327082514762878e-04
9.548915550112724304e-04
9.464798495173454285e-04
9.374357759952545166e-04
9.291330352425575256e-04
9.205248206853866577e-04
9.112097322940826416e-04
9.028147906064987183e-04
8.959984406828880310e-04
8.918689563870429993e-04
8.851243183016777039e-04
8.725114166736602783e-04
8.618282154202461243e-04
8.528456091880798340e-04
8.473554626107215881e-04
8.455775678157806396e-04
8.360855281352996826e-04
8.280975744128227234e-04
8.205724880099296570e-04
8.127512410283088684e-04
8.047521114349365234e-04
7.971096783876419067e-04
7.892604917287826538e-04
7.808506488800048828e-04
7.732408121228218079e-04
7.658265531063079834e-04
7.581757381558418274e-04
7.504764944314956665e-04
7.437793537974357605e-04
7.368447259068489075e-04
7.293857634067535400e-04
7.221046835184097290e-04
7.154326885938644409e-04
7.084868848323822021e-04
7.009170949459075928e-04
6.940355524420738220e-04
6.877100095152854919e-04
6.804373115301132202e-04
6.732605397701263428e-04
6.668614223599433899e-04
6.603943184018135071e-04
6.533516570925712585e-04
6.464729085564613342e-04
6.404817104339599609e-04
6.340090185403823853e-04
6.273183971643447876e-04
6.210599094629287720e-04
6.152149289846420288e-04
6.087860092520713806e-04
6.017647683620452881e-04
5.957083776593208313e-04
5.896072834730148315e-04
5.834735929965972900e-04
5.767587572336196899e-04
5.715005099773406982e-04
5.659917369484901428e-04
5.605053156614303589e-04
5.542058497667312622e-04
5.488200113177299500e-04
5.433196201920509338e-04
5.373405292630195618e-04
5.307951942086219788e-04
5.253069102764129639e-04
5.203466862440109253e-04
5.149655044078826904e-04
5.095228552818298340e-04
5.039479583501815796e-04
4.991823807358741760e-04
4.938039928674697876e-04
4.875846207141876221e-04
4.815990105271339417e-04
4.766518250107765198e-04
4.714578390121459961e-04
4.657022655010223389e-04
4.602670669555664062e-04
4.554083570837974548e-04
4.506371915340423584e-04
4.447055980563163757e-04
4.391064867377281189e-04
4.340726882219314575e-04
4.293136298656463623e-04
4.241988062858581543e-04
4.186928272247314453e-04
4.142113029956817627e-04
4.095165058970451355e-04
4.044072702527046204e-04
3.987010568380355835e-04
3.933543339371681213e-04
3.885813057422637939e-04
3.831768408417701721e-04
3.777146339416503906e-04
3.726091235876083374e-04
3.683799877762794495e-04
3.632474690675735474e-04
3.577740862965583801e-04
3.525419160723686218e-04
3.481404855847358704e-04
3.437632694840431213e-04
3.385702148079872131e-04
3.340058028697967529e-04
3.299582749605178833e-04
3.257095813751220703e-04
3.211144357919692993e-04
3.158170729875564575e-04
3.118412569165229797e-04
3.076689317822456360e-04
3.033466637134552002e-04
2.985149621963500977e-04
2.944739535450935364e-04
2.903919667005538940e-04
2.856766805052757263e-04
2.805218100547790527e-04
2.763811498880386353e-04
2.724733203649520874e-04
2.684285864233970642e-04
2.641612663865089417e-04
2.603810280561447144e-04
2.573160454630851746e-04
2.534249797463417053e-04
2.487581223249435425e-04
2.442961558699607849e-04
2.401908859610557556e-04
2.360865473747253418e-04
2.310508862137794495e-04
2.266382798552513123e-04
2.230014652013778687e-04
2.195080742239952087e-04
2.149119973182678223e-04
2.104258164763450623e-04
2.063121646642684937e-04
2.018790692090988159e-04
1.966767013072967529e-04
1.919111236929893494e-04
1.880852505564689636e-04
1.843422651290893555e-04
1.794295385479927063e-04
1.748371869325637817e-04
1.706220209598541260e-04
1.663453876972198486e-04
1.611951738595962524e-04
1.563578844070434570e-04
1.525105908513069153e-04
1.479908823966979980e-04
1.429459080100059509e-04
1.380946487188339233e-04
1.340201124548912048e-04
1.291539520025253296e-04
1.240894198417663574e-04
1.196525990962982178e-04
1.154737547039985657e-04
1.107361167669296265e-04
1.053130254149436951e-04
1.009618863463401794e-04
9.663030505180358887e-05
9.208358824253082275e-05
8.773617446422576904e-05
8.417759090662002563e-05
8.088443428277969360e-05
7.680896669626235962e-05
7.302220910787582397e-05
6.998609751462936401e-05
6.657745689153671265e-05
6.332062184810638428e-05
6.064772605895996094e-05
5.816761404275894165e-05
5.549006164073944092e-05
5.270633846521377563e-05
5.058664828538894653e-05
4.834402352571487427e-05
4.606880247592926025e-05
3.604777157306671143e-05
2.098735421895980835e-05
1.305434852838516235e-05
6.592832505702972412e-06
5.802139639854431152e-06
9.089708328247070312e-07
-1.622363924980163574e-06
-4.377216100692749023e-06
-4.534609615802764893e-06
-4.517845809459686279e-06
-4.547648131847381592e-06
-4.554167389869689941e-06
-4.558824002742767334e-06
-4.564411938190460205e-06
-4.537403583526611328e-06
-4.531815648078918457e-06
-4.563480615615844727e-06
-4.556961357593536377e-06
-4.511326551437377930e-06
-4.553236067295074463e-06
