-8.289702236652374268e-06
-8.262693881988525391e-06
-8.245930075645446777e-06
-8.279457688331604004e-06
-8.276663720607757568e-06
-8.272007107734680176e-06
-8.261762559413909912e-06
-8.275732398033142090e-06
-8.258037269115447998e-06
-8.269213140010833740e-06
-8.267350494861602783e-06
-8.277595043182373047e-06
-8.233822882175445557e-06
-8.265487849712371826e-06
-8.258968591690063477e-06
-8.278526365756988525e-06
-8.291564881801605225e-06
-8.285045623779296875e-06
-8.274801075458526611e-06
-8.270144462585449219e-06
-8.285976946353912354e-06
-8.277595043182373047e-06
-8.249655365943908691e-06
-8.248724043369293213e-06
-8.284114301204681396e-06
-8.260831236839294434e-06
-8.271075785160064697e-06
-8.277595043182373047e-06
-8.251518011093139648e-06
-8.255243301391601562e-06
-8.258037269115447998e-06
-8.252449333667755127e-06
-8.266419172286987305e-06
-8.269213140010833740e-06
-8.293427526950836182e-06
-8.283182978630065918e-06
-8.267350494861602783e-06
-8.277595043182373047e-06
-8.259899914264678955e-06
-8.283182978630065918e-06
-8.272938430309295654e-06
-8.263625204563140869e-06
-8.295290172100067139e-06
-8.272938430309295654e-06
-8.252449333667755127e-06
-8.272007107734680176e-06
-8.258037269115447998e-06
-8.257105946540832520e-06
-8.292496204376220703e-06
-8.264556527137756348e-06
-8.250586688518524170e-06
-7.543712854385375977e-06
-5.988404154777526855e-06
-4.171393811702728271e-06
-3.062188625335693359e-06
-6.118789315223693848e-07
5.459412932395935059e-06
9.519979357719421387e-06
1.269113272428512573e-05
1.442618668079376221e-05
1.850910484790802002e-05
1.952052116394042969e-05
1.931842416524887085e-05
1.910049468278884888e-05
1.895334571599960327e-05
1.885462552309036255e-05
1.881178468465805054e-05
1.875963062047958374e-05
1.870095729827880859e-05
1.868046820163726807e-05
1.867488026618957520e-05
1.866649836301803589e-05
1.861527562141418457e-05
1.862272620201110840e-05
1.864507794380187988e-05
1.865811645984649658e-05
1.866184175014495850e-05
1.870002597570419312e-05
1.881457865238189697e-05
1.895148307085037231e-05
1.903157681226730347e-05
1.910328865051269531e-05
1.913029700517654419e-05
1.925043761730194092e-05
2.004858106374740601e-05
2.187117934226989746e-05
2.242345362901687622e-05
2.353638410568237305e-05
2.499669790267944336e-05
2.660602331161499023e-05
2.892222255468368530e-05
3.144983202219009399e-05
3.399606794118881226e-05
3.714486956596374512e-05
4.115980118513107300e-05
4.616100341081619263e-05
5.179457366466522217e-05
5.911104381084442139e-05
6.777886301279067993e-05
7.685646414756774902e-05
9.022839367389678955e-05
1.047048717737197876e-04
1.214994117617607117e-04
1.385556533932685852e-04
1.559928059577941895e-04
1.734225079417228699e-04
1.910710707306861877e-04
2.087345346808433533e-04
2.265227958559989929e-04
2.440717071294784546e-04
2.615256235003471375e-04
2.786880359053611755e-04
2.957880496978759766e-04
3.131106495857238770e-04
3.301464021205902100e-04
3.467882052063941956e-04
3.630146384239196777e-04
3.792634233832359314e-04
3.961715847253799438e-04
4.132203757762908936e-04
4.301788285374641418e-04
4.473924636840820312e-04
4.645939916372299194e-04
4.816763103008270264e-04
4.989746958017349243e-04
5.160709843039512634e-04
5.330946296453475952e-04
5.501220002770423889e-04
5.673887208104133606e-04
5.845976993441581726e-04
6.015645340085029602e-04
6.180675700306892395e-04
6.345910951495170593e-04
6.508044898509979248e-04
6.666397675871849060e-04
6.821146234869956970e-04
6.975121796131134033e-04
7.131593301892280579e-04
7.285252213478088379e-04
7.435819134116172791e-04
7.585370913147926331e-04
7.729707285761833191e-04
7.874909788370132446e-04
8.019655942916870117e-04
8.158367127180099487e-04
8.300384506583213806e-04
8.438909426331520081e-04
8.571762591600418091e-04
8.708713576197624207e-04
8.841119706630706787e-04
8.969549089670181274e-04
9.103426709771156311e-04
9.230254217982292175e-04
9.352974593639373779e-04
9.481757879257202148e-04
9.602792561054229736e-04
9.718192741274833679e-04
9.842291474342346191e-04
9.957961738109588623e-04
1.006593927741050720e-03
1.017201691865921021e-03
1.027475111186504364e-03
1.037653535604476929e-03
1.047777943313121796e-03
1.058464869856834412e-03
1.068810932338237762e-03
1.079064793884754181e-03
1.089873723685741425e-03
1.100066117942333221e-03
1.110091805458068848e-03
1.120178960263729095e-03
1.130226999521255493e-03
1.139720901846885681e-03
1.149270683526992798e-03
1.159192062914371490e-03
1.168956980109214783e-03
1.178393140435218811e-03
1.187940128147602081e-03
1.197741366922855377e-03
1.207528635859489441e-03
1.217014156281948090e-03
1.226379536092281342e-03
1.235858537256717682e-03
1.245097257196903229e-03
1.252735964953899384e-03
1.259787008166313171e-03
1.265543513000011444e-03
1.269974745810031891e-03
1.274960115551948547e-03
1.279059797525405884e-03
1.282455399632453918e-03
1.284463331103324890e-03
1.284427009522914886e-03
1.283581368625164032e-03
1.282796263694763184e-03
1.282158307731151581e-03
1.281641423702239990e-03
1.281145028769969940e-03
1.280697993934154510e-03
1.280338503420352936e-03
1.279956661164760590e-03
1.279610209167003632e-03
1.279301010072231293e-03
1.278988085687160492e-03
1.278712414205074310e-03
1.278428360819816589e-03
1.278188079595565796e-03
1.277967356145381927e-03
1.277707517147064209e-03
1.277504488825798035e-03
1.277293078601360321e-03
1.277123577892780304e-03
1.276911236345767975e-03
1.276740804314613342e-03
1.276580616831779480e-03
1.276387833058834076e-03
1.276229508221149445e-03
1.276105642318725586e-03
1.275960355997085571e-03
1.275819726288318634e-03
1.275683753192424774e-03
1.275521703064441681e-03
1.275419257581233978e-03
1.275288872420787811e-03
1.275149174034595490e-03
1.275032758712768555e-03
1.274919137358665466e-03
1.274747774004936218e-03
1.274542883038520813e-03
1.274421811103820801e-03
1.274322159588336945e-03
1.274186186492443085e-03
1.274019479751586914e-03
1.273923553526401520e-03
1.273751258850097656e-03
1.273677684366703033e-03
1.273488625884056091e-03
1.273384317755699158e-03
1.273232512176036835e-03
1.273098401725292206e-03
1.272965222597122192e-03
1.272793859243392944e-03
1.272650435566902161e-03
1.272491179406642914e-03
1.272312365472316742e-03
1.272047869861125946e-03
1.269817352294921875e-03
1.263544894754886627e-03
1.255004666745662689e-03
1.243351027369499207e-03
1.229618676006793976e-03
1.216306351125240326e-03
1.201681792736053467e-03
1.188052818179130554e-03
1.172413118183612823e-03
1.155760139226913452e-03
1.138204708695411682e-03
1.119726337492465973e-03
1.099781133234500885e-03
1.079150475561618805e-03
1.057228073477745056e-03
1.035138964653015137e-03
1.011917367577552795e-03
9.877420961856842041e-04
9.626299142837524414e-04
9.363638237118721008e-04
9.094756096601486206e-04
8.821608498692512512e-04
8.530616760253906250e-04
8.236942812800407410e-04
7.936814799904823303e-04
7.627932354807853699e-04
7.314523681998252869e-04
7.002037018537521362e-04
6.690379232168197632e-04
6.398502737283706665e-04
6.143087521195411682e-04
5.855774506926536560e-04
5.573527887463569641e-04
5.301246419548988342e-04
5.036219954490661621e-04
4.777424037456512451e-04
4.521468654274940491e-04
4.270682111382484436e-04
4.025856032967567444e-04
3.784066066145896912e-04
3.549680113792419434e-04
3.327643498778343201e-04
3.125676885247230530e-04
2.924725413322448730e-04
2.725459635257720947e-04
2.528298646211624146e-04
2.330336719751358032e-04
2.132486552000045776e-04
1.941500231623649597e-04
1.754304394125938416e-04
1.566130667924880981e-04
1.380266621708869934e-04
1.192307099699974060e-04
1.000845804810523987e-04
8.144788444042205811e-05
6.348546594381332397e-05
4.914682358503341675e-05
3.668386489152908325e-05
2.735201269388198853e-05
2.108328044414520264e-05
1.511257141828536987e-05
1.161824911832809448e-05
7.983297109603881836e-06
5.102716386318206787e-06
8.288770914077758789e-07
-1.383014023303985596e-06
-3.778375685214996338e-06
-6.287358701229095459e-06
-8.104369044303894043e-06
-8.276663720607757568e-06
-8.266419172286987305e-06
-8.296221494674682617e-06
-8.287839591503143311e-06
-8.300878107547760010e-06
-8.244998753070831299e-06
-8.272938430309295654e-06
-8.284114301204681396e-06
-8.276663720607757568e-06
-8.255243301391601562e-06
-8.286908268928527832e-06
-8.287839591503143311e-06
-8.277595043182373047e-06
-8.309260010719299316e-06
