-4.642643034458160400e-06
-4.609115421772003174e-06
-4.623085260391235352e-06
-4.637055099010467529e-06
-4.628673195838928223e-06
-4.623085260391235352e-06
-4.610978066921234131e-06
-4.606321454048156738e-06
-4.626810550689697266e-06
-4.606321454048156738e-06
-4.619359970092773438e-06
-4.643574357032775879e-06
-4.623085260391235352e-06
-4.637986421585083008e-06
-4.637986421585083008e-06
-4.620291292667388916e-06
-4.621222615242004395e-06
-4.641711711883544922e-06
-4.586763679981231689e-06
-4.625879228115081787e-06
-4.628673195838928223e-06
-4.632398486137390137e-06
-4.600733518600463867e-06
-4.611909389495849609e-06
-4.611909389495849609e-06
-4.603527486324310303e-06
-4.608184099197387695e-06
-4.624947905540466309e-06
-4.600733518600463867e-06
-4.608184099197387695e-06
-4.628673195838928223e-06
-4.610046744346618652e-06
-4.607252776622772217e-06
-4.622153937816619873e-06
-4.610046744346618652e-06
-4.617497324943542480e-06
-4.616566002368927002e-06
-4.627741873264312744e-06
-4.624016582965850830e-06
-4.610046744346618652e-06
-4.660338163375854492e-06
-4.612840712070465088e-06
-4.616566002368927002e-06
-4.609115421772003174e-06
-4.635192453861236572e-06
-4.622153937816619873e-06
-4.624016582965850830e-06
-4.630535840988159180e-06
-4.609115421772003174e-06
-4.598870873451232910e-06
-4.614703357219696045e-06
-1.991167664527893066e-06
-1.329928636550903320e-06
1.569278538227081299e-06
2.963468432426452637e-06
8.262693881988525391e-06
1.748278737068176270e-05
2.084579318761825562e-05
2.428423613309860229e-05
2.820044755935668945e-05
3.168173134326934814e-05
3.165565431118011475e-05
3.134831786155700684e-05
3.115367144346237183e-05
3.102887421846389771e-05
3.090873360633850098e-05
3.083888441324234009e-05
3.079324960708618164e-05
3.077648580074310303e-05
3.071874380111694336e-05
3.067869693040847778e-05
3.065634518861770630e-05
3.060977905988693237e-05
3.065355122089385986e-05
3.067869693040847778e-05
3.067310899496078491e-05
3.070756793022155762e-05
3.080535680055618286e-05
3.098323941230773926e-05
3.115553408861160278e-05
3.124028444290161133e-05
3.129336982965469360e-05
3.138184547424316406e-05
3.162771463394165039e-05
3.418326377868652344e-05
3.514531999826431274e-05
3.623310476541519165e-05
3.799516707658767700e-05
4.001427441835403442e-05
4.246830940246582031e-05
4.575122147798538208e-05
4.897359758615493774e-05
5.267374217510223389e-05
5.726236850023269653e-05
6.322935223579406738e-05
7.011368870735168457e-05
7.860455662012100220e-05
8.888728916645050049e-05
1.005046069622039795e-04
1.152735203504562378e-04
1.330925151705741882e-04
1.538507640361785889e-04
1.762947067618370056e-04
1.987321302294731140e-04
2.219593152403831482e-04
2.446137368679046631e-04
2.680979669094085693e-04
2.910289913415908813e-04
3.144573420286178589e-04
3.373371437191963196e-04
3.601461648941040039e-04
3.823796287178993225e-04
4.050740972161293030e-04
4.275217652320861816e-04
4.495549947023391724e-04
4.711998626589775085e-04
4.923855885863304138e-04
5.142427980899810791e-04
5.366010591387748718e-04
5.588065832853317261e-04
5.811266601085662842e-04
6.037130951881408691e-04
6.259456276893615723e-04
6.485991179943084717e-04
6.711948662996292114e-04
6.936760619282722473e-04
7.160315290093421936e-04
7.383944466710090637e-04
7.608858868479728699e-04
7.833009585738182068e-04
8.053174242377281189e-04
8.270377293229103088e-04
8.485298603773117065e-04
8.694073185324668884e-04
8.899038657546043396e-04
9.102458134293556213e-04
9.305011481046676636e-04
9.508067741990089417e-04
9.707519784569740295e-04
9.905938059091567993e-04
1.009903848171234131e-03
1.028465107083320618e-03
1.047797501087188721e-03
1.066361553966999054e-03
1.084585674107074738e-03
1.103106886148452759e-03
1.120916567742824554e-03
1.138546504080295563e-03
1.156199723482131958e-03
1.173233613371849060e-03
1.190551556646823883e-03
1.207540743052959442e-03
1.223912462592124939e-03
1.240424811840057373e-03
1.256846822798252106e-03
1.272179186344146729e-03
1.287894323468208313e-03
1.303681172430515289e-03
1.318528316915035248e-03
1.332296058535575867e-03
1.346146687865257263e-03
1.359587535262107849e-03
1.372575759887695312e-03
1.386429183185100555e-03
1.400088891386985779e-03
1.413688994944095612e-03
1.427305862307548523e-03
1.441278494894504547e-03
1.454444602131843567e-03
1.467416062951087952e-03
1.480920240283012390e-03
1.493467018008232117e-03
1.506084576249122620e-03
1.518549397587776184e-03
1.531852409243583679e-03
1.543981954455375671e-03
1.556607894599437714e-03
1.569096930325031281e-03
1.582288183271884918e-03
1.594524830579757690e-03
1.607106998562812805e-03
1.619237475097179413e-03
1.631753519177436829e-03
1.642791554331779480e-03
1.652520149946212769e-03
1.660916022956371307e-03
1.667613163590431213e-03
1.673616468906402588e-03
1.679242588579654694e-03
1.684332266449928284e-03
1.687197946012020111e-03
1.689828932285308838e-03
1.688743010163307190e-03
1.687712967395782471e-03
1.686834730207920074e-03
1.686090603470802307e-03
1.685442402958869934e-03
1.684810966253280640e-03
1.684268936514854431e-03
1.683788374066352844e-03
1.683341339230537415e-03
1.682884059846401215e-03
1.682483591139316559e-03
1.682123169302940369e-03
1.681769266724586487e-03
1.681422814726829529e-03
1.681090332567691803e-03
1.680794171988964081e-03
1.680514775216579437e-03
1.680244691669940948e-03
1.680010929703712463e-03
1.679745502769947052e-03
1.679495908319950104e-03
1.679277978837490082e-03
1.679036766290664673e-03
1.678854227066040039e-03
1.678668893873691559e-03
1.678486354649066925e-03
1.678291708230972290e-03
1.678096130490303040e-03
1.677907072007656097e-03
1.677747815847396851e-03
1.677595078945159912e-03
1.677429303526878357e-03
1.677268184721469879e-03
1.677091233432292938e-03
1.676951535046100616e-03
1.676639541983604431e-03
1.676494255661964417e-03
1.676294952630996704e-03
1.676145009696483612e-03
1.675985753536224365e-03
1.675789244472980499e-03
1.675646752119064331e-03
1.675463281571865082e-03
1.675262115895748138e-03
1.675098203122615814e-03
1.674911007285118103e-03
1.674748025834560394e-03
1.674553379416465759e-03
1.674400642514228821e-03
1.674185506999492645e-03
1.673973165452480316e-03
1.673762686550617218e-03
1.673514023423194885e-03
1.672834157943725586e-03
1.667020842432975769e-03
1.657133921980857849e-03
1.644275151193141937e-03
1.627242192625999451e-03
1.609633676707744598e-03
1.591381616890430450e-03
1.572974957525730133e-03
1.554255373775959015e-03
1.532640308141708374e-03
1.510655507445335388e-03
1.487292349338531494e-03
1.461738720536231995e-03
1.435550861060619354e-03
1.408031210303306580e-03
1.379124820232391357e-03
1.349645666778087616e-03
1.318230293691158295e-03
1.286252401769161224e-03
1.252490095794200897e-03
1.218056306242942810e-03
1.182651147246360779e-03
1.145985908806324005e-03
1.107692718505859375e-03
1.068470068275928497e-03
1.028917729854583740e-03
9.883092716336250305e-04
9.466921910643577576e-04
9.060883894562721252e-04
8.658310398459434509e-04
8.319821208715438843e-04
7.951557636260986328e-04
7.575266063213348389e-04
7.208054885268211365e-04
6.862664595246315002e-04
6.516026332974433899e-04
6.175385788083076477e-04
5.843751132488250732e-04
5.524642765522003174e-04
5.198279395699501038e-04
4.885680973529815674e-04
4.587061703205108643e-04
4.305727779865264893e-04
4.044296219944953918e-04
3.785425797104835510e-04
3.517521545290946960e-04
3.261808305978775024e-04
3.004986792802810669e-04
2.741683274507522583e-04
2.498179674148559570e-04
2.252776175737380981e-04
2.001887187361717224e-04
1.756567507982254028e-04
1.513082534074783325e-04
1.258878037333488464e-04
1.015989109873771667e-04
8.036009967327117920e-05
6.257183849811553955e-05
4.806648939847946167e-05
3.811344504356384277e-05
2.991966903209686279e-05
2.355780452489852905e-05
1.932773739099502563e-05
1.507624983787536621e-05
1.158099621534347534e-05
5.057081580162048340e-06
4.139728844165802002e-06
-7.888302206993103027e-07
-2.661719918251037598e-06
-4.649162292480468750e-06
-4.601664841175079346e-06
-4.583038389682769775e-06
-4.637055099010467529e-06
-4.615634679794311523e-06
-4.573725163936614990e-06
-4.601664841175079346e-06
-4.625879228115081787e-06
-4.605390131473541260e-06
-4.596076905727386475e-06
-4.556030035018920898e-06
-4.608184099197387695e-06
-4.593282938003540039e-06
-4.615634679794311523e-06
