-8.290633559226989746e-06
-8.299015462398529053e-06
-8.257105946540832520e-06
-8.279457688331604004e-06
-8.244067430496215820e-06
-8.264556527137756348e-06
-8.267350494861602783e-06
-8.295290172100067139e-06
-8.258968591690063477e-06
-8.276663720607757568e-06
-8.293427526950836182e-06
-8.268281817436218262e-06
-8.272007107734680176e-06
-8.263625204563140869e-06
-8.292496204376220703e-06
-8.272938430309295654e-06
-8.290633559226989746e-06
-8.271075785160064697e-06
-8.290633559226989746e-06
-8.285045623779296875e-06
-8.269213140010833740e-06
-8.272938430309295654e-06
-8.277595043182373047e-06
-8.264556527137756348e-06
-8.301809430122375488e-06
-8.279457688331604004e-06
-8.276663720607757568e-06
-8.274801075458526611e-06
-8.276663720607757568e-06
-8.281320333480834961e-06
-8.297152817249298096e-06
-8.256174623966217041e-06
-8.255243301391601562e-06
-8.262693881988525391e-06
-8.255243301391601562e-06
-8.277595043182373047e-06
-8.293427526950836182e-06
-8.266419172286987305e-06
-8.267350494861602783e-06
-8.278526365756988525e-06
-8.261762559413909912e-06
-8.264556527137756348e-06
-8.259899914264678955e-06
-8.282251656055450439e-06
-8.278526365756988525e-06
-8.283182978630065918e-06
-8.267350494861602783e-06
-8.268281817436218262e-06
-6.345100700855255127e-06
-5.247071385383605957e-06
-3.366731107234954834e-06
-2.291984856128692627e-06
2.195127308368682861e-06
8.127652108669281006e-06
1.127645373344421387e-05
1.336541026830673218e-05
1.755077391862869263e-05
2.168864011764526367e-05
2.635363489389419556e-05
3.249570727348327637e-05
3.905501216650009155e-05
4.333257675170898438e-05
4.297960549592971802e-05
4.254002124071121216e-05
4.220195114612579346e-05
4.196632653474807739e-05
4.177447408437728882e-05
4.165899008512496948e-05
4.152581095695495605e-05
4.141312092542648315e-05
4.136655479669570923e-05
4.127342253923416138e-05
4.123803228139877319e-05
4.119426012039184570e-05
4.122219979763031006e-05
4.120077937841415405e-05
4.127342253923416138e-05
4.142336547374725342e-05
4.156492650508880615e-05
4.167854785919189453e-05
4.174187779426574707e-05
4.178006201982498169e-05
4.193186759948730469e-05
4.431232810020446777e-05
4.746206104755401611e-05
4.974659532308578491e-05
5.260948091745376587e-05
5.631800740957260132e-05
6.033852696418762207e-05
6.478559225797653198e-05
6.939377635717391968e-05
7.467251271009445190e-05
8.199550211429595947e-05
9.111128747463226318e-05
1.009581610560417175e-04
1.129657030105590820e-04
1.260489225387573242e-04
1.399908214807510376e-04
1.550829038023948669e-04
1.707412302494049072e-04
1.876410096883773804e-04
2.050958573818206787e-04
2.232184633612632751e-04
2.407031133770942688e-04
2.585072070360183716e-04
2.758903428912162781e-04
2.934383228421211243e-04
3.109760582447052002e-04
3.281319513916969299e-04
3.448063507676124573e-04
3.614723682403564453e-04
3.779511898756027222e-04
3.948574885725975037e-04
4.120497032999992371e-04
4.291404038667678833e-04
4.462162032723426819e-04
4.631942138075828552e-04
4.802169278264045715e-04
4.974035546183586121e-04
5.144700407981872559e-04
5.312832072377204895e-04
5.483664572238922119e-04
5.656434223055839539e-04
5.825711414217948914e-04
5.998276174068450928e-04
6.166463717818260193e-04
6.330236792564392090e-04
6.486363708972930908e-04
6.646374240517616272e-04
6.807222962379455566e-04
6.965491920709609985e-04
7.118731737136840820e-04
7.272316142916679382e-04
7.428303360939025879e-04
7.580192759633064270e-04
7.724743336439132690e-04
7.873792201280593872e-04
8.019506931304931641e-04
8.161263540387153625e-04
8.305488154292106628e-04
8.446592837572097778e-04
8.584503084421157837e-04
8.720485493540763855e-04
8.853934705257415771e-04
8.990364149212837219e-04
9.122733026742935181e-04
9.249998256564140320e-04
9.376266971230506897e-04
9.500095620751380920e-04
9.621186181902885437e-04
9.743971750140190125e-04
9.869318455457687378e-04
9.989067912101745605e-04
1.010436564683914185e-03
1.022417098283767700e-03
1.033590175211429596e-03
1.043275929987430573e-03
1.052109524607658386e-03
1.060221344232559204e-03
1.067244447767734528e-03
1.073266379535198212e-03
1.078723929822444916e-03
1.084228046238422394e-03
1.088900491595268250e-03
1.092819496989250183e-03
1.095568761229515076e-03
1.097637228667736053e-03
1.098412089049816132e-03
1.098301261663436890e-03
1.100008375942707062e-03
1.099469140172004700e-03
1.098787412047386169e-03
1.098172739148139954e-03
1.097694039344787598e-03
1.097237691283226013e-03
1.096755266189575195e-03
1.096370629966259003e-03
1.095946878194808960e-03
1.095613464713096619e-03
1.095256768167018890e-03
1.094933599233627319e-03
1.094632782042026520e-03
1.094315201044082642e-03
1.094039529561996460e-03
1.093800179660320282e-03
1.093565486371517181e-03
1.093340106308460236e-03
1.093110069632530212e-03
1.092901453375816345e-03
1.092715188860893250e-03
1.092549413442611694e-03
1.092377118766307831e-03
1.092201098799705505e-03
1.092075370252132416e-03
1.091904006898403168e-03
1.091722398996353149e-03
1.091577112674713135e-03
1.091426238417625427e-03
1.091253943741321564e-03
1.091079786419868469e-03
1.090907491743564606e-03
1.090713776648044586e-03
1.090484671294689178e-03
1.090194098651409149e-03
1.088730059564113617e-03
1.082282513380050659e-03
1.072602346539497375e-03
1.060789451003074646e-03
1.048489473760128021e-03
1.033905893564224243e-03
1.018666662275791168e-03
1.004458405077457428e-03
9.894017130136489868e-04
9.727282449603080750e-04
9.555052965879440308e-04
9.368872269988059998e-04
9.168181568384170532e-04
8.962862193584442139e-04
8.746525272727012634e-04
8.522644639015197754e-04
8.291741833090782166e-04
8.052475750446319580e-04
7.803477346897125244e-04
7.548285648226737976e-04
7.287021726369857788e-04
7.015885785222053528e-04
6.783613935112953186e-04
6.514955312013626099e-04
6.231674924492835999e-04
5.938690155744552612e-04
5.652345716953277588e-04
5.362667143344879150e-04
5.087163299322128296e-04
4.813093692064285278e-04
4.543066024780273438e-04
4.291739314794540405e-04
4.044249653816223145e-04
3.802664577960968018e-04
3.572925925254821777e-04
3.339992836117744446e-04
3.109034150838851929e-04
2.881735563278198242e-04
2.659047022461891174e-04
2.435566857457160950e-04
2.215141430497169495e-04
2.002166584134101868e-04
1.803431659936904907e-04
1.615099608898162842e-04
1.424122601747512817e-04
1.234812662005424500e-04
1.044375821948051453e-04
8.546654134988784790e-05
6.699655205011367798e-05
5.175732076168060303e-05
3.891251981258392334e-05
2.918392419815063477e-05
2.279970794916152954e-05
1.622363924980163574e-05
8.780509233474731445e-06
4.057772457599639893e-06
-7.543712854385375977e-08
-1.071020960807800293e-06
-5.313195288181304932e-06
-6.666406989097595215e-06
-8.281320333480834961e-06
-8.278526365756988525e-06
-8.282251656055450439e-06
-8.268281817436218262e-06
-8.285045623779296875e-06
-8.277595043182373047e-06
-8.308328688144683838e-06
-8.287839591503143311e-06
-8.318573236465454102e-06
-8.290633559226989746e-06
-8.284114301204681396e-06
-8.272938430309295654e-06
-8.290633559226989746e-06
