-4.592351615428924561e-06
-4.597008228302001953e-06
-4.578381776809692383e-06
-4.568137228488922119e-06
-4.535540938377380371e-06
-4.569999873638153076e-06
-4.578381776809692383e-06
-4.597939550876617432e-06
-4.583969712257385254e-06
-4.584901034832000732e-06
-4.591420292854309082e-06
-4.547648131847381592e-06
-4.560686647891998291e-06
-4.566274583339691162e-06
-4.595145583152770996e-06
-4.580244421958923340e-06
-4.569068551063537598e-06
-4.558824002742767334e-06
-4.556030035018920898e-06
-4.566274583339691162e-06
-4.581175744533538818e-06
-4.583969712257385254e-06
-4.580244421958923340e-06
-4.564411938190460205e-06
-4.586763679981231689e-06
-4.576519131660461426e-06
-4.594214260578155518e-06
-4.567205905914306641e-06
-4.575587809085845947e-06
-4.570931196212768555e-06
-4.569999873638153076e-06
-4.560686647891998291e-06
-4.584901034832000732e-06
-4.603527486324310303e-06
-4.557892680168151855e-06
-4.577450454235076904e-06
-4.562549293041229248e-06
-4.629604518413543701e-06
-4.569068551063537598e-06
-4.599802196025848389e-06
-4.555098712444305420e-06
-4.550442099571228027e-06
-4.579313099384307861e-06
-4.591420292854309082e-06
-4.583038389682769775e-06
-4.579313099384307861e-06
-4.553236067295074463e-06
-4.569999873638153076e-06
-1.530162990093231201e-06
8.745118975639343262e-07
2.444721758365631104e-06
5.741603672504425049e-06
1.373700797557830811e-05
1.896638423204421997e-05
2.234987914562225342e-05
2.554710954427719116e-05
3.213528543710708618e-05
3.759097307920455933e-05
4.481896758079528809e-05
5.275849252939224243e-05
6.112363189458847046e-05
6.303843110799789429e-05
6.240233778953552246e-05
6.185565143823623657e-05
6.142072379589080811e-05
6.119068711996078491e-05
6.097555160522460938e-05
6.081908941268920898e-05
6.069336086511611938e-05
6.060767918825149536e-05
6.049126386642456055e-05
6.039999425411224365e-05
6.034597754478454590e-05
6.030127406120300293e-05
6.032083183526992798e-05
6.037391722202301025e-05
6.049871444702148438e-05
6.073061376810073853e-05
6.088241934776306152e-05
6.095040589570999146e-05
6.103143095970153809e-05
6.118696182966232300e-05
6.182957440614700317e-05
6.667058914899826050e-05
7.002707570791244507e-05
7.325876504182815552e-05
7.761456072330474854e-05
8.267350494861602783e-05
8.824840188026428223e-05
9.428150951862335205e-05
1.005921512842178345e-04
1.083472743630409241e-04
1.197140663862228394e-04
1.319618895649909973e-04
1.462502405047416687e-04
1.629423350095748901e-04
1.805443316698074341e-04
1.994725316762924194e-04
2.198014408349990845e-04
2.410374581813812256e-04
2.637682482600212097e-04
2.871369943022727966e-04
3.106174990534782410e-04
3.335820510983467102e-04
3.568194806575775146e-04
3.796182572841644287e-04
4.027076065540313721e-04
4.255026578903198242e-04
4.475489258766174316e-04
4.693465307354927063e-04
4.909485578536987305e-04
5.128467455506324768e-04
5.352655425667762756e-04
5.578147247433662415e-04
5.802940577268600464e-04
6.026215851306915283e-04
6.248466670513153076e-04
6.471574306488037109e-04
6.696162745356559753e-04
6.917715072631835938e-04
7.140059024095535278e-04
7.367357611656188965e-04
7.590129971504211426e-04
7.813917472958564758e-04
8.037565276026725769e-04
8.255215361714363098e-04
8.465014398097991943e-04
8.670706301927566528e-04
8.881622925400733948e-04
9.091375395655632019e-04
9.296312928199768066e-04
9.496053680777549744e-04
9.697638452053070068e-04
9.902166202664375305e-04
1.009528525173664093e-03
1.028674654662609100e-03
1.048061996698379517e-03
1.066954806447029114e-03
1.085727475583553314e-03
1.104372553527355194e-03
1.122573390603065491e-03
1.140691339969635010e-03
1.158285886049270630e-03
1.175789162516593933e-03
1.193686388432979584e-03
1.210607588291168213e-03
1.227002590894699097e-03
1.243636943399906158e-03
1.259638927876949310e-03
1.275333575904369354e-03
1.291924156248569489e-03
1.307892613112926483e-03
1.323125325143337250e-03
1.338562928140163422e-03
1.353955827653408051e-03
1.367612741887569427e-03
1.379631459712982178e-03
1.390853896737098694e-03
1.400765962898731232e-03
1.409213058650493622e-03
1.416692510247230530e-03
1.423886977136135101e-03
1.430756412446498871e-03
1.436050981283187866e-03
1.439938321709632874e-03
1.443215645849704742e-03
1.446277834475040436e-03
1.445519737899303436e-03
1.447557471692562103e-03
1.447849906980991364e-03
1.446972601115703583e-03
1.446186564862728119e-03
1.445461995899677277e-03
1.444824971258640289e-03
1.444220542907714844e-03
1.443687826395034790e-03
1.443118788301944733e-03
1.442629843950271606e-03
1.442196778953075409e-03
1.441754400730133057e-03
1.441352069377899170e-03
1.440981402993202209e-03
1.440601423382759094e-03
1.440249383449554443e-03
1.439923420548439026e-03
1.439593732357025146e-03
1.439326442778110504e-03
1.439042389392852783e-03
1.438778825104236603e-03
1.438562758266925812e-03
1.438351348042488098e-03
1.438116654753684998e-03
1.437907107174396515e-03
1.437699422240257263e-03
1.437510363757610321e-03
1.437320373952388763e-03
1.437124796211719513e-03
1.436908729374408722e-03
1.436687074601650238e-03
1.436437480151653290e-03
1.436220481991767883e-03
1.435918733477592468e-03
1.435600221157073975e-03
1.434987410902976990e-03
1.429698430001735687e-03
1.419191248714923859e-03
1.404798589646816254e-03
1.389078795909881592e-03
1.371878199279308319e-03
1.351431012153625488e-03
1.332930289208889008e-03
1.313470304012298584e-03
1.293226145207881927e-03
1.270718872547149658e-03
1.247287727892398834e-03
1.222387887537479401e-03
1.195506192743778229e-03
1.167968846857547760e-03
1.138771884143352509e-03
1.109409146010875702e-03
1.078452914953231812e-03
1.046913675963878632e-03
1.013264991343021393e-03
9.800381958484649658e-04
9.447047486901283264e-04
9.111305698752403259e-04
8.800150826573371887e-04
8.434774354100227356e-04
8.050613105297088623e-04
7.670391350984573364e-04
7.297312840819358826e-04
6.920406594872474670e-04
6.561484187841415405e-04
6.206147372722625732e-04
5.866158753633499146e-04
5.534347146749496460e-04
5.217138677835464478e-04
4.909606650471687317e-04
4.601916298270225525e-04
4.300195723772048950e-04
3.998000174760818481e-04
3.701271489262580872e-04
3.412840887904167175e-04
3.120889887213706970e-04
2.830782905220985413e-04
2.565039321780204773e-04
2.308050170540809631e-04
2.062022686004638672e-04
1.812390983104705811e-04
1.562014222145080566e-04
1.310277730226516724e-04
1.062862575054168701e-04
8.391495794057846069e-05
6.535369902849197388e-05
5.064159631729125977e-05
4.013534635305404663e-05
3.205891698598861694e-05
2.234149724245071411e-05
1.314096152782440186e-05
7.261522114276885986e-06
5.870126187801361084e-06
2.273358404636383057e-06
-1.237727701663970947e-06
-3.771856427192687988e-06
-4.550442099571228027e-06
-4.485249519348144531e-06
-4.561617970466613770e-06
-4.558824002742767334e-06
-4.562549293041229248e-06
-4.527159035205841064e-06
-4.569999873638153076e-06
-4.545785486698150635e-06
-4.545785486698150635e-06
-4.556030035018920898e-06
-4.531815648078918457e-06
-4.521571099758148193e-06
-4.542991518974304199e-06
