-7.100403308868408203e-06
-7.117167115211486816e-06
-7.137656211853027344e-06
-7.146969437599182129e-06
-7.168389856815338135e-06
-7.155351340770721436e-06
-7.150694727897644043e-06
-7.092952728271484375e-06
-7.108785212039947510e-06
-6.901100277900695801e-06
-5.699694156646728516e-06
-5.446374416351318359e-06
-4.940666258335113525e-06
-4.426576197147369385e-06
-3.173947334289550781e-06
-2.444721758365631104e-06
-2.128072082996368408e-06
-1.800246536731719971e-06
-1.651234924793243408e-06
-1.517124474048614502e-06
-1.425854861736297607e-06
-1.188367605209350586e-06
-9.937211871147155762e-07
-8.353963494300842285e-07
-7.636845111846923828e-07
-7.199123501777648926e-07
1.415610313415527344e-07
1.925043761730194092e-06
2.862885594367980957e-06
3.476627171039581299e-06
4.029832780361175537e-06
4.507601261138916016e-06
5.002133548259735107e-06
5.614012479782104492e-06
6.240792572498321533e-06
6.852671504020690918e-06
7.408671081066131592e-06
7.889233529567718506e-06
8.572824299335479736e-06
9.476207196712493896e-06
1.036841422319412231e-05
1.124572008848190308e-05
1.209974288940429688e-05
1.311022788286209106e-05
1.416727900505065918e-05
1.515354961156845093e-05
1.588277518749237061e-05
1.673027873039245605e-05
1.772027462720870972e-05
1.870840787887573242e-05
1.977849751710891724e-05
2.083554863929748535e-05
2.197455614805221558e-05
2.300925552845001221e-05
2.468377351760864258e-05
2.684351056814193726e-05
2.913177013397216797e-05
3.203097730875015259e-05
3.584567457437515259e-05
3.906060010194778442e-05
3.788340836763381958e-05
3.583729267120361328e-05
3.466848284006118774e-05
3.387127071619033813e-05
3.325194120407104492e-05
3.278255462646484375e-05
3.235694020986557007e-05
3.202166408300399780e-05
3.168452531099319458e-05
3.137066960334777832e-05
3.110896795988082886e-05
3.087148070335388184e-05
3.063771873712539673e-05
3.043375909328460693e-05
3.018416464328765869e-05
3.003887832164764404e-05
2.984609454870223999e-05
2.967659384012222290e-05
2.954620867967605591e-05
2.943538129329681396e-05
2.938229590654373169e-05
3.070570528507232666e-05
3.325007855892181396e-05
3.554206341505050659e-05
3.819540143013000488e-05
4.065036773681640625e-05
4.235468804836273193e-05
4.393048584461212158e-05
4.598498344421386719e-05
4.844460636377334595e-05
5.142297595739364624e-05
5.492102354764938354e-05
5.882605910301208496e-05
6.306264549493789673e-05
6.791204214096069336e-05
7.347948849201202393e-05
8.128117769956588745e-05
9.025447070598602295e-05
1.008436083793640137e-04
1.125363633036613464e-04
1.254137605428695679e-04
1.393556594848632812e-04
1.543918624520301819e-04
1.709088683128356934e-04
1.882519572973251343e-04
2.058576792478561401e-04
2.238620072603225708e-04
2.423990517854690552e-04
2.633472904562950134e-04
2.851970493793487549e-04
3.088023513555526733e-04
3.336835652589797974e-04
3.602094948291778564e-04
3.887200728058815002e-04
4.195636138319969177e-04
4.517296329140663147e-04
4.846835508942604065e-04
5.188398063182830811e-04
5.533313378691673279e-04
5.891248583793640137e-04
6.248820573091506958e-04
6.616506725549697876e-04
6.985217332839965820e-04
7.368689402937889099e-04
7.748277857899665833e-04
8.114129304885864258e-04
8.469354361295700073e-04
8.809911087155342102e-04
9.127091616392135620e-04
9.434577077627182007e-04
9.721564128994941711e-04
9.997719898819923401e-04
1.026289537549018860e-03
1.051131635904312134e-03
1.075024716556072235e-03
1.097266562283039093e-03
1.118997111916542053e-03
1.139572821557521820e-03
1.158933155238628387e-03
1.177537254989147186e-03
1.195093616843223572e-03
1.210901886224746704e-03
1.226665452122688293e-03
1.241263002157211304e-03
1.254787668585777283e-03
1.266329549252986908e-03
1.275958493351936340e-03
1.285829581320285797e-03
1.295405440032482147e-03
1.304010860621929169e-03
1.310902647674083710e-03
1.317971386015415192e-03
1.324738375842571259e-03
1.329814083874225616e-03
1.334108412265777588e-03
1.337460242211818695e-03
1.338978298008441925e-03
1.339502632617950439e-03
1.339991576969623566e-03
1.339891925454139709e-03
1.338938251137733459e-03
1.337989233434200287e-03
1.337097957730293274e-03
1.336306333541870117e-03
1.335601322352886200e-03
1.334925182163715363e-03
1.334327273070812225e-03
1.333703286945819855e-03
1.333134248852729797e-03
1.332588493824005127e-03
1.332070678472518921e-03
1.331551931798458099e-03
1.331075094640254974e-03
1.330618746578693390e-03
1.330191269516944885e-03
1.329742372035980225e-03
1.329353079199790955e-03
1.328934915363788605e-03
1.328551210463047028e-03
1.328184269368648529e-03
1.327794976532459259e-03
1.327409408986568451e-03
1.327049918472766876e-03
1.326662488281726837e-03
1.325638033449649811e-03
1.321371644735336304e-03
1.316401176154613495e-03
1.310285180807113647e-03
1.302531920373439789e-03
1.293404959142208099e-03
1.283444464206695557e-03
1.274113543331623077e-03
1.265174709260463715e-03
1.256000250577926636e-03
1.247812062501907349e-03
1.239943318068981171e-03
1.231841742992401123e-03
1.223216764628887177e-03
1.215133816003799438e-03
1.207106746733188629e-03
1.198471523821353912e-03
1.190236769616603851e-03
1.182354055345058441e-03
1.173742115497589111e-03
1.165107823908329010e-03
1.157361082732677460e-03
1.149245537817478180e-03
1.141002401709556580e-03
1.133218407630920410e-03
1.125602051615715027e-03
1.117179170250892639e-03
1.109073869884014130e-03
1.101271249353885651e-03
1.092526130378246307e-03
1.084233634173870087e-03
1.076562330126762390e-03
1.068443991243839264e-03
1.060022041201591492e-03
1.052374951541423798e-03
1.044407486915588379e-03
1.035952009260654449e-03
1.028425060212612152e-03
1.021165400743484497e-03
1.013065688312053680e-03
1.005413942039012909e-03
9.981170296669006348e-04
9.898291900753974915e-04
9.819082915782928467e-04
9.746635332703590393e-04
9.669028222560882568e-04
9.589185938239097595e-04
9.518582373857498169e-04
9.444011375308036804e-04
9.364522993564605713e-04
9.293891489505767822e-04
9.223511442542076111e-04
9.143622592091560364e-04
9.069554507732391357e-04
9.000226855278015137e-04
8.922042325139045715e-04
8.844034746289253235e-04
8.774306625127792358e-04
8.700173348188400269e-04
8.623385801911354065e-04
8.556917309761047363e-04
8.485401049256324768e-04
8.406583219766616821e-04
8.337842300534248352e-04
8.272686973214149475e-04
8.199810981750488281e-04
8.129552006721496582e-04
8.064750581979751587e-04
7.996233180165290833e-04
7.921913638710975647e-04
7.857605814933776855e-04
7.792897522449493408e-04
7.721018046140670776e-04
7.653459906578063965e-04
7.587643340229988098e-04
7.516117766499519348e-04
7.441667839884757996e-04
7.380293682217597961e-04
7.316656410694122314e-04
7.248641923069953918e-04
7.187658920884132385e-04
7.127942517399787903e-04
7.058735936880111694e-04
6.985832005739212036e-04
6.925165653228759766e-04
6.861407309770584106e-04
6.791474297642707825e-04
6.729196757078170776e-04
6.668278947472572327e-04
6.596986204385757446e-04
6.525684148073196411e-04
6.466209888458251953e-04
6.404165178537368774e-04
6.337594240903854370e-04
6.277412176132202148e-04
6.219418719410896301e-04
6.151897832751274109e-04
6.087254732847213745e-04
6.030825898051261902e-04
5.970718339085578918e-04
5.904892459511756897e-04
5.844337865710258484e-04
5.784658715128898621e-04
5.718329921364784241e-04
5.655819550156593323e-04
5.600219592452049255e-04
5.540559068322181702e-04
5.477033555507659912e-04
5.419030785560607910e-04
5.359305068850517273e-04
5.294242873787879944e-04
5.236361175775527954e-04
5.187429487705230713e-04
5.135349929332733154e-04
5.070678889751434326e-04
5.017677322030067444e-04
4.963800311088562012e-04
4.904000088572502136e-04
4.846453666687011719e-04
4.794783890247344971e-04
4.738280549645423889e-04
4.678582772612571716e-04
4.626885056495666504e-04
4.587164148688316345e-04
4.568491131067276001e-04
4.507638514041900635e-04
4.450073465704917908e-04
4.394324496388435364e-04
4.336778074502944946e-04
4.287641495466232300e-04
4.238858819007873535e-04
4.183761775493621826e-04
4.129922017455101013e-04
4.078149795532226562e-04
4.024328663945198059e-04
3.966251388192176819e-04
3.915578126907348633e-04
3.870204091072082520e-04
3.817826509475708008e-04
3.766566514968872070e-04
3.722319379448890686e-04
3.672121092677116394e-04
3.618253394961357117e-04
3.569861873984336853e-04
3.523956984281539917e-04
3.476394340395927429e-04
3.423616290092468262e-04
3.375019878149032593e-04
3.331806510686874390e-04
3.280108794569969177e-04
3.230934962630271912e-04
3.189295530319213867e-04
3.148224204778671265e-04
3.102924674749374390e-04
3.057057037949562073e-04
3.020046278834342957e-04
2.978658303618431091e-04
2.934858202934265137e-04
2.892334014177322388e-04
2.857157960534095764e-04
2.816077321767807007e-04
2.772649750113487244e-04
2.733469009399414062e-04
2.697370946407318115e-04
2.658711746335029602e-04
2.616439014673233032e-04
2.579586580395698547e-04
2.549849450588226318e-04
2.514431253075599670e-04
2.477075904607772827e-04
2.439022064208984375e-04
2.410495653748512268e-04
2.379706129431724548e-04
2.344455569982528687e-04
2.311524003744125366e-04
2.287803217768669128e-04
2.267202362418174744e-04
2.239365130662918091e-04
2.208491787314414978e-04
2.182442694902420044e-04
2.155760303139686584e-04
2.125678583979606628e-04
2.092663198709487915e-04
2.060281112790107727e-04
2.037901431322097778e-04
2.012848854064941406e-04
1.980941742658615112e-04
1.951931044459342957e-04
1.925295218825340271e-04
1.901164650917053223e-04
1.875953748822212219e-04
1.845993101596832275e-04
1.817587763071060181e-04
1.795683056116104126e-04
1.772996038198471069e-04
1.744739711284637451e-04
1.715682446956634521e-04
1.693880185484886169e-04
1.674452796578407288e-04
1.652399078011512756e-04
1.623881980776786804e-04
1.593772321939468384e-04
1.571299508213996887e-04
1.549543812870979309e-04
1.523531973361968994e-04
1.495294272899627686e-04
1.468351110816001892e-04
1.445058733224868774e-04
1.424551010131835938e-04
1.402152702212333679e-04
1.379139721393585205e-04
1.356126740574836731e-04
1.336168497800827026e-04
1.316675916314125061e-04
1.293094828724861145e-04
1.266766339540481567e-04
1.241508871316909790e-04
1.219380646944046021e-04
1.198323443531990051e-04
1.173745840787887573e-04
1.147799193859100342e-04
1.123165711760520935e-04
1.101875677704811096e-04
1.080734655261039734e-04
1.056957989931106567e-04
1.031225547194480896e-04
1.006666570901870728e-04
9.864009916782379150e-05
9.678676724433898926e-05
9.458884596824645996e-05
9.225495159626007080e-05
9.013153612613677979e-05
8.853711187839508057e-05
8.703302592039108276e-05
8.517596870660781860e-05
8.293241262435913086e-05
8.053425699472427368e-05
7.863529026508331299e-05
7.716845721006393433e-05
7.568113505840301514e-05
7.390044629573822021e-05
7.189903408288955688e-05
6.991997361183166504e-05
6.832927465438842773e-05
6.680004298686981201e-05
6.499793380498886108e-05
6.301701068878173828e-05
6.136205047369003296e-05
6.022863090038299561e-05
5.915574729442596436e-05
5.786772817373275757e-05
5.627237260341644287e-05
5.447678267955780029e-05
5.305372178554534912e-05
5.195941776037216187e-05
5.080550909042358398e-05
4.950445145368576050e-05
4.804600030183792114e-05
4.667416214942932129e-05
4.556775093078613281e-05
4.444271326065063477e-05
4.322081804275512695e-05
4.192069172859191895e-05
4.068948328495025635e-05
3.975443542003631592e-05
3.891158849000930786e-05
3.801565617322921753e-05
3.722868859767913818e-05
3.665406256914138794e-05
3.621354699134826660e-05
3.582052886486053467e-05
3.539957106113433838e-05
3.495626151561737061e-05
3.461260348558425903e-05
3.439001739025115967e-05
3.426522016525268555e-05
3.420002758502960205e-05
3.407709300518035889e-05
3.397557884454727173e-05
3.389175981283187866e-05
3.380514681339263916e-05
3.372598439455032349e-05
3.358349204063415527e-05
3.350432962179183960e-05
3.341585397720336914e-05
3.333762288093566895e-05
3.324914723634719849e-05
3.311131149530410767e-05
3.258790820837020874e-05
2.982001751661300659e-05
1.721456646919250488e-05
7.698312401771545410e-06
3.589317202568054199e-06
-2.166256308555603027e-06
-5.444511771202087402e-06
-6.810761988162994385e-06
-8.213333785533905029e-06
-8.251518011093139648e-06
-8.292496204376220703e-06
-8.281320333480834961e-06
-8.263625204563140869e-06
-8.256174623966217041e-06
-8.268281817436218262e-06
-8.272938430309295654e-06
-8.274801075458526611e-06
-8.269213140010833740e-06
-8.286908268928527832e-06
-8.288770914077758789e-06
