-3.191642463207244873e-06
-3.170222043991088867e-06
-3.200024366378784180e-06
-3.182329237461090088e-06
-3.193505108356475830e-06
-3.191642463207244873e-06
-3.167428076267242432e-06
-3.165565431118011475e-06
-3.145076334476470947e-06
-3.092922270298004150e-06
-2.485699951648712158e-06
-1.272186636924743652e-06
-6.509944796562194824e-07
7.450580596923828125e-09
1.200474798679351807e-06
2.536922693252563477e-06
3.213062882423400879e-06
3.586523234844207764e-06
3.917142748832702637e-06
4.086643457412719727e-06
4.221685230731964111e-06
4.467554390430450439e-06
4.765577614307403564e-06
4.932284355163574219e-06
5.106441676616668701e-06
5.205161869525909424e-06
5.336478352546691895e-06
7.825903594493865967e-06
9.373761713504791260e-06
1.039542257785797119e-05
1.117493957281112671e-05
1.184549182653427124e-05
1.244060695171356201e-05
1.319125294685363770e-05
1.400057226419448853e-05
1.483224332332611084e-05
1.557916402816772461e-05
1.620501279830932617e-05
1.703388988971710205e-05
1.805741339921951294e-05
1.931376755237579346e-05
2.041459083557128906e-05
2.138130366802215576e-05
2.275221049785614014e-05
2.417340874671936035e-05
2.551171928644180298e-05
2.659671008586883545e-05
2.758018672466278076e-05
2.890359610319137573e-05
3.005191683769226074e-05
3.142375499010086060e-05
3.276206552982330322e-05
3.444496542215347290e-05
3.565475344657897949e-05
3.726780414581298828e-05
4.015211015939712524e-05
4.295539110898971558e-05
4.614144563674926758e-05
5.062203854322433472e-05
5.626119673252105713e-05
5.710031837224960327e-05
5.432497709989547729e-05
5.238130688667297363e-05
5.117990076541900635e-05
5.032494664192199707e-05
4.955474287271499634e-05
4.899967461824417114e-05
4.845857620239257812e-05
4.799105226993560791e-05
4.757661372423171997e-05
4.722923040390014648e-05
4.686880856752395630e-05
4.658382385969161987e-05
4.629511386156082153e-05
4.601478576660156250e-05
4.575960338115692139e-05
4.550628364086151123e-05
4.529301077127456665e-05
4.510208964347839355e-05
4.492327570915222168e-05
4.480034112930297852e-05
4.493072628974914551e-05
4.812795668840408325e-05
5.122739821672439575e-05
5.461741238832473755e-05
5.800835788249969482e-05
6.080511957406997681e-05
6.271246820688247681e-05
6.522424519062042236e-05
6.804335862398147583e-05
7.177051156759262085e-05
7.584318518638610840e-05
8.082389831542968750e-05
8.617434650659561157e-05
9.200442582368850708e-05
9.861309081315994263e-05
1.077307388186454773e-04
1.182546839118003845e-04
1.316620036959648132e-04
1.458870247006416321e-04
1.622578129172325134e-04
1.796120777726173401e-04
1.989761367440223694e-04
2.192249521613121033e-04
2.419026568531990051e-04
2.646949142217636108e-04
2.877935767173767090e-04
3.118589520454406738e-04
3.378000110387802124e-04
3.657313063740730286e-04
3.955503925681114197e-04
4.273280501365661621e-04
4.612170159816741943e-04
4.970533773303031921e-04
5.359081551432609558e-04
5.774619057774543762e-04
6.201304495334625244e-04
6.642919033765792847e-04
7.091527804732322693e-04
7.551647722721099854e-04
8.020326495170593262e-04
8.497452363371849060e-04
8.980520069599151611e-04
9.472267702221870422e-04
9.974390268325805664e-04
1.046483404934406281e-03
1.093583181500434875e-03
1.139393076300621033e-03
1.182277686893939972e-03
1.223183237016201019e-03
1.262231729924678802e-03
1.299034804105758667e-03
1.334121450781822205e-03
1.368155702948570251e-03
1.400211825966835022e-03
1.429818570613861084e-03
1.459022983908653259e-03
1.486433669924736023e-03
1.512910239398479462e-03
1.537339761853218079e-03
1.561249606311321259e-03
1.582878641784191132e-03
1.603721641004085541e-03
1.623950898647308350e-03
1.641869544982910156e-03
1.658631488680839539e-03
1.672556623816490173e-03
1.684737391769886017e-03
1.697966828942298889e-03
1.709969714283943176e-03
1.720055937767028809e-03
1.728714443743228912e-03
1.738354563713073730e-03
1.746047288179397583e-03
1.752084121108055115e-03
1.757190562784671783e-03
1.760095357894897461e-03
1.762172207236289978e-03
1.761408522725105286e-03
1.762754283845424652e-03
1.761662773787975311e-03
1.760399900376796722e-03
1.759252510964870453e-03
1.758177764713764191e-03
1.757180318236351013e-03
1.756289973855018616e-03
1.755448989570140839e-03
1.754659228026866913e-03
1.753894612193107605e-03
1.753133721649646759e-03
1.752447336912155151e-03
1.751824282109737396e-03
1.751198433339595795e-03
1.750544644892215729e-03
1.749976538121700287e-03
1.749395392835140228e-03
1.748867332935333252e-03
1.748343929648399353e-03
1.747842878103256226e-03
1.747353002429008484e-03
1.746895723044872284e-03
1.746398396790027618e-03
1.745921559631824493e-03
1.745445653796195984e-03
1.744830049574375153e-03
1.740879379212856293e-03
1.734697259962558746e-03
1.727786846458911896e-03
1.719027757644653320e-03
1.707786694169044495e-03
1.695150509476661682e-03
1.682421192526817322e-03
1.670584082603454590e-03
1.658611930906772614e-03
1.647229306399822235e-03
1.636807806789875031e-03
1.626584678888320923e-03
1.615448854863643646e-03
1.604538410902023315e-03
1.594118773937225342e-03
1.583159901201725006e-03
1.571942120790481567e-03
1.561610028147697449e-03
1.550906337797641754e-03
1.539382152259349823e-03
1.528736203908920288e-03
1.518626697361469269e-03
1.507667824625968933e-03
1.497150398790836334e-03
1.487262547016143799e-03
1.476774923503398895e-03
1.465711742639541626e-03
1.455567777156829834e-03
1.444824039936065674e-03
1.433338969945907593e-03
1.423006877303123474e-03
1.412886194884777069e-03
1.401800662279129028e-03
1.391339115798473358e-03
1.381346024572849274e-03
1.370348036289215088e-03
1.359913498163223267e-03
1.350397244095802307e-03
1.340364105999469757e-03
1.329789869487285614e-03
1.320281997323036194e-03
1.310121268033981323e-03
1.299159601330757141e-03
1.289417035877704620e-03
1.279802992939949036e-03
1.269173808395862579e-03
1.259386539459228516e-03
1.250113360583782196e-03
1.239751465618610382e-03
1.229991205036640167e-03
1.220949925482273102e-03
1.211121678352355957e-03
1.200705766677856445e-03
1.191606745123863220e-03
1.182031817734241486e-03
1.171446405351161957e-03
1.161973923444747925e-03
1.152667216956615448e-03
1.142518594861030579e-03
1.133198849856853485e-03
1.124426722526550293e-03
1.114390790462493896e-03
1.104567199945449829e-03
1.096041873097419739e-03
1.087033189833164215e-03
1.077417284250259399e-03
1.068653538823127747e-03
1.060150563716888428e-03
1.050543040037155151e-03
1.041488721966743469e-03
1.033212989568710327e-03
1.024226658046245575e-03
1.014843583106994629e-03
1.006326638162136078e-03
9.974231943488121033e-04
9.875940158963203430e-04
9.786551818251609802e-04
9.707286953926086426e-04
9.620096534490585327e-04
9.533483535051345825e-04
9.457869455218315125e-04
9.373668581247329712e-04
9.277341887354850769e-04
9.189164265990257263e-04
9.111305698752403259e-04
9.021610021591186523e-04
8.933478966355323792e-04
8.855955675244331360e-04
8.768783882260322571e-04
8.672289550304412842e-04
8.587380871176719666e-04
8.510230109095573425e-04
8.423849940299987793e-04
8.340617641806602478e-04
8.265171200037002563e-04
8.182805031538009644e-04
8.092615753412246704e-04
8.015269413590431213e-04
7.940661162137985229e-04
7.855892181396484375e-04
7.773330435156822205e-04
7.695611566305160522e-04
7.612900808453559875e-04
7.526017725467681885e-04
7.450049743056297302e-04
7.376242429018020630e-04
7.293410599231719971e-04
7.214425131678581238e-04
7.138056680560112000e-04
7.055932655930519104e-04
6.971349939703941345e-04
6.903018802404403687e-04
6.840946152806282043e-04
6.755227223038673401e-04
6.684493273496627808e-04
6.614783778786659241e-04
6.540901958942413330e-04
6.461730226874351501e-04
6.391592323780059814e-04
6.321547552943229675e-04
6.243707612156867981e-04
6.170338019728660583e-04
6.108349189162254333e-04
6.069820374250411987e-04
6.022425368428230286e-04
5.940934643149375916e-04
5.871048197150230408e-04
5.793040618300437927e-04
5.724225193262100220e-04
5.660289898514747620e-04
5.592936649918556213e-04
5.520405247807502747e-04
5.450248718261718750e-04
5.383379757404327393e-04
5.307653918862342834e-04
5.236035212874412537e-04
5.175126716494560242e-04
5.111033096909523010e-04
5.040606483817100525e-04
4.979148507118225098e-04
4.918491467833518982e-04
4.849443212151527405e-04
4.780609160661697388e-04
4.719411954283714294e-04
4.660077393054962158e-04
4.593087360262870789e-04
4.525231197476387024e-04
4.467042163014411926e-04
4.404634237289428711e-04
4.336684942245483398e-04
4.278831183910369873e-04
4.224078729748725891e-04
4.168068990111351013e-04
4.107039421796798706e-04
4.052249714732170105e-04
4.002610221505165100e-04
3.946125507354736328e-04
3.888513892889022827e-04
3.837049007415771484e-04
3.789607435464859009e-04
3.732759505510330200e-04
3.677876666188240051e-04
3.626747056841850281e-04
3.582583740353584290e-04
3.526909276843070984e-04
3.474177792668342590e-04
3.429232165217399597e-04
3.389809280633926392e-04
3.341669216752052307e-04
3.290753811597824097e-04
3.246814012527465820e-04
3.207651898264884949e-04
3.167521208524703979e-04
3.118682652711868286e-04
3.084186464548110962e-04
3.055445849895477295e-04
3.022132441401481628e-04
2.985354512929916382e-04
2.944525331258773804e-04
2.910634502768516541e-04
2.877851948142051697e-04
2.833595499396324158e-04
2.789562568068504333e-04
2.755839377641677856e-04
2.722414210438728333e-04
2.686632797122001648e-04
2.644816413521766663e-04
2.607852220535278320e-04
2.578618004918098450e-04
2.546515315771102905e-04
2.507073804736137390e-04
2.469038590788841248e-04
2.438854426145553589e-04
2.407971769571304321e-04
2.372246235609054565e-04
2.336883917450904846e-04
2.301335334777832031e-04
2.272147685289382935e-04
2.245567739009857178e-04
2.214098349213600159e-04
2.177515998482704163e-04
2.139909192919731140e-04
2.110237255692481995e-04
2.081096172332763672e-04
2.048229798674583435e-04
2.008276060223579407e-04
1.975717023015022278e-04
1.949537545442581177e-04
1.922883093357086182e-04
1.891842111945152283e-04
1.857709139585494995e-04
1.829955726861953735e-04
1.805834472179412842e-04
1.779524609446525574e-04
1.746844500303268433e-04
1.709135249257087708e-04
1.678429543972015381e-04
1.652119681239128113e-04
1.624170690774917603e-04
1.590913161635398865e-04
1.553194597363471985e-04
1.522842794656753540e-04
1.497613266110420227e-04
1.469906419515609741e-04
1.436276361346244812e-04
1.399777829647064209e-04
1.372303813695907593e-04
1.348964869976043701e-04
1.323372125625610352e-04
1.293802633881568909e-04
1.260330900549888611e-04
1.233071088790893555e-04
1.213299110531806946e-04
1.191738992929458618e-04
1.165587455034255981e-04
1.137237995862960815e-04
1.111235469579696655e-04
1.090597361326217651e-04
1.072296872735023499e-04
1.049423590302467346e-04
1.021912321448326111e-04
9.920448064804077148e-05
9.692832827568054199e-05
9.500328451395034790e-05
9.298138320446014404e-05
9.067170321941375732e-05
8.800253272056579590e-05
8.597411215305328369e-05
8.447002619504928589e-05
8.297991007566452026e-05
8.109491318464279175e-05
7.904041558504104614e-05
7.708836346864700317e-05
7.557217031717300415e-05
7.411278784275054932e-05
7.243268191814422607e-05
7.034558802843093872e-05
6.838887929916381836e-05
6.694253534078598022e-05
6.565824151039123535e-05
6.414484232664108276e-05
6.240978837013244629e-05
6.048846989870071411e-05
5.904491990804672241e-05
5.794130265712738037e-05
5.693174898624420166e-05
5.587283521890640259e-05
5.479808896780014038e-05
5.406700074672698975e-05
5.352497100830078125e-05
5.301926285028457642e-05
5.249679088592529297e-05
5.203764885663986206e-05
5.168560892343521118e-05
5.151424556970596313e-05
5.137640982866287231e-05
5.116686224937438965e-05
5.096849054098129272e-05
5.084834992885589600e-05
5.075521767139434814e-05
5.072727799415588379e-05
5.065556615591049194e-05
5.052331835031509399e-05
5.035381764173507690e-05
5.012564361095428467e-05
4.995986819267272949e-05
4.978850483894348145e-05
4.956033080816268921e-05
4.772190004587173462e-05
3.771577030420303345e-05
2.013612538576126099e-05
1.205969601869583130e-05
7.002614438533782959e-06
1.183710992336273193e-06
-2.033077180385589600e-06
-3.732740879058837891e-06
-4.541128873825073242e-06
-4.563480615615844727e-06
-4.554167389869689941e-06
-4.589557647705078125e-06
-4.563480615615844727e-06
-4.565343260765075684e-06
-4.560686647891998291e-06
-4.570931196212768555e-06
-4.546716809272766113e-06
-4.566274583339691162e-06
-4.556030035018920898e-06
