-7.343478500843048096e-06
-7.363967597484588623e-06
-7.344409823417663574e-06
-7.338821887969970703e-06
-7.354654371738433838e-06
-7.359310984611511230e-06
-7.347203791141510010e-06
-7.359310984611511230e-06
-7.325783371925354004e-06
-7.332302629947662354e-06
-7.318332791328430176e-06
-7.321126759052276611e-06
-7.359310984611511230e-06
-7.330439984798431396e-06
-7.349066436290740967e-06
-7.328577339649200439e-06
-7.352791726589202881e-06
-7.349066436290740967e-06
-7.356517016887664795e-06
-7.369555532932281494e-06
-7.341615855693817139e-06
-7.332302629947662354e-06
-7.329508662223815918e-06
-7.339753210544586182e-06
-5.437992513179779053e-06
-4.303641617298126221e-06
-1.387670636177062988e-06
7.878988981246948242e-07
4.275701940059661865e-06
6.102956831455230713e-06
8.080154657363891602e-06
1.031253486871719360e-05
1.270696520805358887e-05
1.498870551586151123e-05
1.703388988971710205e-05
1.954380422830581665e-05
2.291332930326461792e-05
2.855993807315826416e-05
3.629084676504135132e-05
4.905834794044494629e-05
6.641633808612823486e-05
9.939633309841156006e-05
1.410115510225296021e-04
1.874603331089019775e-04
2.366974949836730957e-04
2.859095111489295959e-04
3.387564793229103088e-04
3.941366448998451233e-04
4.529086872935295105e-04
5.155969411134719849e-04
5.790535360574722290e-04
6.429022178053855896e-04
7.052849978208541870e-04
7.663313299417495728e-04
8.257478475570678711e-04
8.838986977934837341e-04
9.397426620125770569e-04
9.937547147274017334e-04
1.045417971909046173e-03
1.095714047551155090e-03
1.145671121776103973e-03
1.195849850773811340e-03
1.244715414941310883e-03
1.292560249567031860e-03
1.340204849839210510e-03
1.388170756399631500e-03
1.436419785022735596e-03
1.483630388975143433e-03
1.529458910226821899e-03
1.575198024511337280e-03
1.604387536644935608e-03
1.595385372638702393e-03
1.577723771333694458e-03
1.558321528136730194e-03
1.538581214845180511e-03
1.519001089036464691e-03
1.500964164733886719e-03
1.484223641455173492e-03
1.466537825763225555e-03
1.449197530746459961e-03
1.432385295629501343e-03
1.415193080902099609e-03
1.397745683789253235e-03
1.380596309900283813e-03
1.364134252071380615e-03
1.347287558019161224e-03
1.330786384642124176e-03
1.314324326813220978e-03
1.297657378017902374e-03
1.281493343412876129e-03
1.265631988644599915e-03
1.249867491424083710e-03
1.233404502272605896e-03
1.217339187860488892e-03
1.202298328280448914e-03
1.186736859381198883e-03
1.171232201159000397e-03
1.155653968453407288e-03
1.140858978033065796e-03
1.125750131905078888e-03
1.110259443521499634e-03
1.095325686037540436e-03
1.080071553587913513e-03
1.065454445779323578e-03
1.050915569067001343e-03
1.036229543387889862e-03
1.021622680127620697e-03
1.006765291094779968e-03
9.926622733473777771e-04
9.781615808606147766e-04
9.639076888561248779e-04
9.496975690126419067e-04
9.357137605547904968e-04
9.217280894517898560e-04
9.075580164790153503e-04
8.942279964685440063e-04
8.801724761724472046e-04
8.664820343255996704e-04
8.525345474481582642e-04
8.392129093408584595e-04
8.256984874606132507e-04
8.117510005831718445e-04
7.982058450579643250e-04
7.844287902116775513e-04
7.714498788118362427e-04
7.578041404485702515e-04
7.444955408573150635e-04
7.310835644602775574e-04
7.179714739322662354e-04
7.058791816234588623e-04
6.929272785782814026e-04
6.800191476941108704e-04
6.670905277132987976e-04
6.550606340169906616e-04
6.421767175197601318e-04
6.294464692473411560e-04
6.174957379698753357e-04
6.053810939192771912e-04
5.933679640293121338e-04
5.810735747218132019e-04
5.696089938282966614e-04
5.575772374868392944e-04
5.458472296595573425e-04
5.342056974768638611e-04
5.232244729995727539e-04
5.155391991138458252e-04
5.053952336311340332e-04
4.936857149004936218e-04
4.810662940144538879e-04
4.712538793683052063e-04
4.607914015650749207e-04
4.501985386013984680e-04
4.394119605422019958e-04
4.294663667678833008e-04
4.192590713500976562e-04
4.093330353498458862e-04
3.995476290583610535e-04
3.900434821844100952e-04
3.804126754403114319e-04
3.708228468894958496e-04
3.616316244006156921e-04
3.522522747516632080e-04
3.427052870392799377e-04
3.333203494548797607e-04
3.251135349273681641e-04
3.164187073707580566e-04
3.077415749430656433e-04
2.986984327435493469e-04
2.909339964389801025e-04
2.830652520060539246e-04
2.750344574451446533e-04
2.666367217898368835e-04
2.595130354166030884e-04
2.526482567191123962e-04
2.460116520524024963e-04
2.388358116149902344e-04
2.320762723684310913e-04
2.254508435726165771e-04
2.185441553592681885e-04
2.119345590472221375e-04
2.051573246717453003e-04
1.991353929042816162e-04
1.924866810441017151e-04
1.863259822130203247e-04
1.799836754798889160e-04
1.743873581290245056e-04
1.685880124568939209e-04
1.627355813980102539e-04
1.562917605042457581e-04
1.501739025115966797e-04
1.443997025489807129e-04
1.384615898132324219e-04
1.323884353041648865e-04
1.261886209249496460e-04
1.208353787660598755e-04
1.152828335762023926e-04
1.099845394492149353e-04
1.040734350681304932e-04
9.863171726465225220e-05
9.328126907348632812e-05
8.825492113828659058e-05
8.290912955999374390e-05
7.779430598020553589e-05
7.315818220376968384e-05
6.849318742752075195e-05
6.423145532608032227e-05
5.993340164422988892e-05
5.651265382766723633e-05
5.291309207677841187e-05
4.965346306562423706e-05
4.618335515260696411e-05
4.312489181756973267e-05
4.039332270622253418e-05
3.777630627155303955e-05
3.546848893165588379e-05
3.361608833074569702e-05
3.235042095184326172e-05
3.103818744421005249e-05
2.996157854795455933e-05
2.900138497352600098e-05
2.839136868715286255e-05
2.800673246383666992e-05
2.767983824014663696e-05
2.742093056440353394e-05
2.710241824388504028e-05
2.674851566553115845e-05
2.610776573419570923e-05
2.556294202804565430e-05
2.485513687133789062e-05
2.410728484392166138e-05
2.341438084840774536e-05
2.279505133628845215e-05
2.239737659692764282e-05
2.210214734077453613e-05
2.170819789171218872e-05
2.125091850757598877e-05
2.052355557680130005e-05
1.982040703296661377e-05
1.914985477924346924e-05
1.815333962440490723e-05
1.723133027553558350e-05
1.645646989345550537e-05
1.560058444738388062e-05
1.461524516344070435e-05
1.388415694236755371e-05
1.273024827241897583e-05
1.170299947261810303e-05
1.080054789781570435e-05
9.883195161819458008e-06
9.128823876380920410e-06
8.687376976013183594e-06
8.220784366130828857e-06
7.751397788524627686e-06
7.350929081439971924e-06
7.091090083122253418e-06
6.777234375476837158e-06
6.469897925853729248e-06
5.982816219329833984e-06
5.349516868591308594e-06
4.764646291732788086e-06
4.289671778678894043e-06
3.834255039691925049e-06
3.298744559288024902e-06
2.491287887096405029e-06
1.810491085052490234e-06
1.166015863418579102e-06
6.724148988723754883e-07
3.082677721977233887e-07
-1.676380634307861328e-08
-4.265457391738891602e-07
-8.270144462585449219e-07
-1.240521669387817383e-06
-1.654028892517089844e-06
-2.069398760795593262e-06
-2.427957952022552490e-06
-2.788379788398742676e-06
-3.168359398841857910e-06
-3.613531589508056641e-06
-4.016794264316558838e-06
-4.390254616737365723e-06
-4.629604518413543701e-06
-4.820525646209716797e-06
-4.929490387439727783e-06
-5.039386451244354248e-06
-5.133450031280517578e-06
-5.224719643592834473e-06
-5.377456545829772949e-06
-5.627050995826721191e-06
-5.805864930152893066e-06
-6.018206477165222168e-06
-6.219372153282165527e-06
-6.395392119884490967e-06
-6.473623216152191162e-06
-6.978400051593780518e-06
-7.351860404014587402e-06
-7.326714694499969482e-06
-7.352791726589202881e-06
-7.341615855693817139e-06
-7.344409823417663574e-06
-7.348135113716125488e-06
-7.345341145992279053e-06
-7.340684533119201660e-06
-7.362104952335357666e-06
-7.360242307186126709e-06
-7.357448339462280273e-06
-7.359310984611511230e-06
-7.327646017074584961e-06
-7.314607501029968262e-06
-7.362104952335357666e-06
-7.335096597671508789e-06
-7.359310984611511230e-06
-7.322058081626892090e-06
-7.319264113903045654e-06
