-4.891306161880493164e-06
-4.885718226432800293e-06
-4.843808710575103760e-06
-4.885718226432800293e-06
-4.873611032962799072e-06
-4.825182259082794189e-06
-4.846602678298950195e-06
-4.855915904045104980e-06
-4.868954420089721680e-06
-4.880130290985107422e-06
-4.862435162067413330e-06
-4.868954420089721680e-06
-4.874542355537414551e-06
-4.846602678298950195e-06
-4.857778549194335938e-06
-4.850327968597412109e-06
-4.864297807216644287e-06
-4.842877388000488281e-06
-4.850327968597412109e-06
-4.863366484642028809e-06
-4.870817065238952637e-06
-4.856847226619720459e-06
-4.837289452552795410e-06
-4.846602678298950195e-06
-1.822598278522491455e-06
2.058222889900207520e-07
4.659406840801239014e-06
8.895061910152435303e-06
1.159496605396270752e-05
1.406576484441757202e-05
1.690350472927093506e-05
1.983065158128738403e-05
2.316478639841079712e-05
2.565607428550720215e-05
2.881791442632675171e-05
3.228150308132171631e-05
3.841891884803771973e-05
4.643853753805160522e-05
6.050895899534225464e-05
7.973890751600265503e-05
1.101717352867126465e-04
1.621842384338378906e-04
2.195043489336967468e-04
2.821944653987884521e-04
3.469670191407203674e-04
4.140334203839302063e-04
4.849974066019058228e-04
5.597686395049095154e-04
6.388369947671890259e-04
7.221763953566551208e-04
8.063632994890213013e-04
8.889567106962203979e-04
9.697098284959793091e-04
1.048743724822998047e-03
1.126180402934551239e-03
1.200006343424320221e-03
1.272216439247131348e-03
1.341608352959156036e-03
1.408662647008895874e-03
1.473925076425075531e-03
1.539479941129684448e-03
1.603835262358188629e-03
1.667650416493415833e-03
1.730361022055149078e-03
1.793107949197292328e-03
1.856330782175064087e-03
1.918187364935874939e-03
1.979250460863113403e-03
2.038871869444847107e-03
2.095603384077548981e-03
2.103145234286785126e-03
2.084909938275814056e-03
2.059464342892169952e-03
2.034467644989490509e-03
2.008218318223953247e-03
1.983527094125747681e-03
1.961097121238708496e-03
1.938714645802974701e-03
1.915604807436466217e-03
1.893267035484313965e-03
1.871384680271148682e-03
1.848387531936168671e-03
1.825778745114803314e-03
1.803871244192123413e-03
1.782041043043136597e-03
1.760335639119148254e-03
1.738609746098518372e-03
1.717235893011093140e-03
1.695414073765277863e-03
1.674539409577846527e-03
1.654092222452163696e-03
1.632728613913059235e-03
1.611680723726749420e-03
1.591080799698829651e-03
1.571411266922950745e-03
1.550837419927120209e-03
1.530342735350131989e-03
1.510758884251117706e-03
1.490990631282329559e-03
1.471254974603652954e-03
1.451115123927593231e-03
1.431436277925968170e-03
1.411881297826766968e-03
1.392500475049018860e-03
1.373909413814544678e-03
1.354198902845382690e-03
1.335429027676582336e-03
1.316009089350700378e-03
1.297433860599994659e-03
1.278789713978767395e-03
1.259617507457733154e-03
1.241676509380340576e-03
1.223046332597732544e-03
1.204846426844596863e-03
1.186734996736049652e-03
1.168772578239440918e-03
1.150689087808132172e-03
1.132166944444179535e-03
1.114796847105026245e-03
1.096881926059722900e-03
1.079294830560684204e-03
1.060769893229007721e-03
1.043080352246761322e-03
1.025624573230743408e-03
1.007965765893459320e-03
9.907521307468414307e-04
9.726956486701965332e-04
9.557036682963371277e-04
9.388579055666923523e-04
9.227637201547622681e-04
9.056404232978820801e-04
8.886540308594703674e-04
8.725309744477272034e-04
8.559273555874824524e-04
8.393609896302223206e-04
8.225813508033752441e-04
8.074967190623283386e-04
7.913261651992797852e-04
7.756166160106658936e-04
7.599983364343643188e-04
7.444955408573150635e-04
7.290216162800788879e-04
7.132673636078834534e-04
6.988160312175750732e-04
6.854617968201637268e-04
6.763339042663574219e-04
6.605163216590881348e-04
6.448403000831604004e-04
6.303992122411727905e-04
6.164563819766044617e-04
6.027743220329284668e-04
5.885185673832893372e-04
5.752500146627426147e-04
5.618669092655181885e-04
5.488060414791107178e-04
5.354685708880424500e-04
5.232300609350204468e-04
5.103712901473045349e-04
4.981616511940956116e-04
4.855124279856681824e-04
4.735467955470085144e-04
4.608808085322380066e-04
4.486162215471267700e-04
4.368452355265617371e-04
4.262365400791168213e-04
4.144413396716117859e-04
4.030261188745498657e-04
3.916909918189048767e-04
3.818133845925331116e-04
3.711357712745666504e-04
3.605522215366363525e-04
3.500273451209068298e-04
3.411797806620597839e-04
3.322474658489227295e-04
3.233104944229125977e-04
3.137756139039993286e-04
3.053564578294754028e-04
2.963040024042129517e-04
2.876557409763336182e-04
2.784766256809234619e-04
2.703154459595680237e-04
2.620527520775794983e-04
2.536112442612648010e-04
2.453830093145370483e-04
2.374742180109024048e-04
2.302061766386032104e-04
2.223905175924301147e-04
2.144826576113700867e-04
2.058455720543861389e-04
1.984275877475738525e-04
1.905933022499084473e-04
1.828540116548538208e-04
1.744786277413368225e-04
1.671416684985160828e-04
1.599946990609169006e-04
1.528337597846984863e-04
1.456253230571746826e-04
1.379353925585746765e-04
1.310175284743309021e-04
1.240177080035209656e-04
1.175170764327049255e-04
1.103216782212257385e-04
1.041209325194358826e-04
9.775720536708831787e-05
9.213760495185852051e-05
8.643232285976409912e-05
8.130911737680435181e-05
7.676891982555389404e-05
7.223617285490036011e-05
6.785430014133453369e-05
6.335601210594177246e-05
5.980301648378372192e-05
5.609169602394104004e-05
5.304627120494842529e-05
5.016289651393890381e-05
4.821177572011947632e-05
4.652608186006546021e-05
4.498101770877838135e-05
4.359055310487747192e-05
4.251860082149505615e-05
4.192907363176345825e-05
4.145130515098571777e-05
4.112254828214645386e-05
4.067365080118179321e-05
4.028622061014175415e-05
3.956817090511322021e-05
3.884453326463699341e-05
3.805011510848999023e-05
3.699865192174911499e-05
3.609154373407363892e-05
3.523007035255432129e-05
3.458745777606964111e-05
3.404915332794189453e-05
3.366824239492416382e-05
3.313925117254257202e-05
3.235600888729095459e-05
3.130827099084854126e-05
3.049522638320922852e-05
2.942234277725219727e-05
2.804305404424667358e-05
2.701859921216964722e-05
2.595689147710800171e-05
2.474058419466018677e-05
2.353079617023468018e-05
2.241227775812149048e-05
2.084113657474517822e-05
1.968257129192352295e-05
1.845229417085647583e-05
1.738965511322021484e-05
1.655239611864089966e-05
1.594889909029006958e-05
1.532118767499923706e-05
1.480616629123687744e-05
1.433026045560836792e-05
1.396331936120986938e-05
1.358706504106521606e-05
1.317262649536132812e-05
1.226272433996200562e-05
1.149810850620269775e-05
1.077260822057723999e-05
1.018401235342025757e-05
9.633600711822509766e-06
8.686445653438568115e-06
7.668510079383850098e-06
6.851740181446075439e-06
6.073154509067535400e-06
5.521811544895172119e-06
5.026347935199737549e-06
4.582107067108154297e-06
4.027038812637329102e-06
3.506429493427276611e-06
2.952292561531066895e-06
2.380460500717163086e-06
1.890584826469421387e-06
1.464970409870147705e-06
9.769573807716369629e-07
4.554167389869689941e-07
-1.229345798492431641e-07
-6.621703505516052246e-07
-1.056119799613952637e-06
-1.323409378528594971e-06
-1.532025635242462158e-06
-1.692213118076324463e-06
-1.793727278709411621e-06
-1.939944922924041748e-06
-2.073124051094055176e-06
-2.397224307060241699e-06
-2.664513885974884033e-06
-2.875924110412597656e-06
-3.168359398841857910e-06
-3.453344106674194336e-06
-3.585591912269592285e-06
-3.797002136707305908e-06
-4.667788743972778320e-06
-4.783272743225097656e-06
-4.769302904605865479e-06
-4.766508936882019043e-06
-4.787929356098175049e-06
-4.800967872142791748e-06
-4.824250936508178711e-06
-4.769302904605865479e-06
-4.794448614120483398e-06
-4.797242581844329834e-06
-4.802830517292022705e-06
-4.785135388374328613e-06
-4.800967872142791748e-06
-4.813075065612792969e-06
-4.800036549568176270e-06
-4.760921001434326172e-06
-4.798173904418945312e-06
-4.795379936695098877e-06
-4.818663001060485840e-06
