-7.256865501403808594e-06
-7.295981049537658691e-06
-7.265247404575347900e-06
-7.254071533679962158e-06
-7.266178727149963379e-06
-7.271766662597656250e-06
-7.270835340023040771e-06
-7.295049726963043213e-06
-7.245689630508422852e-06
-4.321336746215820312e-06
-2.854503691196441650e-06
-2.265907824039459229e-06
-1.839362084865570068e-06
-1.406297087669372559e-06
-1.100823283195495605e-06
-6.267800927162170410e-07
-1.555308699607849121e-07
1.285225152969360352e-07
1.230277121067047119e-06
2.686865627765655518e-06
4.246830940246582031e-06
5.865469574928283691e-06
6.990507245063781738e-06
8.170492947101593018e-06
9.477138519287109375e-06
1.090764999389648438e-05
1.213885843753814697e-05
1.403037458658218384e-05
1.568719744682312012e-05
1.709163188934326172e-05
1.936685293912887573e-05
2.151727676391601562e-05
2.359785139560699463e-05
2.630893141031265259e-05
2.884771674871444702e-05
3.191176801919937134e-05
3.832858055830001831e-05
4.773028194904327393e-05
5.997251719236373901e-05
8.237548172473907471e-05
1.152344048023223877e-04
1.545995473861694336e-04
1.974925398826599121e-04
2.434458583593368530e-04
2.904050052165985107e-04
3.378251567482948303e-04
3.890004009008407593e-04
4.419283941388130188e-04
4.977155476808547974e-04
5.568722262978553772e-04
6.167683750391006470e-04
6.771367043256759644e-04
7.364135235548019409e-04
7.934961467981338501e-04
8.487896993756294250e-04
9.026592597365379333e-04
9.549809619784355164e-04
1.005890779197216034e-03
1.054798252880573273e-03
1.102511771023273468e-03
1.149134710431098938e-03
1.195906661450862885e-03
1.241398975253105164e-03
1.286487095057964325e-03
1.331109553575515747e-03
1.375859603285789490e-03
1.419649459421634674e-03
1.463064923882484436e-03
1.505287364125251770e-03
1.545901410281658173e-03
1.578859053552150726e-03
1.572282053530216217e-03
1.556301489472389221e-03
1.538936980068683624e-03
1.522548496723175049e-03
1.507408916950225830e-03
1.492375507950782776e-03
1.478333957493305206e-03
1.463847234845161438e-03
1.449243165552616119e-03
1.433291472494602203e-03
1.417818479239940643e-03
1.402673311531543732e-03
1.388029195368289948e-03
1.372594386339187622e-03
1.357670873403549194e-03
1.342810690402984619e-03
1.328251324594020844e-03
1.313178800046443939e-03
1.299072988331317902e-03
1.285081729292869568e-03
1.271141692996025085e-03
1.256163232028484344e-03
1.241398043930530548e-03
1.227016560733318329e-03
1.213063485920429230e-03
1.198590733110904694e-03
1.184445805847644806e-03
1.170353032648563385e-03
1.156764104962348938e-03
1.143147237598896027e-03
1.129508949816226959e-03
1.115839928388595581e-03
1.101844944059848785e-03
1.088059507310390472e-03
1.074391417205333710e-03
1.061633229255676270e-03
1.048001460731029510e-03
1.034916378557682037e-03
1.021598465740680695e-03
1.009114086627960205e-03
9.960262104868888855e-04
9.835297241806983948e-04
9.705657139420509338e-04
9.585395455360412598e-04
9.457767009735107422e-04
9.336182847619056702e-04
9.209839627146720886e-04
9.094988927245140076e-04
8.972110226750373840e-04
8.852053433656692505e-04
8.724825456738471985e-04
8.610272780060768127e-04
8.491845801472663879e-04
8.376594632863998413e-04
8.252598345279693604e-04
8.135642856359481812e-04
8.013844490051269531e-04
7.896907627582550049e-04
7.777651771903038025e-04
7.666135206818580627e-04
7.549319416284561157e-04
7.433211430907249451e-04
7.317541167140007019e-04
7.209628820419311523e-04
7.100775837898254395e-04
6.986428052186965942e-04
6.872257217764854431e-04
6.761159747838973999e-04
6.655445322394371033e-04
6.545288488268852234e-04
6.436323747038841248e-04
6.325999274849891663e-04
6.226627156138420105e-04
6.119292229413986206e-04
6.016269326210021973e-04
5.906857550144195557e-04
5.807271227240562439e-04
5.700234323740005493e-04
5.596941336989402771e-04
5.487408488988876343e-04
5.389563739299774170e-04
5.314471200108528137e-04
5.243550986051559448e-04
5.140621215105056763e-04
5.038976669311523438e-04
4.916498437523841858e-04
4.824865609407424927e-04
4.744762554764747620e-04
4.652729257941246033e-04
4.559019580483436584e-04
4.464797675609588623e-04
4.377458244562149048e-04
4.286058247089385986e-04
4.201438277959823608e-04
4.115225747227668762e-04
4.037460312247276306e-04
3.954656422138214111e-04
3.873473033308982849e-04
3.791721537709236145e-04
3.710221499204635620e-04
3.631953150033950806e-04
3.549801185727119446e-04
3.469120711088180542e-04
3.387406468391418457e-04
3.317175433039665222e-04
3.245389088988304138e-04
3.171749413013458252e-04
3.101006150245666504e-04
3.026118502020835876e-04
2.961093559861183167e-04
2.894615754485130310e-04
2.830494195222854614e-04
2.765096724033355713e-04
2.700341865420341492e-04
2.644611522555351257e-04
2.584559842944145203e-04
2.527860924601554871e-04
2.470286563038825989e-04
2.411529421806335449e-04
2.360381186008453369e-04
2.304408699274063110e-04
2.249376848340034485e-04
2.197260037064552307e-04
2.140328288078308105e-04
2.089180052280426025e-04
2.034306526184082031e-04
1.978790387511253357e-04
1.928890123963356018e-04
1.875199377536773682e-04
1.827143132686614990e-04
1.780502498149871826e-04
1.729549840092658997e-04
1.682089641690254211e-04
1.630820333957672119e-04
1.577381044626235962e-04
1.530684530735015869e-04
1.477180048823356628e-04
1.428853720426559448e-04
1.379009336233139038e-04
1.323763281106948853e-04
1.275949180126190186e-04
1.227641478180885315e-04
1.181680709123611450e-04
1.138253137469291687e-04
1.088026911020278931e-04
1.041768118739128113e-04
9.961239993572235107e-05
9.506847709417343140e-05
9.115971624851226807e-05
8.659623563289642334e-05
8.225347846746444702e-05
7.817614823579788208e-05
7.391069084405899048e-05
7.026921957731246948e-05
6.642937660217285156e-05
6.275251507759094238e-05
5.976110696792602539e-05
5.656015127897262573e-05
5.375128239393234253e-05
5.088467150926589966e-05
4.775356501340866089e-05
4.521757364273071289e-05
4.268996417522430420e-05
4.046782851219177246e-05
3.835465759038925171e-05
3.625079989433288574e-05
3.482494503259658813e-05
3.357511013746261597e-05
3.235135227441787720e-05
3.135856240987777710e-05
3.027729690074920654e-05
2.956669777631759644e-05
2.906564623117446899e-05
2.873409539461135864e-05
2.852361649274826050e-05
2.821162343025207520e-05
2.790801227092742920e-05
2.758763730525970459e-05
2.712663263082504272e-05
2.657435834407806396e-05
2.604071050882339478e-05
2.534873783588409424e-05
2.481881529092788696e-05
2.413056790828704834e-05
2.349261194467544556e-05
2.302601933479309082e-05
2.266652882099151611e-05
2.248212695121765137e-05
2.222508192062377930e-05
2.184137701988220215e-05
2.147071063518524170e-05
2.078525722026824951e-05
2.012681216001510620e-05
1.965183764696121216e-05
1.887232065200805664e-05
1.800432801246643066e-05
1.696497201919555664e-05
1.626741141080856323e-05
1.556333154439926147e-05
1.470185816287994385e-05
1.396704465150833130e-05
1.315213739871978760e-05
1.231860369443893433e-05
1.133698970079421997e-05
1.060031354427337646e-05
9.843148291110992432e-06
9.113922715187072754e-06
8.558854460716247559e-06
8.122995495796203613e-06
7.716007530689239502e-06
7.294118404388427734e-06
6.944872438907623291e-06
6.641261279582977295e-06
6.328336894512176514e-06
6.087124347686767578e-06
5.797483026981353760e-06
5.442649126052856445e-06
4.856847226619720459e-06
4.362314939498901367e-06
3.864057362079620361e-06
3.407709300518035889e-06
3.072433173656463623e-06
2.733431756496429443e-06
2.104789018630981445e-06
1.468695700168609619e-06
9.080395102500915527e-07
3.753229975700378418e-07
-7.357448339462280273e-08
-4.302710294723510742e-07
-7.133930921554565430e-07
-9.834766387939453125e-07
-1.369975507259368896e-06
-1.709908246994018555e-06
-2.020038664340972900e-06
-2.336688339710235596e-06
-2.759508788585662842e-06
-3.091990947723388672e-06
-3.444962203502655029e-06
-3.728084266185760498e-06
-4.022382199764251709e-06
-4.329718649387359619e-06
-4.612840712070465088e-06
-4.916451871395111084e-06
-5.171634256839752197e-06
-5.399808287620544434e-06
-5.518086254596710205e-06
-5.618669092655181885e-06
-5.656853318214416504e-06
-5.708076059818267822e-06
-5.748122930526733398e-06
-5.806796252727508545e-06
-5.858950316905975342e-06
-6.013549864292144775e-06
-6.238929927349090576e-06
-6.377696990966796875e-06
-6.539747118949890137e-06
-7.075257599353790283e-06
-7.349997758865356445e-06
-7.353723049163818359e-06
-7.353723049163818359e-06
-7.356517016887664795e-06
-7.368624210357666016e-06
-7.359310984611511230e-06
-7.370486855506896973e-06
-7.364898920059204102e-06
-7.380731403827667236e-06
-7.370486855506896973e-06
-7.360242307186126709e-06
-7.377006113529205322e-06
-7.354654371738433838e-06
-7.374212145805358887e-06
-7.381662726402282715e-06
-7.335096597671508789e-06
-7.366761565208435059e-06
-7.368624210357666016e-06
-7.349997758865356445e-06
