-5.145557224750518799e-06
-5.135312676429748535e-06
-5.154870450496673584e-06
-5.139037966728210449e-06
-5.157664418220520020e-06
-5.191192030906677246e-06
-5.127862095832824707e-06
-5.153007805347442627e-06
-3.739260137081146240e-06
-1.154839992523193359e-07
1.108273863792419434e-06
1.683831214904785156e-06
2.223066985607147217e-06
2.784654498100280762e-06
3.127381205558776855e-06
3.998167812824249268e-06
4.328787326812744141e-06
4.891306161880493164e-06
6.906688213348388672e-06
8.916482329368591309e-06
1.103896647691726685e-05
1.303385943174362183e-05
1.434702426195144653e-05
1.593865454196929932e-05
1.774262636899948120e-05
1.950562000274658203e-05
2.152100205421447754e-05
2.390611916780471802e-05
2.581160515546798706e-05
2.803280949592590332e-05
3.152526915073394775e-05
3.369525074958801270e-05
3.726966679096221924e-05
4.063453525304794312e-05
4.424620419740676880e-05
4.979129880666732788e-05
6.044469773769378662e-05
7.459800690412521362e-05
9.477790445089340210e-05
1.321220770478248596e-04
1.802518963813781738e-04
2.352073788642883301e-04
2.935724332928657532e-04
3.544231876730918884e-04
4.155263304710388184e-04
4.805279895663261414e-04
5.487585440278053284e-04
6.202831864356994629e-04
6.953710690140724182e-04
7.732985541224479675e-04
8.529098704457283020e-04
9.306855499744415283e-04
1.007652841508388519e-03
1.081649214029312134e-03
1.153321005403995514e-03
1.222618855535984039e-03
1.290552318096160889e-03
1.355974003672599792e-03
1.418581232428550720e-03
1.479998230934143066e-03
1.541444100439548492e-03
1.602029427886009216e-03
1.661608926951885223e-03
1.719820313155651093e-03
1.778276637196540833e-03
1.836818642914295197e-03
1.894047483801841736e-03
1.949456520378589630e-03
2.003851346671581268e-03
2.056160010397434235e-03
2.072605304419994354e-03
2.054720185697078705e-03
2.032496035099029541e-03
2.010206691920757294e-03
1.989916898310184479e-03
1.970013603568077087e-03
1.951252110302448273e-03
1.932613551616668701e-03
1.913622952997684479e-03
1.893684267997741699e-03
1.872909255325794220e-03
1.852871850132942200e-03
1.833504065871238708e-03
1.813943497836589813e-03
1.793938688933849335e-03
1.774489879608154297e-03
1.755341887474060059e-03
1.735835336148738861e-03
1.716730184853076935e-03
1.698415726423263550e-03
1.680305227637290955e-03
1.661273650825023651e-03
1.641811802983283997e-03
1.622412353754043579e-03
1.604325138032436371e-03
1.585434190928936005e-03
1.567098312079906464e-03
1.548130065202713013e-03
1.530420035123825073e-03
1.512319780886173248e-03
1.494815573096275330e-03
1.476583071053028107e-03
1.458916813135147095e-03
1.440282911062240601e-03
1.422612927854061127e-03
1.405184157192707062e-03
1.388120464980602264e-03
1.370219513773918152e-03
1.353224739432334900e-03
1.336139626801013947e-03
1.319592818617820740e-03
1.302690245211124420e-03
1.286045648157596588e-03
1.269740983843803406e-03
1.253571361303329468e-03
1.237124204635620117e-03
1.220951788127422333e-03
1.205172389745712280e-03
1.189676113426685333e-03
1.173574477434158325e-03
1.157477498054504395e-03
1.141388900578022003e-03
1.126429066061973572e-03
1.110911369323730469e-03
1.095510087907314301e-03
1.079224050045013428e-03
1.064065843820571899e-03
1.048129051923751831e-03
1.032976433634757996e-03
1.017410308122634888e-03
1.002941280603408813e-03
9.872326627373695374e-04
9.723361581563949585e-04
9.571695700287818909e-04
9.435489773750305176e-04
9.285537526011466980e-04
9.138556197285652161e-04
8.987570181488990784e-04
8.850451558828353882e-04
8.705239742994308472e-04
8.564330637454986572e-04
8.414629846811294556e-04
8.282242342829704285e-04
8.144434541463851929e-04
8.008237928152084351e-04
7.868772372603416443e-04
7.732305675745010376e-04
7.597021758556365967e-04
7.457276806235313416e-04
7.318491116166114807e-04
7.180487737059593201e-04
7.061827927827835083e-04
6.991820409893989563e-04
6.860075518488883972e-04
6.725881248712539673e-04
6.588539108633995056e-04
6.408840417861938477e-04
6.337380036711692810e-04
6.211511790752410889e-04
6.092432886362075806e-04
5.965698510408401489e-04
5.848407745361328125e-04
5.730371922254562378e-04
5.614971742033958435e-04
5.503287538886070251e-04
5.394844338297843933e-04
5.291411653161048889e-04
5.181198939681053162e-04
5.077235400676727295e-04
4.966892302036285400e-04
4.865722730755805969e-04
4.759412258863449097e-04
4.651974886655807495e-04
4.545766860246658325e-04
4.443824291229248047e-04
4.354966804385185242e-04
4.255576059222221375e-04
4.164129495620727539e-04
4.066321998834609985e-04
3.975015133619308472e-04
3.889976069331169128e-04
3.802599385380744934e-04
3.719748929142951965e-04
3.630379214882850647e-04
3.554495051503181458e-04
3.478238359093666077e-04
3.400249406695365906e-04
3.327419981360435486e-04
3.248546272516250610e-04
3.178073093295097351e-04
3.108475357294082642e-04
3.033187240362167358e-04
2.965619787573814392e-04
2.893330529332160950e-04
2.821488305926322937e-04
2.753669396042823792e-04
2.678437158465385437e-04
2.610888332128524780e-04
2.543888986110687256e-04
2.474104985594749451e-04
2.414798364043235779e-04
2.350294962525367737e-04
2.285121008753776550e-04
2.222191542387008667e-04
2.150507643818855286e-04
2.086674794554710388e-04
2.021091058850288391e-04
1.952350139617919922e-04
1.890081912279129028e-04
1.819562166929244995e-04
1.752097159624099731e-04
1.690108329057693481e-04
1.625865697860717773e-04
1.569958403706550598e-04
1.508491113781929016e-04
1.442842185497283936e-04
1.384345814585685730e-04
1.322571188211441040e-04
1.268787309527397156e-04
1.213792711496353149e-04
1.152530312538146973e-04
1.099752262234687805e-04
1.044301316142082214e-04
9.921472519636154175e-05
9.438488632440567017e-05
8.921325206756591797e-05
8.500739932060241699e-05
8.101854473352432251e-05
7.697194814682006836e-05
7.337238639593124390e-05
6.932951509952545166e-05
6.561353802680969238e-05
6.232783198356628418e-05
5.907379090785980225e-05
5.642324686050415039e-05
5.349516868591308594e-05
5.120690912008285522e-05
4.946906119585037231e-05
4.778150469064712524e-05
4.643481224775314331e-05
4.505459219217300415e-05
4.380848258733749390e-05
4.304293543100357056e-05
4.252791404724121094e-05
4.217121750116348267e-05
4.182476550340652466e-05
4.139635711908340454e-05
4.103127866983413696e-05
4.054419696331024170e-05
3.981310874223709106e-05
3.913231194019317627e-05
3.834813833236694336e-05
3.752019256353378296e-05
3.671459853649139404e-05
3.583729267120361328e-05
3.511179238557815552e-05
3.453530371189117432e-05
3.424659371376037598e-05
3.394298255443572998e-05
3.350432962179183960e-05
3.301724791526794434e-05
3.236904740333557129e-05
3.139674663543701172e-05
3.068987280130386353e-05
2.986006438732147217e-05
2.880021929740905762e-05
2.748612314462661743e-05
2.634152770042419434e-05
2.542044967412948608e-05
2.438575029373168945e-05
2.338644117116928101e-05
2.232007682323455811e-05
2.132542431354522705e-05
2.008955925703048706e-05
1.889746636152267456e-05
1.801177859306335449e-05
1.696683466434478760e-05
1.611374318599700928e-05
1.547578722238540649e-05
1.495704054832458496e-05
1.441221684217453003e-05
1.386087387800216675e-05
1.347716897726058960e-05
1.307856291532516479e-05
1.269206404685974121e-05
1.229625195264816284e-05
1.196097582578659058e-05
1.129973679780960083e-05
1.059100031852722168e-05
9.909272193908691406e-06
9.299255907535552979e-06
8.783303201198577881e-06
8.306466042995452881e-06
7.690861821174621582e-06
6.888993084430694580e-06
6.086193025112152100e-06
5.363486707210540771e-06
4.683621227741241455e-06
4.184432327747344971e-06
3.774650394916534424e-06
3.403052687644958496e-06
2.929009497165679932e-06
2.563931047916412354e-06
2.061016857624053955e-06
1.657754182815551758e-06
1.201406121253967285e-06
6.873160600662231445e-07
2.197921276092529297e-07
-2.235174179077148438e-07
-5.671754479408264160e-07
-9.601935744285583496e-07
-1.350417733192443848e-06
-1.750886440277099609e-06
-2.115033566951751709e-06
-2.430751919746398926e-06
-2.656131982803344727e-06
-2.834014594554901123e-06
-2.915039658546447754e-06
-2.977438271045684814e-06
-3.003515303134918213e-06
-3.107823431491851807e-06
-3.180466592311859131e-06
-3.318302333354949951e-06
-3.519468009471893311e-06
-3.757886588573455811e-06
-4.005618393421173096e-06
-4.349276423454284668e-06
-5.175359547138214111e-06
-5.180947482585906982e-06
-5.171634256839752197e-06
-5.150213837623596191e-06
-5.133450031280517578e-06
-5.154870450496673584e-06
-5.166046321392059326e-06
-5.145557224750518799e-06
-5.175359547138214111e-06
-5.167908966541290283e-06
-5.180016160011291504e-06
-5.192123353481292725e-06
-5.166977643966674805e-06
-5.164183676242828369e-06
-5.174428224563598633e-06
-5.169771611690521240e-06
-5.166977643966674805e-06
-5.152076482772827148e-06
-5.160458385944366455e-06
