-7.333233952522277832e-06
-7.284805178642272949e-06
-7.317401468753814697e-06
-7.347203791141510010e-06
-7.304362952709197998e-06
-7.317401468753814697e-06
-7.288530468940734863e-06
-7.309019565582275391e-06
-7.322058081626892090e-06
-7.338821887969970703e-06
-5.881302058696746826e-06
-4.759989678859710693e-06
-3.426335752010345459e-06
-2.688728272914886475e-06
-2.192333340644836426e-06
-1.786276698112487793e-06
-1.358799636363983154e-06
-1.147389411926269531e-06
-5.839392542839050293e-07
-9.872019290924072266e-08
4.358589649200439453e-07
2.560205757617950439e-06
3.715045750141143799e-06
4.997476935386657715e-06
6.165355443954467773e-06
7.387250661849975586e-06
8.394941687583923340e-06
9.710900485515594482e-06
1.129880547523498535e-05
1.250859349966049194e-05
1.423899084329605103e-05
1.624599099159240723e-05
1.856498420238494873e-05
2.104695886373519897e-05
2.299714833498001099e-05
2.569705247879028320e-05
2.833828330039978027e-05
3.365520387887954712e-05
4.250835627317428589e-05
5.508214235305786133e-05
7.179472595453262329e-05
1.052236184477806091e-04
1.455210149288177490e-04
1.898249611258506775e-04
2.375496551394462585e-04
2.851998433470726013e-04
3.362400457262992859e-04
3.893217071890830994e-04
4.457579925656318665e-04
5.060480907559394836e-04
5.682008340954780579e-04
6.309906020760536194e-04
6.924979388713836670e-04
7.522925734519958496e-04
8.110757917165756226e-04
8.687442168593406677e-04
9.240880608558654785e-04
9.778309613466262817e-04
1.029609702527523041e-03
1.079659909009933472e-03
1.128615811467170715e-03
1.177989877760410309e-03
1.226461492478847504e-03
1.274298876523971558e-03
1.321678049862384796e-03
1.368799246847629547e-03
1.416174694895744324e-03
1.462709158658981323e-03
1.508683897554874420e-03
1.552860252559185028e-03
1.596507616341114044e-03
1.618468202650547028e-03
1.607290469110012054e-03
1.589129678905010223e-03
1.569640822708606720e-03
1.550855115056037903e-03
1.532108522951602936e-03
1.514706760644912720e-03
1.497603952884674072e-03
1.481406390666961670e-03
1.464518718421459198e-03
1.448038034141063690e-03
1.431829296052455902e-03
1.415441744029521942e-03
1.398785039782524109e-03
1.382445916533470154e-03
1.366631127893924713e-03
1.350411213934421539e-03
1.334432512521743774e-03
1.318334601819515228e-03
1.302262768149375916e-03
1.286199316382408142e-03
1.270905137062072754e-03
1.255958341062068939e-03
1.240282319486141205e-03
1.224803738296031952e-03
1.209588721394538879e-03
1.195048913359642029e-03
1.179739832878112793e-03
1.164450310170650482e-03
1.149671152234077454e-03
1.135069876909255981e-03
1.120635308325290680e-03
1.105739735066890717e-03
1.091391779482364655e-03
1.076628454029560089e-03
1.062363386154174805e-03
1.048455014824867249e-03
1.034067012369632721e-03
1.019942574203014374e-03
1.005588099360466003e-03
9.920047596096992493e-04
9.780181571841239929e-04
9.644227102398872375e-04
9.506978094577789307e-04
9.373752400279045105e-04
9.238626807928085327e-04
9.102299809455871582e-04
8.973330259323120117e-04
8.839359506964683533e-04
8.706832304596900940e-04
8.569695055484771729e-04
8.444283157587051392e-04
8.314894512295722961e-04
8.187368512153625488e-04
8.052540943026542664e-04
7.924232631921768188e-04
7.795710116624832153e-04
7.668035104870796204e-04
7.543079555034637451e-04
7.413374260067939758e-04
7.288316264748573303e-04
7.162578403949737549e-04
7.048351690173149109e-04
6.924355402588844299e-04
6.803264841437339783e-04
6.678849458694458008e-04
6.563216447830200195e-04
6.440887227654457092e-04
6.319181993603706360e-04
6.201583892107009888e-04
6.088037043809890747e-04
5.972599610686302185e-04
5.855634808540344238e-04
5.742730572819709778e-04
5.626874044537544250e-04
5.512665957212448120e-04
5.394965410232543945e-04
5.288030952215194702e-04
5.200328305363655090e-04
5.120048299431800842e-04
5.006045103073120117e-04
4.889043048024177551e-04
4.771072417497634888e-04
4.679663106799125671e-04
4.578074440360069275e-04
4.473747685551643372e-04
4.372308030724525452e-04
4.274817183613777161e-04
4.176860675215721130e-04
4.080487415194511414e-04
3.989152610301971436e-04
3.896374255418777466e-04
3.802943974733352661e-04
3.708302974700927734e-04
3.619147464632987976e-04
3.528920933604240417e-04
3.435881808400154114e-04
3.343531861901283264e-04
3.262609243392944336e-04
3.180122002959251404e-04
3.096070140600204468e-04
3.010351210832595825e-04
2.930639311671257019e-04
2.857120707631111145e-04
2.780184149742126465e-04
2.703228965401649475e-04
2.631098031997680664e-04
2.569016069173812866e-04
2.501532435417175293e-04
2.435026690363883972e-04
2.366788685321807861e-04
2.305461093783378601e-04
2.240678295493125916e-04
2.177404239773750305e-04
2.113096415996551514e-04
2.051070332527160645e-04
1.990962773561477661e-04
1.927334815263748169e-04
1.869183033704757690e-04
1.809857785701751709e-04
1.757312566041946411e-04
1.701861619949340820e-04
1.645740121603012085e-04
1.586396247148513794e-04
1.525999978184700012e-04
1.471173018217086792e-04
1.413542777299880981e-04
1.358110457658767700e-04
1.297211274504661560e-04
1.243986189365386963e-04
1.191953197121620178e-04
1.139808446168899536e-04
1.088762655854225159e-04
1.032818108797073364e-04
9.823404252529144287e-05
9.306333959102630615e-05
8.829962462186813354e-05
8.316244930028915405e-05
7.838755846023559570e-05
7.381569594144821167e-05
6.940122693777084351e-05
6.534997373819351196e-05
6.120372563600540161e-05
5.784723907709121704e-05
5.441438406705856323e-05
5.121715366840362549e-05
4.787091165781021118e-05
4.473980516195297241e-05
4.204083234071731567e-05
3.935396671295166016e-05
3.708153963088989258e-05
3.495812416076660156e-05
3.353599458932876587e-05
3.220140933990478516e-05
3.104005008935928345e-05
2.994574606418609619e-05
2.908892929553985596e-05
2.858228981494903564e-05
2.819485962390899658e-05
2.790987491607666016e-05
2.760626375675201416e-05
2.729613333940505981e-05
2.689473330974578857e-05
2.627819776535034180e-05
2.578459680080413818e-05
2.503953874111175537e-05
2.438761293888092041e-05
2.369564026594161987e-05
2.305302768945693970e-05
2.259854227304458618e-05
2.224557101726531982e-05
2.194754779338836670e-05
2.151913940906524658e-05
2.099294215440750122e-05
2.020224928855895996e-05
1.951958984136581421e-05
1.883506774902343750e-05
1.786090433597564697e-05
1.690909266471862793e-05
1.610070466995239258e-05
1.529511064291000366e-05
1.431349664926528931e-05
1.351535320281982422e-05
1.254398375749588013e-05
1.152791082859039307e-05
1.063942909240722656e-05
9.843148291110992432e-06
9.032897651195526123e-06
8.527189493179321289e-06
8.068047463893890381e-06
7.624737918376922607e-06
7.164664566516876221e-06
6.869435310363769531e-06
6.575137376785278320e-06
6.272457540035247803e-06
5.984678864479064941e-06
5.444511771202087402e-06
4.870817065238952637e-06
4.311092197895050049e-06
3.837049007415771484e-06
3.415159881114959717e-06
3.018416464328765869e-06
2.288259565830230713e-06
1.653097569942474365e-06
1.009553670883178711e-06
5.792826414108276367e-07
2.114102244377136230e-07
-1.238659024238586426e-07
-4.749745130538940430e-07
-8.232891559600830078e-07
-1.191161572933197021e-06
-1.577660441398620605e-06
-1.963227987289428711e-06
-2.277083694934844971e-06
-2.608634531497955322e-06
-2.939254045486450195e-06
-3.372319042682647705e-06
-3.712251782417297363e-06
-4.124827682971954346e-06
-4.471279680728912354e-06
-4.691071808338165283e-06
-4.820525646209716797e-06
-4.852190613746643066e-06
-4.913657903671264648e-06
-4.934147000312805176e-06
-5.011446774005889893e-06
-5.188398063182830811e-06
-5.416572093963623047e-06
-5.577690899372100830e-06
-5.810521543025970459e-06
-5.971640348434448242e-06
-6.076879799365997314e-06
-6.202608346939086914e-06
-6.490387022495269775e-06
-6.694346666336059570e-06
-6.908550858497619629e-06
-7.213093340396881104e-06
-7.334165275096893311e-06
-7.313676178455352783e-06
-7.348135113716125488e-06
-7.339753210544586182e-06
-7.330439984798431396e-06
-7.359310984611511230e-06
-7.345341145992279053e-06
-7.302500307559967041e-06
-7.324852049350738525e-06
-7.328577339649200439e-06
-7.323920726776123047e-06
-7.313676178455352783e-06
-7.343478500843048096e-06
-7.327646017074584961e-06
-7.321126759052276611e-06
-7.320195436477661133e-06
-7.331371307373046875e-06
-7.327646017074584961e-06
