-5.001202225685119629e-06
-5.003996193408966064e-06
-5.020759999752044678e-06
-5.028210580348968506e-06
-5.028210580348968506e-06
-5.009584128856658936e-06
-5.049630999565124512e-06
-4.980713129043579102e-06
-5.041249096393585205e-06
-5.012378096580505371e-06
-2.488493919372558594e-06
-8.800998330116271973e-07
6.444752216339111328e-07
1.357868313789367676e-06
1.982785761356353760e-06
2.543441951274871826e-06
2.956017851829528809e-06
3.496184945106506348e-06
4.124827682971954346e-06
4.746951162815093994e-06
7.200054824352264404e-06
8.812174201011657715e-06
1.039635390043258667e-05
1.185201108455657959e-05
1.358706504106521606e-05
1.499522477388381958e-05
1.644156873226165771e-05
1.850165426731109619e-05
2.019386738538742065e-05
2.225860953330993652e-05
2.474058419466018677e-05
2.746563404798507690e-05
3.068894147872924805e-05
3.345962613821029663e-05
3.651343286037445068e-05
4.007853567600250244e-05
4.500150680541992188e-05
5.399342626333236694e-05
6.801448762416839600e-05
8.705817162990570068e-05
1.194365322589874268e-04
1.685079187154769897e-04
2.237344160676002502e-04
2.845721319317817688e-04
3.472790122032165527e-04
4.112208262085914612e-04
4.801172763109207153e-04
5.516288802027702332e-04
6.279870867729187012e-04
7.090466096997261047e-04
7.910560816526412964e-04
8.721398189663887024e-04
9.520323947072029114e-04
1.030058600008487701e-03
1.106589101254940033e-03
1.180609688162803650e-03
1.252136193215847015e-03
1.321241259574890137e-03
1.387333497405052185e-03
1.451889984309673309e-03
1.516614109277725220e-03
1.581068150699138641e-03
1.644147560000419617e-03
1.705999486148357391e-03
1.767429523169994354e-03
1.829101704061031342e-03
1.891046762466430664e-03
1.951918005943298340e-03
2.010793425142765045e-03
2.068343572318553925e-03
2.119608223438262939e-03
2.119838260114192963e-03
2.099815756082534790e-03
2.074437215924263000e-03
2.049360424280166626e-03
2.025046385824680328e-03
2.001156099140644073e-03
1.978673040866851807e-03
1.956991851329803467e-03
1.935482025146484375e-03
1.913533546030521393e-03
1.892107538878917694e-03
1.871151849627494812e-03
1.849057152867317200e-03
1.827628351747989655e-03
1.806539483368396759e-03
1.785784028470516205e-03
1.764588989317417145e-03
1.743607223033905029e-03
1.722671091556549072e-03
1.701384782791137695e-03
1.680993475019931793e-03
1.661277376115322113e-03
1.641482114791870117e-03
1.620790921151638031e-03
1.600529067218303680e-03
1.581400632858276367e-03
1.561745069921016693e-03
1.541993580758571625e-03
1.521816477179527283e-03
1.502983272075653076e-03
1.483824104070663452e-03
1.464658416807651520e-03
1.445607282221317291e-03
1.426281407475471497e-03
1.407627947628498077e-03
1.388810575008392334e-03
1.370766200125217438e-03
1.351618207991123199e-03
1.333354972302913666e-03
1.314923167228698730e-03
1.296787522733211517e-03
1.278826035559177399e-03
1.260537654161453247e-03
1.243357546627521515e-03
1.225361600518226624e-03
1.207946799695491791e-03
1.190236769616603851e-03
1.173306256532669067e-03
1.155639998614788055e-03
1.138078048825263977e-03
1.120932400226593018e-03
1.104088500142097473e-03
1.087426207959651947e-03
1.069937832653522491e-03
1.053108833730220795e-03
1.035778783261775970e-03
1.019453629851341248e-03
1.002411358058452606e-03
9.862212464213371277e-04
9.690690785646438599e-04
9.528575465083122253e-04
9.370921179652214050e-04
9.216442704200744629e-04
9.055128321051597595e-04
8.892426267266273499e-04
8.737407624721527100e-04
8.579054847359657288e-04
8.421577513217926025e-04
8.258167654275894165e-04
8.114054799079895020e-04
7.959185168147087097e-04
7.810592651367187500e-04
7.655061781406402588e-04
7.510045543313026428e-04
7.355781272053718567e-04
7.206061854958534241e-04
7.057515904307365417e-04
6.923358887434005737e-04
6.838869303464889526e-04
6.691571325063705444e-04
6.542503833770751953e-04
6.368476897478103638e-04
6.259027868509292603e-04
6.122980266809463501e-04
5.989307537674903870e-04
5.850540474057197571e-04
5.723508074879646301e-04
5.592666566371917725e-04
5.468335002660751343e-04
5.342233926057815552e-04
5.225026980042457581e-04
5.099494010210037231e-04
4.978887736797332764e-04
4.856232553720474243e-04
4.740720614790916443e-04
4.618233069777488708e-04
4.498278722167015076e-04
4.381816834211349487e-04
4.279892891645431519e-04
4.166308790445327759e-04
4.057521000504493713e-04
3.944970667362213135e-04
3.847889602184295654e-04
3.747483715415000916e-04
3.648791462182998657e-04
3.546252846717834473e-04
3.463542088866233826e-04
3.375941887497901917e-04
3.288984298706054688e-04
3.200443461537361145e-04
3.115097060799598694e-04
3.032898530364036560e-04
2.947319298982620239e-04
2.865111455321311951e-04
2.779150381684303284e-04
2.702996134757995605e-04
2.619931474328041077e-04
2.540796995162963867e-04
2.463078126311302185e-04
2.389419823884963989e-04
2.319989725947380066e-04
2.245577052235603333e-04
2.171676605939865112e-04
2.089915797114372253e-04
2.017067745327949524e-04
1.941900700330734253e-04
1.869378611445426941e-04
1.792088150978088379e-04
1.715896651148796082e-04
1.648124307394027710e-04
1.578507944941520691e-04
1.512663438916206360e-04
1.440821215510368347e-04
1.371968537569046021e-04
1.303888857364654541e-04
1.239441335201263428e-04
1.174826174974441528e-04
1.107109710574150085e-04
1.049004495143890381e-04
9.874161332845687866e-05
9.332317858934402466e-05
8.790288120508193970e-05
8.292682468891143799e-05
7.857289165258407593e-05
7.415562868118286133e-05
6.991811096668243408e-05
6.549339741468429565e-05
6.183516234159469604e-05
5.820393562316894531e-05
5.506630986928939819e-05
5.203764885663986206e-05
4.971213638782501221e-05
4.798546433448791504e-05
4.631374031305313110e-05
4.485715180635452271e-05
4.353933036327362061e-05
4.262756556272506714e-05
4.212092608213424683e-05
4.166457802057266235e-05
4.128087311983108521e-05
4.089623689651489258e-05
4.044640809297561646e-05
3.975909203290939331e-05
3.903638571500778198e-05
3.823731094598770142e-05
3.728270530700683594e-05
3.639422357082366943e-05
3.546848893165588379e-05
3.481749445199966431e-05
3.427825868129730225e-05
3.387127071619033813e-05
3.341212868690490723e-05
3.280863165855407715e-05
3.190338611602783203e-05
3.088824450969696045e-05
3.012176603078842163e-05
2.895575016736984253e-05
2.764165401458740234e-05
2.647377550601959229e-05
2.549774944782257080e-05
2.427678555250167847e-05
2.312380820512771606e-05
2.204906195402145386e-05
2.064462751150131226e-05
1.938920468091964722e-05
1.827720552682876587e-05
1.725275069475173950e-05
1.632049679756164551e-05
1.574866473674774170e-05
1.511350274085998535e-05
1.456402242183685303e-05
1.401361078023910522e-05
1.370441168546676636e-05
1.327786594629287720e-05
1.291837543249130249e-05
1.239869743585586548e-05
1.161452382802963257e-05
1.089647412300109863e-05
1.023989170789718628e-05
9.629875421524047852e-06
9.205192327499389648e-06
8.301809430122375488e-06
7.441267371177673340e-06
6.640329957008361816e-06
5.890615284442901611e-06
5.361624062061309814e-06
4.956498742103576660e-06
4.470348358154296875e-06
4.036352038383483887e-06
3.590248525142669678e-06
3.099441528320312500e-06
2.547167241573333740e-06
2.065673470497131348e-06
1.657754182815551758e-06
1.238659024238586426e-06
7.329508662223815918e-07
2.318993210792541504e-07
-2.682209014892578125e-07
-7.785856723785400391e-07
-1.166015863418579102e-06
-1.391395926475524902e-06
-1.507811248302459717e-06
-1.576729118824005127e-06
-1.610256731510162354e-06
-1.697801053524017334e-06
-1.779757440090179443e-06
-2.127140760421752930e-06
-2.375803887844085693e-06
-2.619810402393341064e-06
-2.897344529628753662e-06
-3.091990947723388672e-06
-3.145076334476470947e-06
-3.478489816188812256e-06
-3.837980329990386963e-06
-3.978610038757324219e-06
-4.248693585395812988e-06
-4.770234227180480957e-06
-4.736706614494323730e-06
-4.741363227367401123e-06
-4.773028194904327393e-06
-4.746951162815093994e-06
-4.737637937068939209e-06
-4.719942808151245117e-06
-4.732981324195861816e-06
-4.742294549942016602e-06
-4.730187356472015381e-06
-4.751607775688171387e-06
-4.741363227367401123e-06
-4.707835614681243896e-06
-4.708766937255859375e-06
-4.720874130725860596e-06
-4.768371582031250000e-06
-4.744157195091247559e-06
-4.728324711322784424e-06
-4.755333065986633301e-06
