-8.287839591503143311e-06
-8.282251656055450439e-06
-8.264556527137756348e-06
-8.281320333480834961e-06
-8.281320333480834961e-06
-8.275732398033142090e-06
-8.283182978630065918e-06
-8.281320333480834961e-06
-8.295290172100067139e-06
-8.278526365756988525e-06
-8.275732398033142090e-06
-8.285045623779296875e-06
-8.297152817249298096e-06
-8.281320333480834961e-06
-8.277595043182373047e-06
-8.266419172286987305e-06
-8.281320333480834961e-06
-8.293427526950836182e-06
-8.255243301391601562e-06
-8.279457688331604004e-06
-8.297152817249298096e-06
-8.293427526950836182e-06
-8.282251656055450439e-06
-8.272007107734680176e-06
-8.270144462585449219e-06
-8.284114301204681396e-06
-8.290633559226989746e-06
-8.275732398033142090e-06
-8.284114301204681396e-06
-8.280389010906219482e-06
-8.270144462585449219e-06
-8.261762559413909912e-06
-8.281320333480834961e-06
-8.282251656055450439e-06
-8.273869752883911133e-06
-8.310191333293914795e-06
-8.271075785160064697e-06
-8.267350494861602783e-06
-8.262693881988525391e-06
-8.280389010906219482e-06
-8.284114301204681396e-06
-8.291564881801605225e-06
-8.274801075458526611e-06
-8.271075785160064697e-06
-8.266419172286987305e-06
-8.258968591690063477e-06
-8.266419172286987305e-06
-8.266419172286987305e-06
-8.274801075458526611e-06
-8.292496204376220703e-06
-8.282251656055450439e-06
-8.284114301204681396e-06
-8.269213140010833740e-06
-8.292496204376220703e-06
-8.259899914264678955e-06
-8.268281817436218262e-06
-8.292496204376220703e-06
-8.296221494674682617e-06
-8.282251656055450439e-06
-8.298084139823913574e-06
-8.274801075458526611e-06
-8.284114301204681396e-06
-8.280389010906219482e-06
-8.293427526950836182e-06
-8.270144462585449219e-06
-8.295290172100067139e-06
-8.261762559413909912e-06
-7.429160177707672119e-06
-6.280839443206787109e-06
-4.592351615428924561e-06
-3.372319042682647705e-06
-2.944841980934143066e-06
7.273629307746887207e-07
3.830529749393463135e-06
8.331611752510070801e-06
1.097377389669418335e-05
1.446157693862915039e-05
1.749768853187561035e-05
1.789629459381103516e-05
1.748651266098022461e-05
1.730676740407943726e-05
1.713819801807403564e-05
1.705531030893325806e-05
1.694355159997940063e-05
1.688487827777862549e-05
1.684203743934631348e-05
1.678895205259323120e-05
1.673772931098937988e-05
1.668278127908706665e-05
1.668743789196014404e-05
1.665018498897552490e-05
1.663248986005783081e-05
1.663062721490859985e-05
1.661293208599090576e-05
1.663621515035629272e-05
1.667160540819168091e-05
1.670140773057937622e-05
1.676008105278015137e-05
1.834705471992492676e-05
2.000480890274047852e-05
2.105627208948135376e-05
2.263393253087997437e-05
2.466514706611633301e-05
2.679042518138885498e-05
2.900231629610061646e-05
3.128685057163238525e-05
3.426335752010345459e-05
3.835838288068771362e-05
4.406273365020751953e-05
5.072169005870819092e-05
5.754455924034118652e-05
6.552878767251968384e-05
7.654353976249694824e-05
9.250454604625701904e-05
1.099482178688049316e-04
1.274580135941505432e-04
1.456430181860923767e-04
1.653349027037620544e-04
1.858826726675033569e-04
2.066669985651969910e-04
2.279831096529960632e-04
2.494212239980697632e-04
2.706488594412803650e-04
2.906247973442077637e-04
3.110179677605628967e-04
3.311168402433395386e-04
3.509866073727607727e-04
3.711171448230743408e-04
3.919610753655433655e-04
4.121102392673492432e-04
4.324866458773612976e-04
4.530157893896102905e-04
4.734853282570838928e-04
4.939278587698936462e-04
5.140639841556549072e-04
5.342885851860046387e-04
5.545802414417266846e-04
5.743941292166709900e-04
5.945656448602676392e-04
6.135348230600357056e-04
6.327768787741661072e-04
6.519807502627372742e-04
6.710477173328399658e-04
6.901910528540611267e-04
7.090196013450622559e-04
7.277308031916618347e-04
7.458599284291267395e-04
7.636817172169685364e-04
7.813405245542526245e-04
7.987385615706443787e-04
8.162213489413261414e-04
8.330214768648147583e-04
8.490588515996932983e-04
8.659865707159042358e-04
8.826470002532005310e-04
8.993353694677352905e-04
9.158058091998100281e-04
9.314753115177154541e-04
9.472016245126724243e-04
9.631849825382232666e-04
9.781634435057640076e-04
9.934939444065093994e-04
1.009542495012283325e-03
1.024911180138587952e-03
1.040016300976276398e-03
1.055715605616569519e-03
1.070647500455379486e-03
1.085512340068817139e-03
1.100593246519565582e-03
1.115418039262294769e-03
1.129756681621074677e-03
1.144191250205039978e-03
1.159092411398887634e-03
1.172920688986778259e-03
1.186577603220939636e-03
1.201015897095203400e-03
1.214948482811450958e-03
1.228475011885166168e-03
1.241959631443023682e-03
1.255560666322708130e-03
1.268753781914710999e-03
1.281400211155414581e-03
1.294541172683238983e-03
1.307479105889797211e-03
1.320242881774902344e-03
1.332347281277179718e-03
1.344976946711540222e-03
1.357071101665496826e-03
1.368928700685501099e-03
1.380831934511661530e-03
1.393602229654788971e-03
1.405412331223487854e-03
1.417088322341442108e-03
1.428328454494476318e-03
1.440433785319328308e-03
1.452221535146236420e-03
1.463650725781917572e-03
1.474583521485328674e-03
1.485913060605525970e-03
1.497589983046054840e-03
1.508861780166625977e-03
1.520204357802867889e-03
1.531166024506092072e-03
1.542276702821254730e-03
1.552764326333999634e-03
1.563506200909614563e-03
1.573566347360610962e-03
1.584038138389587402e-03
1.594572328031063080e-03
1.604583114385604858e-03
1.614864915609359741e-03
1.624555326998233795e-03
1.634945161640644073e-03
1.645063050091266632e-03
1.654938794672489166e-03
1.665151678025722504e-03
1.675110310316085815e-03
1.685138791799545288e-03
1.694645732641220093e-03
1.703632064163684845e-03
1.713128760457038879e-03
1.722115091979503632e-03
1.731665804982185364e-03
1.741152256727218628e-03
1.749817281961441040e-03
1.758810132741928101e-03
1.767734065651893616e-03
1.776359044015407562e-03
1.785633154213428497e-03
1.794445328414440155e-03
1.803475432097911835e-03
1.812621019780635834e-03
1.820661127567291260e-03
1.829713582992553711e-03
1.839039847254753113e-03
1.847132109105587006e-03
1.855641603469848633e-03
1.864315010607242584e-03
1.872665248811244965e-03
1.881752163171768188e-03
1.890400424599647522e-03
1.898162998259067535e-03
1.906416378915309906e-03
1.914583146572113037e-03
1.922154799103736877e-03
1.930786296725273132e-03
1.939284615218639374e-03
1.946203410625457764e-03
1.953643746674060822e-03
1.961600966751575470e-03
1.969211734831333160e-03
1.977228559553623199e-03
1.985586248338222504e-03
1.993088982999324799e-03
2.000034786760807037e-03
2.007318660616874695e-03
2.014553174376487732e-03
2.021261490881443024e-03
2.029097639024257660e-03
2.036292105913162231e-03
2.041186206042766571e-03
2.044953405857086182e-03
2.048209309577941895e-03
2.050060778856277466e-03
2.051173709332942963e-03
2.052420750260353088e-03
2.051912248134613037e-03
2.050646580755710602e-03
2.049344591796398163e-03
2.048112452030181885e-03
2.047000452876091003e-03
2.045981585979461670e-03
2.045048400759696960e-03
2.044154331088066101e-03
2.043309621512889862e-03
2.042475156486034393e-03
2.041705884039402008e-03
2.041010186076164246e-03
2.040317282080650330e-03
2.039649523794651031e-03
2.039000391960144043e-03
2.038405276834964752e-03
2.037791535258293152e-03
2.037210389971733093e-03
2.036648802459239960e-03
2.036124467849731445e-03
2.035587094724178314e-03
2.035078592598438263e-03
2.034577541053295135e-03
2.034065313637256622e-03
2.033637836575508118e-03
2.033163793385028839e-03
2.032678574323654175e-03
2.032253891229629517e-03
2.031822688877582550e-03
2.031382173299789429e-03
2.030997537076473236e-03
2.030559815466403961e-03
2.030185423791408539e-03
2.029758878052234650e-03
2.029344439506530762e-03
2.028930000960826874e-03
2.028490416705608368e-03
2.028114162385463715e-03
2.027702517807483673e-03
2.027296461164951324e-03
2.026934176683425903e-03
2.026513218879699707e-03
2.026149071753025055e-03
2.025766298174858093e-03
2.025386318564414978e-03
2.024982124567031860e-03
2.024646848440170288e-03
2.024267800152301788e-03
2.023924142122268677e-03
2.023561857640743256e-03
2.023203298449516296e-03
2.022884786128997803e-03
2.022501081228256226e-03
2.022127620875835419e-03
2.021694555878639221e-03
2.019377425312995911e-03
2.014626748859882355e-03
2.007575705647468567e-03
1.997450366616249084e-03
1.984886825084686279e-03
1.971107907593250275e-03
1.954413950443267822e-03
1.937461085617542267e-03
1.919115893542766571e-03
1.899153925478458405e-03
1.876474358141422272e-03
1.853154040873050690e-03
1.828420907258987427e-03
1.802358776330947876e-03
1.774839125573635101e-03
1.745029352605342865e-03
1.714191399514675140e-03
1.682019792497158051e-03
1.649018377065658569e-03
1.615234650671482086e-03
1.579659990966320038e-03
1.543415710330009460e-03
1.506531611084938049e-03
1.468023285269737244e-03
1.428994350135326385e-03
1.389244571328163147e-03
1.348792575299739838e-03
1.307929866015911102e-03
1.266311854124069214e-03
1.223886385560035706e-03
1.181280240416526794e-03
1.139742322266101837e-03
1.098686829209327698e-03
1.058410853147506714e-03
1.019092276692390442e-03
9.814230725169181824e-04
9.441832080483436584e-04
9.078811854124069214e-04
8.713267743587493896e-04
8.387416601181030273e-04
8.060662075877189636e-04
7.709590718150138855e-04
7.368922233581542969e-04
7.034484297037124634e-04
6.697475910186767578e-04
6.377343088388442993e-04
6.063189357519149780e-04
5.753450095653533936e-04
5.456628277897834778e-04
5.168216302990913391e-04
4.885569214820861816e-04
4.612524062395095825e-04
4.341630265116691589e-04
4.070438444614410400e-04
3.805393353104591370e-04
3.549931570887565613e-04
3.295419737696647644e-04
3.043618053197860718e-04
2.797609195113182068e-04
2.561649307608604431e-04
2.324078232049942017e-04
2.090902999043464661e-04
1.857634633779525757e-04
1.639015972614288330e-04
1.415908336639404297e-04
1.206612214446067810e-04
1.018224284052848816e-04
8.201412856578826904e-05
6.287079304456710815e-05
4.663690924644470215e-05
3.342516720294952393e-05
2.376455813646316528e-05
1.495424658060073853e-05
1.030787825584411621e-05
6.032176315784454346e-06
2.937391400337219238e-06
-6.798654794692993164e-08
-5.699694156646728516e-07
-2.465210855007171631e-06
-3.840774297714233398e-06
-5.506910383701324463e-06
-6.385147571563720703e-06
-8.317641913890838623e-06
-8.323229849338531494e-06
-8.287839591503143311e-06
-8.312053978443145752e-06
-8.327886462211608887e-06
-8.285045623779296875e-06
-8.290633559226989746e-06
-8.291564881801605225e-06
-8.311122655868530273e-06
-8.310191333293914795e-06
-8.321367204189300537e-06
-8.309260010719299316e-06
-8.331611752510070801e-06
