-4.540197551250457764e-06
-4.534609615802764893e-06
-4.555098712444305420e-06
-4.539266228675842285e-06
-4.540197551250457764e-06
-4.550442099571228027e-06
-4.515051841735839844e-06
-4.558824002742767334e-06
-4.535540938377380371e-06
-4.567205905914306641e-06
-4.538334906101226807e-06
-4.517845809459686279e-06
-4.549510776996612549e-06
-4.533678293228149414e-06
-4.566274583339691162e-06
-4.528090357780456543e-06
-4.549510776996612549e-06
-4.529953002929687500e-06
-4.557892680168151855e-06
-4.536472260951995850e-06
-4.529953002929687500e-06
-4.552304744720458984e-06
-4.536472260951995850e-06
-4.521571099758148193e-06
-4.561617970466613770e-06
-4.547648131847381592e-06
-4.536472260951995850e-06
-4.534609615802764893e-06
-4.542060196399688721e-06
-4.532746970653533936e-06
-4.551373422145843506e-06
-4.536472260951995850e-06
-4.569999873638153076e-06
-4.531815648078918457e-06
-4.527159035205841064e-06
-4.529953002929687500e-06
-4.555098712444305420e-06
-4.544854164123535156e-06
-4.563480615615844727e-06
-4.557892680168151855e-06
-4.525296390056610107e-06
-4.530884325504302979e-06
-4.501082003116607666e-06
-4.529021680355072021e-06
-4.529953002929687500e-06
-4.553236067295074463e-06
-4.547648131847381592e-06
-4.532746970653533936e-06
-4.504807293415069580e-06
-4.540197551250457764e-06
-4.512257874011993408e-06
-4.518777132034301758e-06
-4.542991518974304199e-06
-4.516914486885070801e-06
-4.540197551250457764e-06
-4.538334906101226807e-06
-4.516914486885070801e-06
-4.529021680355072021e-06
-4.540197551250457764e-06
-4.517845809459686279e-06
-4.533678293228149414e-06
-4.521571099758148193e-06
-4.529021680355072021e-06
-4.515983164310455322e-06
-4.525296390056610107e-06
-4.537403583526611328e-06
-4.541128873825073242e-06
-4.534609615802764893e-06
-2.223998308181762695e-06
-1.647509634494781494e-06
1.600943505764007568e-06
2.023763954639434814e-06
4.624947905540466309e-06
9.543262422084808350e-06
1.321639865636825562e-05
1.961272209882736206e-05
2.284441143274307251e-05
2.738740295171737671e-05
2.975203096866607666e-05
2.943165600299835205e-05
2.908706665039062500e-05
2.889242023229598999e-05
2.869497984647750854e-05
2.858228981494903564e-05
2.848915755748748779e-05
2.838764339685440063e-05
2.836156636476516724e-05
2.829544246196746826e-05
2.825073897838592529e-05
2.821721136569976807e-05
2.816319465637207031e-05
2.811662852764129639e-05
2.809241414070129395e-05
2.810079604387283325e-05
2.812687307596206665e-05
2.815667539834976196e-05
2.814084291458129883e-05
2.820044755935668945e-05
2.849660813808441162e-05
3.194063901901245117e-05
3.313645720481872559e-05
3.482587635517120361e-05
3.719329833984375000e-05
3.998260945081710815e-05
4.275329411029815674e-05
4.581268876791000366e-05
4.891306161880493164e-05
5.371123552322387695e-05
5.986168980598449707e-05
6.826315075159072876e-05
7.695332169532775879e-05
8.662045001983642578e-05
9.807292371988296509e-05
1.159403473138809204e-04
1.383954659104347229e-04
1.612063497304916382e-04
1.844828948378562927e-04
2.090446650981903076e-04
2.356357872486114502e-04
2.626487985253334045e-04
2.903165295720100403e-04
3.182077780365943909e-04
3.466233611106872559e-04
3.731222823262214661e-04
3.996957093477249146e-04
4.262495785951614380e-04
4.523955285549163818e-04
4.782481119036674500e-04
5.051447078585624695e-04
5.320264026522636414e-04
5.584089085459709167e-04
5.852151662111282349e-04
6.123362109065055847e-04
6.389943882822990417e-04
6.657736375927925110e-04
6.918236613273620605e-04
7.183263078331947327e-04
7.444079965353012085e-04
7.706070318818092346e-04
7.966142147779464722e-04
8.212886750698089600e-04
8.465368300676345825e-04
8.711442351341247559e-04
8.964743465185165405e-04
9.213080629706382751e-04
9.459219872951507568e-04
9.699258953332901001e-04
9.933598339557647705e-04
1.016679219901561737e-03
1.039632596075534821e-03
1.062317751348018646e-03
1.084952615201473236e-03
1.106346026062965393e-03
1.127893105149269104e-03
1.149876974523067474e-03
1.171620562672615051e-03
1.193485222756862640e-03
1.214380376040935516e-03
1.235030591487884521e-03
1.255826093256473541e-03
1.275981776416301727e-03
1.295718364417552948e-03
1.316348090767860413e-03
1.337002031505107880e-03
1.356895081698894501e-03
1.376936212182044983e-03
1.397321000695228577e-03
1.416590996086597443e-03
1.435996964573860168e-03
1.455969177186489105e-03
1.474902965128421783e-03
1.493518240749835968e-03
1.513040624558925629e-03
1.531723886728286743e-03
1.549727283418178558e-03
1.567969098687171936e-03
1.586806960403919220e-03
1.604746095836162567e-03
1.622223295271396637e-03
1.640222035348415375e-03
1.657495275139808655e-03
1.674671657383441925e-03
1.691306009888648987e-03
1.708650961518287659e-03
1.725288107991218567e-03
1.741760410368442535e-03
1.757707446813583374e-03
1.774127595126628876e-03
1.789685338735580444e-03
1.805071718990802765e-03
1.821315847337245941e-03
1.837628893554210663e-03
1.852781511843204498e-03
1.867813989520072937e-03
1.882972195744514465e-03
1.898972317576408386e-03
1.913819462060928345e-03
1.928700134158134460e-03
1.942895352840423584e-03
1.958254724740982056e-03
1.973043195903301239e-03
1.988057978451251984e-03
2.002425491809844971e-03
2.017037011682987213e-03
2.031167969107627869e-03
2.045018598437309265e-03
2.058809623122215271e-03
2.071809023618698120e-03
2.085931599140167236e-03
2.099120058119297028e-03
2.112541347742080688e-03
2.125614322721958160e-03
2.138560637831687927e-03
2.152306959033012390e-03
2.164994366466999054e-03
2.178236842155456543e-03
2.191610634326934814e-03
2.204566262662410736e-03
2.217618748545646667e-03
2.229334786534309387e-03
2.241554670035839081e-03
2.253738231956958771e-03
2.265735529363155365e-03
2.278360538184642792e-03
2.290117554366588593e-03
2.301684580743312836e-03
2.313598059117794037e-03
2.324618399143218994e-03
2.336603589355945587e-03
2.348544076085090637e-03
2.360090613365173340e-03
2.372104674577713013e-03
2.383292652666568756e-03
2.394388429820537567e-03
2.406627871096134186e-03
2.417957410216331482e-03
2.428702078759670258e-03
2.440024167299270630e-03
2.450996078550815582e-03
2.462566830217838287e-03
2.474332228302955627e-03
2.484915778040885925e-03
2.495339140295982361e-03
2.506216056644916534e-03
2.516315318644046783e-03
2.526973374187946320e-03
2.538352273404598236e-03
2.548414282500743866e-03
2.557505853474140167e-03
2.567636780440807343e-03
2.577980048954486847e-03
2.587662078440189362e-03
2.598822116851806641e-03
2.609387040138244629e-03
2.618441358208656311e-03
2.627899870276451111e-03
2.637431956827640533e-03
2.646479755640029907e-03
2.655860967934131622e-03
2.666028216481208801e-03
2.674222923815250397e-03
2.679438330233097076e-03
2.683784812688827515e-03
2.687318250536918640e-03
2.690175548195838928e-03
2.690481022000312805e-03
2.691800706088542938e-03
2.690420486032962799e-03
2.688722684979438782e-03
2.687094733119010925e-03
2.685634419322013855e-03
2.684254199266433716e-03
2.683023922145366669e-03
2.681807614862918854e-03
2.680693753063678741e-03
2.679626457393169403e-03
2.678634598851203918e-03
2.677648328244686127e-03
2.676766365766525269e-03
2.675853669643402100e-03
2.675043419003486633e-03
2.674247138202190399e-03
2.673437818884849548e-03
2.672697417438030243e-03
2.671958878636360168e-03
2.671273425221443176e-03
2.670570276677608490e-03
2.669905312359333038e-03
2.669253386557102203e-03
2.668581902980804443e-03
2.667993307113647461e-03
2.667398191988468170e-03
2.666821703314781189e-03
2.666201442480087280e-03
2.665661275386810303e-03
2.665093168616294861e-03
2.664545550942420959e-03
2.664027735590934753e-03
2.663503400981426239e-03
2.662988379597663879e-03
2.662462182343006134e-03
2.661861479282379150e-03
2.661364153027534485e-03
2.660833299160003662e-03
2.660328522324562073e-03
2.659799531102180481e-03
2.659288235008716583e-03
2.658789046108722687e-03
2.658295445144176483e-03
2.657768316566944122e-03
2.657257020473480225e-03
2.656802535057067871e-03
2.656302414834499359e-03
2.655833959579467773e-03
2.655385993421077728e-03
2.654913812875747681e-03
2.654474228620529175e-03
2.653999254107475281e-03
2.653544768691062927e-03
2.653100527822971344e-03
2.652589231729507446e-03
2.651760354638099670e-03
2.646596170961856842e-03
2.639276906847953796e-03
2.628028392791748047e-03
2.613023854792118073e-03
2.596027217805385590e-03
2.576446160674095154e-03
2.553928643465042114e-03
2.531638368964195251e-03
2.506452612578868866e-03
2.478937618434429169e-03
2.449017949402332306e-03
2.417303621768951416e-03
2.384413033723831177e-03
2.350185997784137726e-03
2.312638796865940094e-03
2.272579818964004517e-03
2.232023514807224274e-03
2.189000137150287628e-03
2.146052196621894836e-03
2.100607380270957947e-03
2.054044045507907867e-03
2.006555907428264618e-03
1.957389526069164276e-03
1.906630583107471466e-03
1.854968257248401642e-03
1.803092658519744873e-03
1.750275492668151855e-03
1.695781014859676361e-03
1.641055569052696228e-03
1.585513353347778320e-03
1.530466601252555847e-03
1.476418226957321167e-03
1.423322595655918121e-03
1.371764577925205231e-03
1.321180723607540131e-03
1.271420158445835114e-03
1.223877072334289551e-03
1.176517456769943237e-03
1.128914766013622284e-03
1.090554520487785339e-03
1.043890602886676788e-03
9.980024769902229309e-04
9.538028389215469360e-04
9.102169424295425415e-04
8.671591058373451233e-04
8.249953389167785645e-04
7.843477651476860046e-04
7.447842508554458618e-04
7.059397175908088684e-04
6.683832034468650818e-04
6.321901455521583557e-04
5.963025614619255066e-04
5.601141601800918579e-04
5.244314670562744141e-04
4.913657903671264648e-04
4.570623859763145447e-04
4.236428067088127136e-04
3.912150859832763672e-04
3.593228757381439209e-04
3.281785175204277039e-04
2.973079681396484375e-04
2.668192610144615173e-04
2.365410327911376953e-04
2.076262608170509338e-04
1.795357093214988708e-04
1.526586711406707764e-04
1.278501003980636597e-04
1.012748107314109802e-04
7.935520261526107788e-05
5.834549665451049805e-05
4.399288445711135864e-05
3.206916153430938721e-05
2.311542630195617676e-05
1.664087176322937012e-05
1.250859349966049194e-05
7.687136530876159668e-06
5.759298801422119141e-06
5.633570253849029541e-06
1.667998731136322021e-06
-1.853331923484802246e-07
-1.735053956508636475e-06
-3.228895366191864014e-06
-4.521571099758148193e-06
-4.486180841922760010e-06
-4.500150680541992188e-06
-4.513189196586608887e-06
-4.506669938564300537e-06
-4.563480615615844727e-06
-4.529953002929687500e-06
-4.532746970653533936e-06
-4.489906132221221924e-06
-4.515983164310455322e-06
-4.520639777183532715e-06
-4.483386874198913574e-06
-4.453584551811218262e-06
