-4.602596163749694824e-06
-4.623085260391235352e-06
-4.603527486324310303e-06
-4.600733518600463867e-06
-4.610046744346618652e-06
-4.615634679794311523e-06
-4.614703357219696045e-06
-4.587695002555847168e-06
-4.593282938003540039e-06
-4.607252776622772217e-06
-4.610046744346618652e-06
-4.606321454048156738e-06
-4.625879228115081787e-06
-4.590488970279693604e-06
-4.590488970279693604e-06
-4.602596163749694824e-06
-4.630535840988159180e-06
-4.596076905727386475e-06
-4.616566002368927002e-06
-4.603527486324310303e-06
-4.618428647518157959e-06
-4.610046744346618652e-06
-4.601664841175079346e-06
-4.599802196025848389e-06
-4.581175744533538818e-06
-4.624016582965850830e-06
-4.635192453861236572e-06
-4.616566002368927002e-06
-4.623085260391235352e-06
-4.605390131473541260e-06
-4.618428647518157959e-06
-4.640780389308929443e-06
-4.610046744346618652e-06
-4.624016582965850830e-06
-4.613772034645080566e-06
-4.593282938003540039e-06
-4.614703357219696045e-06
-4.599802196025848389e-06
-4.597008228302001953e-06
-4.596076905727386475e-06
-4.624947905540466309e-06
-4.624016582965850830e-06
-4.610046744346618652e-06
-4.589557647705078125e-06
-4.590488970279693604e-06
-4.621222615242004395e-06
-4.611909389495849609e-06
-4.612840712070465088e-06
-4.636123776435852051e-06
-4.628673195838928223e-06
-4.592351615428924561e-06
-4.581175744533538818e-06
-4.606321454048156738e-06
-4.602596163749694824e-06
-4.604458808898925781e-06
-4.592351615428924561e-06
-4.602596163749694824e-06
-4.574656486511230469e-06
-4.610978066921234131e-06
-4.592351615428924561e-06
-4.600733518600463867e-06
-4.578381776809692383e-06
-4.612840712070465088e-06
-4.612840712070465088e-06
-4.600733518600463867e-06
-4.592351615428924561e-06
-4.601664841175079346e-06
-4.590488970279693604e-06
-4.590488970279693604e-06
-4.592351615428924561e-06
-4.594214260578155518e-06
-4.586763679981231689e-06
-4.598870873451232910e-06
-4.585832357406616211e-06
-4.604458808898925781e-06
-4.597008228302001953e-06
-4.594214260578155518e-06
-4.590488970279693604e-06
-4.604458808898925781e-06
-4.597008228302001953e-06
-4.596076905727386475e-06
-4.580244421958923340e-06
-4.602596163749694824e-06
-4.583038389682769775e-06
-4.580244421958923340e-06
-4.615634679794311523e-06
-4.556961357593536377e-06
-4.564411938190460205e-06
-4.583969712257385254e-06
-4.611909389495849609e-06
-4.602596163749694824e-06
-4.601664841175079346e-06
-4.582107067108154297e-06
-4.578381776809692383e-06
-4.597008228302001953e-06
-4.567205905914306641e-06
-4.598870873451232910e-06
-4.586763679981231689e-06
-4.558824002742767334e-06
-4.583969712257385254e-06
-4.566274583339691162e-06
-4.586763679981231689e-06
-4.579313099384307861e-06
-4.579313099384307861e-06
-4.605390131473541260e-06
-4.559755325317382812e-06
-4.576519131660461426e-06
-4.568137228488922119e-06
-4.560686647891998291e-06
-4.583038389682769775e-06
-4.581175744533538818e-06
-4.574656486511230469e-06
-4.567205905914306641e-06
-4.570931196212768555e-06
-4.583969712257385254e-06
-4.571862518787384033e-06
-4.573725163936614990e-06
-4.569999873638153076e-06
-4.545785486698150635e-06
-4.572793841361999512e-06
-4.564411938190460205e-06
-4.586763679981231689e-06
-4.604458808898925781e-06
-4.595145583152770996e-06
-4.583969712257385254e-06
-4.588626325130462646e-06
-4.552304744720458984e-06
-4.587695002555847168e-06
-4.591420292854309082e-06
-4.556030035018920898e-06
-4.565343260765075684e-06
-4.594214260578155518e-06
-4.551373422145843506e-06
-4.592351615428924561e-06
-4.556961357593536377e-06
-4.553236067295074463e-06
-4.569999873638153076e-06
-4.566274583339691162e-06
-4.559755325317382812e-06
-4.573725163936614990e-06
-4.603527486324310303e-06
-4.565343260765075684e-06
-4.585832357406616211e-06
-4.563480615615844727e-06
-4.581175744533538818e-06
-4.579313099384307861e-06
-4.567205905914306641e-06
-4.557892680168151855e-06
-1.508742570877075195e-06
-2.793967723846435547e-09
6.146728992462158203e-07
4.342757165431976318e-06
8.177012205123901367e-06
1.194886863231658936e-05
1.736730337142944336e-05
1.948140561580657959e-05
2.364162355661392212e-05
2.779904752969741821e-05
3.090687096118927002e-05
3.149546682834625244e-05
3.096833825111389160e-05
3.073643893003463745e-05
3.063213080167770386e-05
3.051105886697769165e-05
3.045145422220230103e-05
3.038812428712844849e-05
3.032665699720382690e-05
3.026518970727920532e-05
3.023631870746612549e-05
3.023818135261535645e-05
3.018416464328765869e-05
3.017205744981765747e-05
3.013946115970611572e-05
3.010686486959457397e-05
3.011152148246765137e-05
3.008823841810226440e-05
3.009475767612457275e-05
3.010034561157226562e-05
3.012269735336303711e-05
3.028567880392074585e-05
3.416463732719421387e-05
3.618560731410980225e-05
3.835745155811309814e-05
4.116818308830261230e-05
4.444736987352371216e-05
4.752352833747863770e-05
5.110446363687515259e-05
5.657598376274108887e-05
6.439350545406341553e-05
7.209368050098419189e-05
8.041318506002426147e-05
9.048264473676681519e-05
1.033861190080642700e-04
1.234011724591255188e-04
1.467224210500717163e-04
1.698872074484825134e-04
1.949202269315719604e-04
2.210969105362892151e-04
2.484740689396858215e-04
2.764053642749786377e-04
3.034053370356559753e-04
3.301482647657394409e-04
3.565931692719459534e-04
3.830799832940101624e-04
4.092296585440635681e-04
4.362417384982109070e-04
4.628431051969528198e-04
4.891259595751762390e-04
5.154088139533996582e-04
5.416171625256538391e-04
5.680741742253303528e-04
5.935132503509521484e-04
6.171222776174545288e-04
6.413189694285392761e-04
6.654784083366394043e-04
6.886627525091171265e-04
7.115202024579048157e-04
7.341736927628517151e-04
7.561165839433670044e-04
7.776841521263122559e-04
7.990244776010513306e-04
8.202819153666496277e-04
8.409274742007255554e-04
8.618077263236045837e-04
8.816644549369812012e-04
9.014811366796493530e-04
9.212931618094444275e-04
9.392742067575454712e-04
9.582480415701866150e-04
9.772321209311485291e-04
9.943451732397079468e-04
1.012705266475677490e-03
1.030741259455680847e-03
1.049091108143329620e-03
1.065847463905811310e-03
1.082914881408214569e-03
1.099481247365474701e-03
1.115013845264911652e-03
1.130755059421062469e-03
1.146997325122356415e-03
1.164166256785392761e-03
1.179974526166915894e-03
1.196819357573986053e-03
1.212237402796745300e-03
1.228397712111473083e-03
1.243422739207744598e-03
1.259692944586277008e-03
1.274855807423591614e-03
1.290175132453441620e-03
1.304839737713336945e-03
1.320389099419116974e-03
1.334683038294315338e-03
1.349335536360740662e-03
1.363459043204784393e-03
1.379740424454212189e-03
1.394622027873992920e-03
1.409979537129402161e-03
1.424747519195079803e-03
1.439883373677730560e-03
1.453652046620845795e-03
1.468360424041748047e-03
1.482086256146430969e-03
1.497072167694568634e-03
1.511160284280776978e-03
1.525290310382843018e-03
1.538278535008430481e-03
1.552524045109748840e-03
1.566849648952484131e-03
1.580465584993362427e-03
1.593966968357563019e-03
1.607256941497325897e-03
1.621494069695472717e-03
1.633031293749809265e-03
1.643816940486431122e-03
1.652863807976245880e-03
1.660907641053199768e-03
1.668952405452728271e-03
1.675606705248355865e-03
1.679226756095886230e-03
1.682450063526630402e-03
1.684628427028656006e-03
1.684808172285556793e-03
1.683455891907215118e-03
1.682203263044357300e-03
1.681111752986907959e-03
1.680195331573486328e-03
1.679300330579280853e-03
1.678525470197200775e-03
1.677806489169597626e-03
1.677153632044792175e-03
1.676543615758419037e-03
1.676010899245738983e-03
1.675446517765522003e-03
1.674951985478401184e-03
1.674507744610309601e-03
1.674072816967964172e-03
1.673646271228790283e-03
1.673220656812191010e-03
1.672849059104919434e-03
1.672472804784774780e-03
1.672147773206233978e-03
1.671796664595603943e-03
1.671445555984973907e-03
1.671107485890388489e-03
1.670814119279384613e-03
1.670519821345806122e-03
1.670261844992637634e-03
1.669971272349357605e-03
1.669676974415779114e-03
1.669451594352722168e-03
1.669154502451419830e-03
1.668948680162429810e-03
1.668703742325305939e-03
1.668441109359264374e-03
1.668192446231842041e-03
1.667966134846210480e-03
1.667763106524944305e-03
1.667425967752933502e-03
1.666978001594543457e-03
1.666706986725330353e-03
1.666429452598094940e-03
1.666204072535037994e-03
1.665979623794555664e-03
1.665762625634670258e-03
1.665521413087844849e-03
1.665275543928146362e-03
1.665032468736171722e-03
1.664786599576473236e-03
1.664513722062110901e-03
1.664276234805583954e-03
1.664005219936370850e-03
1.663720235228538513e-03
1.663403585553169250e-03
1.663103699684143066e-03
1.662835478782653809e-03
1.662550494074821472e-03
1.662218011915683746e-03
1.661704853177070618e-03
1.656588166952133179e-03
1.645717769861221313e-03
1.632912084460258484e-03
1.618715934455394745e-03
1.601184718310832977e-03
1.582554541528224945e-03
1.563305035233497620e-03
1.542571000754833221e-03
1.520883291959762573e-03
1.496380195021629333e-03
1.470609568059444427e-03
1.443484798073768616e-03
1.414524391293525696e-03
1.384545117616653442e-03
1.352940686047077179e-03
1.320888288319110870e-03
1.286844722926616669e-03
1.251002773642539978e-03
1.218128949403762817e-03
1.182845793664455414e-03
1.141798682510852814e-03
1.100321300327777863e-03
1.057693734765052795e-03
1.013067550957202911e-03
9.684078395366668701e-04
9.225085377693176270e-04
8.769892156124114990e-04
8.329236879944801331e-04
7.879585027694702148e-04
7.447488605976104736e-04
7.018717005848884583e-04
6.584459915757179260e-04
6.159720942378044128e-04
5.744369700551033020e-04
5.322927609086036682e-04
4.910519346594810486e-04
4.499852657318115234e-04
4.099821671843528748e-04
3.710277378559112549e-04
3.323694691061973572e-04
2.969000488519668579e-04
2.622166648507118225e-04
2.293540164828300476e-04
1.973202452063560486e-04
1.670224592089653015e-04
1.380220055580139160e-04
1.091174781322479248e-04
8.193589746952056885e-05
5.952548235654830933e-05
4.358962178230285645e-05
3.137346357107162476e-05
2.171285450458526611e-05
1.417938619852066040e-05
7.917173206806182861e-06
6.285496056079864502e-06
5.275942385196685791e-06
1.325272023677825928e-06
-5.820766091346740723e-07
-2.120621502399444580e-06
-4.523433744907379150e-06
-4.494562745094299316e-06
-4.525296390056610107e-06
-4.441477358341217041e-06
-4.520639777183532715e-06
-4.504807293415069580e-06
-4.532746970653533936e-06
-4.502013325691223145e-06
-4.498288035392761230e-06
-4.492700099945068359e-06
-4.492700099945068359e-06
-4.502013325691223145e-06
-4.392117261886596680e-06
