-8.249655365943908691e-06
-8.237548172473907471e-06
-8.254311978816986084e-06
-8.271075785160064697e-06
-8.233822882175445557e-06
-8.254311978816986084e-06
-8.267350494861602783e-06
-8.258968591690063477e-06
-8.237548172473907471e-06
-8.265487849712371826e-06
-8.268281817436218262e-06
-8.261762559413909912e-06
-8.250586688518524170e-06
-8.264556527137756348e-06
-8.272938430309295654e-06
-8.264556527137756348e-06
-8.268281817436218262e-06
-8.250586688518524170e-06
-8.266419172286987305e-06
-8.258037269115447998e-06
-8.249655365943908691e-06
-8.257105946540832520e-06
-8.258968591690063477e-06
-8.244067430496215820e-06
-8.252449333667755127e-06
-8.265487849712371826e-06
-8.228234946727752686e-06
-8.265487849712371826e-06
-8.266419172286987305e-06
-8.228234946727752686e-06
-8.258037269115447998e-06
-8.256174623966217041e-06
-8.246861398220062256e-06
-8.244067430496215820e-06
-8.250586688518524170e-06
-8.263625204563140869e-06
-8.259899914264678955e-06
-8.274801075458526611e-06
-8.278526365756988525e-06
-8.255243301391601562e-06
-8.279457688331604004e-06
-8.270144462585449219e-06
-8.271075785160064697e-06
-8.249655365943908691e-06
-8.237548172473907471e-06
-8.276663720607757568e-06
-8.270144462585449219e-06
-8.264556527137756348e-06
-8.275732398033142090e-06
-8.262693881988525391e-06
-8.256174623966217041e-06
-8.247792720794677734e-06
-8.242204785346984863e-06
-8.239410817623138428e-06
-8.270144462585449219e-06
-8.276663720607757568e-06
-8.267350494861602783e-06
-8.253380656242370605e-06
-8.276663720607757568e-06
-8.268281817436218262e-06
-8.254311978816986084e-06
-8.253380656242370605e-06
-8.288770914077758789e-06
-8.290633559226989746e-06
-8.249655365943908691e-06
-8.256174623966217041e-06
-8.252449333667755127e-06
-8.273869752883911133e-06
-8.258968591690063477e-06
-8.244067430496215820e-06
-8.266419172286987305e-06
-8.258037269115447998e-06
-8.276663720607757568e-06
-8.257105946540832520e-06
-8.270144462585449219e-06
-8.262693881988525391e-06
-8.251518011093139648e-06
-8.263625204563140869e-06
-8.255243301391601562e-06
-8.272938430309295654e-06
-8.252449333667755127e-06
-8.249655365943908691e-06
-8.285976946353912354e-06
-8.230097591876983643e-06
-8.248724043369293213e-06
-8.241273462772369385e-06
-8.250586688518524170e-06
-8.251518011093139648e-06
-8.266419172286987305e-06
-8.258968591690063477e-06
-8.240342140197753906e-06
-8.273869752883911133e-06
-8.245930075645446777e-06
-8.270144462585449219e-06
-8.272007107734680176e-06
-8.294358849525451660e-06
-8.251518011093139648e-06
-8.249655365943908691e-06
-8.265487849712371826e-06
-8.254311978816986084e-06
-8.253380656242370605e-06
-8.286908268928527832e-06
-8.238479495048522949e-06
-8.257105946540832520e-06
-8.236616849899291992e-06
-8.272007107734680176e-06
-8.240342140197753906e-06
-8.261762559413909912e-06
-8.237548172473907471e-06
-8.231960237026214600e-06
-8.266419172286987305e-06
-8.270144462585449219e-06
-8.259899914264678955e-06
-8.264556527137756348e-06
-8.248724043369293213e-06
-8.267350494861602783e-06
-8.244998753070831299e-06
-8.235685527324676514e-06
-8.267350494861602783e-06
-8.231028914451599121e-06
-8.247792720794677734e-06
-8.258968591690063477e-06
-8.271075785160064697e-06
-8.255243301391601562e-06
-8.262693881988525391e-06
-8.266419172286987305e-06
-8.296221494674682617e-06
-8.269213140010833740e-06
-8.259899914264678955e-06
-8.251518011093139648e-06
-8.214265108108520508e-06
-8.237548172473907471e-06
-8.258968591690063477e-06
-8.241273462772369385e-06
-8.245930075645446777e-06
-8.254311978816986084e-06
-8.239410817623138428e-06
-8.246861398220062256e-06
-8.258037269115447998e-06
-8.249655365943908691e-06
-8.246861398220062256e-06
-8.259899914264678955e-06
-8.261762559413909912e-06
-8.262693881988525391e-06
-8.269213140010833740e-06
-8.274801075458526611e-06
-8.211471140384674072e-06
-8.258968591690063477e-06
-4.860572516918182373e-06
-4.676170647144317627e-06
-3.125518560409545898e-06
1.741573214530944824e-07
2.732500433921813965e-06
7.859431207180023193e-06
9.445473551750183105e-06
1.154188066720962524e-05
1.487974077463150024e-05
1.782178878784179688e-05
1.933332532644271851e-05
1.898966729640960693e-05
1.876149326562881470e-05
1.863483339548110962e-05
1.854170113801956177e-05
1.846905797719955444e-05
1.841690391302108765e-05
1.836474984884262085e-05
1.834612339735031128e-05
1.831352710723876953e-05
1.827534288167953491e-05
1.829676330089569092e-05
1.823995262384414673e-05
1.822784543037414551e-05
1.821294426918029785e-05
1.820269972085952759e-05
1.817941665649414062e-05
1.816172152757644653e-05
1.820083707571029663e-05
1.819990575313568115e-05
1.823622733354568481e-05
1.928675919771194458e-05
2.225767821073532104e-05
2.359040081501007080e-05
2.549123018980026245e-05
2.791173756122589111e-05
3.031548112630844116e-05
3.281701356172561646e-05
3.598351031541824341e-05
4.135072231292724609e-05
4.714820533990859985e-05
5.331914871931076050e-05
6.026867777109146118e-05
6.863474845886230469e-05
8.111540228128433228e-05
9.821727871894836426e-05
1.160744577646255493e-04
1.342892646789550781e-04
1.539522781968116760e-04
1.742504537105560303e-04
1.955106854438781738e-04
2.164794132113456726e-04
2.369964495301246643e-04
2.572564408183097839e-04
2.774493768811225891e-04
2.975203096866607666e-04
3.177728503942489624e-04
3.385161980986595154e-04
3.586960956454277039e-04
3.786124289035797119e-04
3.985567018389701843e-04
4.185186699032783508e-04
4.387088119983673096e-04
4.574200138449668884e-04
4.755789414048194885e-04
4.938719794154167175e-04
5.119619891047477722e-04
5.298173055052757263e-04
5.472702905535697937e-04
5.638170987367630005e-04
5.807960405945777893e-04
5.972944200038909912e-04
6.130822002887725830e-04
6.294269114732742310e-04
6.454577669501304626e-04
6.606038659811019897e-04
6.760628893971443176e-04
6.913207471370697021e-04
7.054265588521957397e-04
7.198695093393325806e-04
7.340982556343078613e-04
7.482357323169708252e-04
7.613897323608398438e-04
7.754666730761528015e-04
7.896963506937026978e-04
8.027153089642524719e-04
8.160732686519622803e-04
8.284021168947219849e-04
8.412767201662063599e-04
8.525215089321136475e-04
8.653094992041587830e-04
8.777892217040061951e-04
8.906554430723190308e-04
9.029125794768333435e-04
9.153895080089569092e-04
9.274929761886596680e-04
9.392742067575454712e-04
9.514093399047851562e-04
9.633004665374755859e-04
9.752083569765090942e-04
9.862929582595825195e-04
9.981757029891014099e-04
1.009423285722732544e-03
1.020740717649459839e-03
1.031280495226383209e-03
1.043247990310192108e-03
1.055060885846614838e-03
1.066805794835090637e-03
1.078103668987751007e-03
1.089742407202720642e-03
1.100655645132064819e-03
1.111516728997230530e-03
1.122416928410530090e-03
1.133377663791179657e-03
1.144681125879287720e-03
1.155360601842403412e-03
1.165791414678096771e-03
1.175954937934875488e-03
1.187303103506565094e-03
1.197672449052333832e-03
1.208298839628696442e-03
1.218164339661598206e-03
1.229063607752323151e-03
1.238887198269367218e-03
1.247314736247062683e-03
1.255115494132041931e-03
1.261309720575809479e-03
1.267536543309688568e-03
1.273417845368385315e-03
1.277563162147998810e-03
1.279683783650398254e-03
1.281086355447769165e-03
1.283073797821998596e-03
1.282132230699062347e-03
1.281104050576686859e-03
1.280201599001884460e-03
1.279405318200588226e-03
1.278693787753582001e-03
1.278059557080268860e-03
1.277474686503410339e-03
1.276970840990543365e-03
1.276441849768161774e-03
1.276002265512943268e-03
1.275560818612575531e-03
1.275168731808662415e-03
1.274785958230495453e-03
1.274453476071357727e-03
1.274110749363899231e-03
1.273785717785358429e-03
1.273476518690586090e-03
1.273193396627902985e-03
1.272905617952346802e-03
1.272621564567089081e-03
1.272365450859069824e-03
1.272141002118587494e-03
1.271881163120269775e-03
1.271639950573444366e-03
1.271377317607402802e-03
1.271187327802181244e-03
1.270961947739124298e-03
1.270766369998455048e-03
1.270567066967487335e-03
1.270363107323646545e-03
1.270170323550701141e-03
1.269994303584098816e-03
1.269787549972534180e-03
1.269620843231678009e-03
1.269419677555561066e-03
1.269253902137279510e-03
1.268885098397731781e-03
1.268665306270122528e-03
1.268446445465087891e-03
1.268243417143821716e-03
1.268084160983562469e-03
1.267888583242893219e-03
1.267719082534313202e-03
1.267532818019390106e-03
1.267328858375549316e-03
1.267147250473499298e-03
1.266959123313426971e-03
1.266768202185630798e-03
1.266575418412685394e-03
1.266330480575561523e-03
1.266127452254295349e-03
1.265898346900939941e-03
1.265665516257286072e-03
1.265461556613445282e-03
1.265208236873149872e-03
1.264931634068489075e-03
1.263706013560295105e-03
1.256954856216907501e-03
1.247597858309745789e-03
1.237382180988788605e-03
1.225269399583339691e-03
1.210900023579597473e-03
1.196886412799358368e-03
1.181167550384998322e-03
1.165299676358699799e-03
1.147414557635784149e-03
1.128301024436950684e-03
1.107765361666679382e-03
1.086343079805374146e-03
1.064026728272438049e-03
1.040216535329818726e-03
1.015738584101200104e-03
9.905546903610229492e-04
9.637475013732910156e-04
9.358711540699005127e-04
9.132176637649536133e-04
8.820388466119766235e-04
8.509457111358642578e-04
8.183373138308525085e-04
7.854048162698745728e-04
7.507521659135818481e-04
7.160538807511329651e-04
6.817355751991271973e-04
6.471220403909683228e-04
6.129099056124687195e-04
5.798945203423500061e-04
5.464833229780197144e-04
5.135033279657363892e-04
4.810243844985961914e-04
4.485780373215675354e-04
4.167081788182258606e-04
3.852546215057373047e-04
3.536231815814971924e-04
3.225719556212425232e-04
2.929605543613433838e-04
2.628872171044349670e-04
2.335412427783012390e-04
2.079308032989501953e-04
1.821517944335937500e-04
1.573693007230758667e-04
1.335078850388526917e-04
1.116683706641197205e-04
8.886493742465972900e-05
6.735511124134063721e-05
4.890281707048416138e-05
3.369804471731185913e-05
2.375990152359008789e-05
1.446157693862915039e-05
8.676201105117797852e-06
3.176741302013397217e-06
1.871958374977111816e-07
-4.749745130538940430e-08
-2.221204340457916260e-06
-4.005618393421173096e-06
-5.852431058883666992e-06
-6.978400051593780518e-06
-8.264556527137756348e-06
-8.254311978816986084e-06
-8.263625204563140869e-06
-8.266419172286987305e-06
-8.250586688518524170e-06
-8.286908268928527832e-06
-8.247792720794677734e-06
-8.279457688331604004e-06
-8.263625204563140869e-06
-8.249655365943908691e-06
-8.260831236839294434e-06
-8.283182978630065918e-06
-8.280389010906219482e-06
