-4.567205905914306641e-06
-4.580244421958923340e-06
-4.548579454421997070e-06
-4.560686647891998291e-06
-4.589557647705078125e-06
-4.597939550876617432e-06
-4.559755325317382812e-06
-4.597939550876617432e-06
-4.572793841361999512e-06
-4.610978066921234131e-06
-4.584901034832000732e-06
-4.575587809085845947e-06
-4.583038389682769775e-06
-4.580244421958923340e-06
-4.556961357593536377e-06
-4.569068551063537598e-06
-4.587695002555847168e-06
-4.594214260578155518e-06
-4.591420292854309082e-06
-4.558824002742767334e-06
-4.567205905914306641e-06
-4.589557647705078125e-06
-4.564411938190460205e-06
-4.556961357593536377e-06
-4.568137228488922119e-06
-4.571862518787384033e-06
-4.552304744720458984e-06
-4.581175744533538818e-06
-4.562549293041229248e-06
-4.568137228488922119e-06
-4.593282938003540039e-06
-4.577450454235076904e-06
-4.567205905914306641e-06
-4.593282938003540039e-06
-4.573725163936614990e-06
-4.575587809085845947e-06
-4.558824002742767334e-06
-4.574656486511230469e-06
-4.571862518787384033e-06
-4.586763679981231689e-06
-4.589557647705078125e-06
-4.571862518787384033e-06
-4.569068551063537598e-06
-4.558824002742767334e-06
-4.565343260765075684e-06
-4.588626325130462646e-06
-4.549510776996612549e-06
-4.576519131660461426e-06
-4.582107067108154297e-06
-4.573725163936614990e-06
-4.561617970466613770e-06
-4.562549293041229248e-06
-4.577450454235076904e-06
-4.559755325317382812e-06
-4.590488970279693604e-06
-4.582107067108154297e-06
-4.567205905914306641e-06
-4.573725163936614990e-06
-4.597939550876617432e-06
-4.578381776809692383e-06
-4.578381776809692383e-06
-4.584901034832000732e-06
-4.584901034832000732e-06
-4.564411938190460205e-06
-4.584901034832000732e-06
-4.551373422145843506e-06
-2.089887857437133789e-06
-1.477077603340148926e-06
1.473352313041687012e-06
2.156011760234832764e-06
3.328546881675720215e-06
8.415430784225463867e-06
1.211091876029968262e-05
1.817569136619567871e-05
2.123508602380752563e-05
2.585258334875106812e-05
3.062933683395385742e-05
3.368593752384185791e-05
3.344472497701644897e-05
3.302097320556640625e-05
3.279838711023330688e-05
3.264192491769790649e-05
3.253668546676635742e-05
3.246031701564788818e-05
3.236532211303710938e-05
3.231875598430633545e-05
3.227591514587402344e-05
3.222748637199401855e-05
3.217067569494247437e-05
3.236997872591018677e-05
3.333389759063720703e-05
3.321375697851181030e-05
3.315694630146026611e-05
3.313273191452026367e-05
3.314390778541564941e-05
3.312528133392333984e-05
3.319140523672103882e-05
3.469455987215042114e-05
3.691483289003372192e-05
3.858190029859542847e-05
4.075653851032257080e-05
4.299450665712356567e-05
4.517659544944763184e-05
4.784762859344482422e-05
5.161110311746597290e-05
5.647074431180953979e-05
6.263516843318939209e-05
7.042288780212402344e-05
7.860269397497177124e-05
8.776597678661346436e-05
9.879097342491149902e-05
1.153638586401939392e-04
1.357169821858406067e-04
1.571476459503173828e-04
1.792358234524726868e-04
2.017682418227195740e-04
2.262517809867858887e-04
2.526128664612770081e-04
2.801893278956413269e-04
3.073541447520256042e-04
3.346856683492660522e-04
3.604236990213394165e-04
3.863992169499397278e-04
4.119453951716423035e-04
4.370305687189102173e-04
4.616919904947280884e-04
4.869699478149414062e-04
5.127033218741416931e-04
5.388604477047920227e-04
5.652848631143569946e-04
5.916226655244827271e-04
6.177322939038276672e-04
6.438335403800010681e-04
6.695007905364036560e-04
6.957752630114555359e-04
7.215319201350212097e-04
7.476685568690299988e-04
7.732845842838287354e-04
7.983697578310966492e-04
8.235350251197814941e-04
8.480288088321685791e-04
8.731279522180557251e-04
8.981730788946151733e-04
9.230691939592361450e-04
9.474148973822593689e-04
9.713796898722648621e-04
9.950911626219749451e-04
1.018371433019638062e-03
1.041574403643608093e-03
1.064223237335681915e-03
1.085594296455383301e-03
1.108233816921710968e-03
1.130444929003715515e-03
1.152732409536838531e-03
1.175007782876491547e-03
1.196450553834438324e-03
1.217513345181941986e-03
1.238848082721233368e-03
1.259330660104751587e-03
1.280037686228752136e-03
1.300981268286705017e-03
1.321714371442794800e-03
1.342118717730045319e-03
1.363231800496578217e-03
1.383094117045402527e-03
1.402782276272773743e-03
1.423507928848266602e-03
1.443145796656608582e-03
1.461995765566825867e-03
1.482042483985424042e-03
1.501435413956642151e-03
1.519900746643543243e-03
1.538693904876708984e-03
1.557729206979274750e-03
1.576380804181098938e-03
1.594450324773788452e-03
1.613251864910125732e-03
1.631466671824455261e-03
1.648806966841220856e-03
1.666513271629810333e-03
1.684511080384254456e-03
1.702219247817993164e-03
1.718657091259956360e-03
1.736199483275413513e-03
1.752813346683979034e-03
1.769094727933406830e-03
1.785861328244209290e-03
1.803273335099220276e-03
1.819258555769920349e-03
1.834925264120101929e-03
1.850527711212635040e-03
1.867080107331275940e-03
1.882650889456272125e-03
1.898082904517650604e-03
1.913268119096755981e-03
1.929402351379394531e-03
1.944619230926036835e-03
1.960059627890586853e-03
1.975010149180889130e-03
1.990363933145999908e-03
2.004687674343585968e-03
2.019427716732025146e-03
2.033241093158721924e-03
2.048076130449771881e-03
2.062574028968811035e-03
2.076728269457817078e-03
2.090780064463615417e-03
2.104260958731174469e-03
2.119076438248157501e-03
2.132647670805454254e-03
2.146686427295207977e-03
2.160388045012950897e-03
2.173915505409240723e-03
2.187819220125675201e-03
2.200250513851642609e-03
2.213319763541221619e-03
2.225668169558048248e-03
2.238679677248001099e-03
2.251907251775264740e-03
2.263999544084072113e-03
2.276551909744739532e-03
2.288441173732280731e-03
2.300392836332321167e-03
2.313062548637390137e-03
2.325077541172504425e-03
2.337641082704067230e-03
2.349436283111572266e-03
2.361224032938480377e-03
2.374585717916488647e-03
2.386508509516716003e-03
2.398196607828140259e-03
2.410357818007469177e-03
2.422044984996318817e-03
2.434891648590564728e-03
2.447298727929592133e-03
2.458286471664905548e-03
2.469650469720363617e-03
2.480695955455303192e-03
2.491433173418045044e-03
2.503666095435619354e-03
2.515113912522792816e-03
2.525095827877521515e-03
2.535608597099781036e-03
2.545162104070186615e-03
2.552519552409648895e-03
2.560473047196865082e-03
2.567199058830738068e-03
2.572363242506980896e-03
2.575939521193504333e-03
2.575861290097236633e-03
2.577891573309898376e-03
2.577600069344043732e-03
2.576486207544803619e-03
2.575398422777652740e-03
2.574319951236248016e-03
2.573337405920028687e-03
2.572425641119480133e-03
2.571570686995983124e-03
2.570700831711292267e-03
2.569929696619510651e-03
2.569151110947132111e-03
2.568472176790237427e-03
2.567805349826812744e-03
2.567126415669918060e-03
2.566479146480560303e-03
2.565906383097171783e-03
2.565297298133373260e-03
2.564724534749984741e-03
2.564194612205028534e-03
2.563649788498878479e-03
2.563138492405414581e-03
2.562633715569972992e-03
2.562133595347404480e-03
2.561676315963268280e-03
2.561233006417751312e-03
2.560754306614398956e-03
2.560327760875225067e-03
2.559881657361984253e-03
2.559480257332324982e-03
2.559089101850986481e-03
2.558682113885879517e-03
2.558286301791667938e-03
2.557893283665180206e-03
2.557544969022274017e-03
2.557109110057353973e-03
2.556732855737209320e-03
2.556304447352886200e-03
2.555912360548973083e-03
2.555514685809612274e-03
2.555107697844505310e-03
2.554744482040405273e-03
2.554317936301231384e-03
2.553908154368400574e-03
2.553518861532211304e-03
2.553129568696022034e-03
2.552743069827556610e-03
2.552394755184650421e-03
2.552011981606483459e-03
2.551647834479808807e-03
2.551265992224216461e-03
2.550917677581310272e-03
2.550459466874599457e-03
2.548387274146080017e-03
2.542435191571712494e-03
2.534776926040649414e-03
2.525715157389640808e-03
2.514401450753211975e-03
2.498947083950042725e-03
2.482185140252113342e-03
2.464752644300460815e-03
2.443931996822357178e-03
2.422058023512363434e-03
2.397311851382255554e-03
2.371933311223983765e-03
2.343192696571350098e-03
2.312501892447471619e-03
2.280198037624359131e-03
2.246836200356483459e-03
2.210914157330989838e-03
2.174379304051399231e-03
2.136200666427612305e-03
2.095432952046394348e-03
2.053357660770416260e-03
2.010183408856391907e-03
1.965360715985298157e-03
1.918947324156761169e-03
1.871296204626560211e-03
1.822972670197486877e-03
1.773477531969547272e-03
1.722597517073154449e-03
1.671339385211467743e-03
1.618255861103534698e-03
1.563866622745990753e-03
1.509290188550949097e-03
1.454796642065048218e-03
1.400747336447238922e-03
1.348233781754970551e-03
1.297762617468833923e-03
1.247647218406200409e-03
1.198834739625453949e-03
1.151347532868385315e-03
1.105829142034053802e-03
1.063316129148006439e-03
1.017488539218902588e-03
9.721629321575164795e-04
9.275190532207489014e-04
8.827131241559982300e-04
8.399998769164085388e-04
7.985169067978858948e-04
7.574167102575302124e-04
7.178075611591339111e-04
6.795274093747138977e-04
6.422027945518493652e-04
6.054500117897987366e-04
5.687121301889419556e-04
5.326485261321067810e-04
4.959627985954284668e-04
4.625329747796058655e-04
4.288675263524055481e-04
3.957524895668029785e-04
3.634262830018997192e-04
3.323396667838096619e-04
3.016144037246704102e-04
2.708220854401588440e-04
2.406062558293342590e-04
2.117883414030075073e-04
1.831939443945884705e-04
1.559322699904441833e-04
1.306319609284400940e-04
1.039998605847358704e-04
8.098781108856201172e-05
5.933362990617752075e-05
4.442594945430755615e-05
3.210082650184631348e-05
2.261251211166381836e-05
1.626554876565933228e-05
1.071859151124954224e-05
5.535781383514404297e-06
4.697591066360473633e-06
2.196989953517913818e-06
4.237517714500427246e-07
-1.648440957069396973e-06
-2.898275852203369141e-06
-4.604458808898925781e-06
-4.561617970466613770e-06
-4.554167389869689941e-06
-4.523433744907379150e-06
-4.558824002742767334e-06
-4.560686647891998291e-06
-4.527159035205841064e-06
-4.557892680168151855e-06
-4.570931196212768555e-06
-4.572793841361999512e-06
-4.573725163936614990e-06
-4.550442099571228027e-06
-4.545785486698150635e-06
