-8.306466042995452881e-06
-8.286908268928527832e-06
-8.306466042995452881e-06
-8.312053978443145752e-06
-8.306466042995452881e-06
-8.321367204189300537e-06
-8.317641913890838623e-06
-8.323229849338531494e-06
-8.300878107547760010e-06
-8.318573236465454102e-06
-8.300878107547760010e-06
-8.311122655868530273e-06
-8.312985301017761230e-06
-8.306466042995452881e-06
-8.316710591316223145e-06
-8.315779268741607666e-06
-8.311122655868530273e-06
-8.308328688144683838e-06
-8.317641913890838623e-06
-8.319504559040069580e-06
-8.313916623592376709e-06
-8.301809430122375488e-06
-8.295290172100067139e-06
-8.301809430122375488e-06
-8.309260010719299316e-06
-8.323229849338531494e-06
-8.312985301017761230e-06
-8.346512913703918457e-06
-8.321367204189300537e-06
-8.308328688144683838e-06
-8.322298526763916016e-06
-8.316710591316223145e-06
-8.291564881801605225e-06
-8.329749107360839844e-06
-8.332543075084686279e-06
-8.327886462211608887e-06
-8.335337042808532715e-06
-8.309260010719299316e-06
-8.305534720420837402e-06
-8.318573236465454102e-06
-8.306466042995452881e-06
-8.320435881614685059e-06
-8.298084139823913574e-06
-8.306466042995452881e-06
-8.304603397846221924e-06
-8.352100849151611328e-06
-8.328817784786224365e-06
-8.312053978443145752e-06
-8.327886462211608887e-06
-8.333474397659301758e-06
-8.306466042995452881e-06
-8.328817784786224365e-06
-8.326955139636993408e-06
-8.302740752696990967e-06
-8.297152817249298096e-06
-8.322298526763916016e-06
-8.322298526763916016e-06
-8.316710591316223145e-06
-8.319504559040069580e-06
-8.319504559040069580e-06
-8.334405720233917236e-06
-8.307397365570068359e-06
-8.285045623779296875e-06
-8.286908268928527832e-06
-8.313916623592376709e-06
-8.322298526763916016e-06
-8.263625204563140869e-06
-6.166286766529083252e-06
-5.663372576236724854e-06
-3.376044332981109619e-06
-3.034248948097229004e-06
-4.488974809646606445e-07
3.134831786155700684e-06
6.096437573432922363e-06
9.746290743350982666e-06
1.317914575338363647e-05
1.665204763412475586e-05
2.021621912717819214e-05
2.095196396112442017e-05
2.050399780273437500e-05
2.027768641710281372e-05
2.015568315982818604e-05
2.003833651542663574e-05
1.996196806430816650e-05
1.991353929042816162e-05
1.985579729080200195e-05
1.981481909751892090e-05
1.977384090423583984e-05
1.974776387214660645e-05
1.973845064640045166e-05
2.038292586803436279e-05
2.057105302810668945e-05
2.047512680292129517e-05
2.044998109340667725e-05
2.042111009359359741e-05
2.041459083557128906e-05
2.044811844825744629e-05
2.057850360870361328e-05
2.273451536893844604e-05
2.395547926425933838e-05
2.537574619054794312e-05
2.715922892093658447e-05
2.877786755561828613e-05
3.065075725317001343e-05
3.286451101303100586e-05
3.635231405496597290e-05
4.040915518999099731e-05
4.593469202518463135e-05
5.193706601858139038e-05
5.854107439517974854e-05
6.613600999116897583e-05
7.637869566679000854e-05
9.090825915336608887e-05
1.067612320184707642e-04
1.235073432326316833e-04
1.405021175742149353e-04
1.583993434906005859e-04
1.778574660420417786e-04
1.986296847462654114e-04
2.194857224822044373e-04
2.403678372502326965e-04
2.606147900223731995e-04
2.802917733788490295e-04
3.001112490892410278e-04
3.193411976099014282e-04
3.383457660675048828e-04
3.573074936866760254e-04
3.770040348172187805e-04
3.968281671404838562e-04
4.169903695583343506e-04
4.372298717498779297e-04
4.570437595248222351e-04
4.770727828145027161e-04
4.966994747519493103e-04
5.165897309780120850e-04
5.367035046219825745e-04
5.564531311392784119e-04
5.765790119767189026e-04
5.956133827567100525e-04
6.147809326648712158e-04
6.337529048323631287e-04
6.529297679662704468e-04
6.720293313264846802e-04
6.910758092999458313e-04
7.098456844687461853e-04
7.283408194780349731e-04
7.466822862625122070e-04
7.645962759852409363e-04
7.822168990969657898e-04
7.998980581760406494e-04
8.167671039700508118e-04
8.333055302500724792e-04
8.505526930093765259e-04
8.675372228026390076e-04
8.846623823046684265e-04
9.012389928102493286e-04
9.174868464469909668e-04
9.338594973087310791e-04
9.496444836258888245e-04
9.653391316533088684e-04
9.815478697419166565e-04
9.972369298338890076e-04
1.012967899441719055e-03
1.028942875564098358e-03
1.044488511979579926e-03
1.059602946043014526e-03
1.075011678040027618e-03
1.090523786842823029e-03
1.105201430618762970e-03
1.119806431233882904e-03
1.135178841650485992e-03
1.149620860815048218e-03
1.163474284112453461e-03
1.178348436951637268e-03
1.192669384181499481e-03
1.206552609801292419e-03
1.220727339386940002e-03
1.234742812812328339e-03
1.248624175786972046e-03
1.261590979993343353e-03
1.275557093322277069e-03
1.289075240492820740e-03
1.302210614085197449e-03
1.315068453550338745e-03
1.328208483755588531e-03
1.340779475867748260e-03
1.353112049400806427e-03
1.366511918604373932e-03
1.379115507006645203e-03
1.391392201185226440e-03
1.402948983013629913e-03
1.415551640093326569e-03
1.427755691111087799e-03
1.439729705452919006e-03
1.451069489121437073e-03
1.463271677494049072e-03
1.475236378610134125e-03
1.486998982727527618e-03
1.498518511652946472e-03
1.510220579802989960e-03
1.521571539342403412e-03
1.532702706754207611e-03
1.543593592941761017e-03
1.554324291646480560e-03
1.565866172313690186e-03
1.576564274728298187e-03
1.587575301527976990e-03
1.597785390913486481e-03
1.608759164810180664e-03
1.619656570255756378e-03
1.630208455026149750e-03
1.640874892473220825e-03
1.651084050536155701e-03
1.661738380789756775e-03
1.671730540692806244e-03
1.681499183177947998e-03
1.691217534244060516e-03
1.700799912214279175e-03
1.710934564471244812e-03
1.720570959150791168e-03
1.729952171444892883e-03
1.739501953125000000e-03
1.748215407133102417e-03
1.757789403200149536e-03
1.767240464687347412e-03
1.776619814336299896e-03
1.786130480468273163e-03
1.794684678316116333e-03
1.804448664188385010e-03
1.814456656575202942e-03
1.823127269744873047e-03
1.832346431910991669e-03
1.841429620981216431e-03
1.850808039307594299e-03
1.860677264630794525e-03
1.869423314929008484e-03
1.877957023680210114e-03
1.886646263301372528e-03
1.894718036055564880e-03
1.903628930449485779e-03
1.912981271743774414e-03
1.920821145176887512e-03
1.928775571286678314e-03
1.936566084623336792e-03
1.942907460033893585e-03
1.948677003383636475e-03
1.954197883605957031e-03
1.959119923412799835e-03
1.962210983037948608e-03
1.963605172932147980e-03
1.964241266250610352e-03
1.964971423149108887e-03
1.964301802217960358e-03
1.963384449481964111e-03
1.962513662874698639e-03
1.961729489266872406e-03
1.961017027497291565e-03
1.960278488695621490e-03
1.959637738764286041e-03
1.958973705768585205e-03
1.958381384611129761e-03
1.957813277840614319e-03
1.957294531166553497e-03
1.956764608621597290e-03
1.956251449882984161e-03
1.955782994627952576e-03
1.955297775566577911e-03
1.954847015440464020e-03
1.954425126314163208e-03
1.953961327672004700e-03
1.953589729964733124e-03
1.953200437128543854e-03
1.952809281647205353e-03
1.952435821294784546e-03
1.952072605490684509e-03
1.951701007783412933e-03
1.951369456946849823e-03
1.951019279658794403e-03
1.950683072209358215e-03
1.950383186340332031e-03
1.950080506503582001e-03
1.949756406247615814e-03
1.949448138475418091e-03
1.949140802025794983e-03
1.948869787156581879e-03
1.948524266481399536e-03
1.948225311934947968e-03
1.947936601936817169e-03
1.947627402842044830e-03
1.947301439940929413e-03
1.946995966136455536e-03
1.946683973073959351e-03
1.946361735463142395e-03
1.946077682077884674e-03
1.945766620337963104e-03
1.945463009178638458e-03
1.945193856954574585e-03
1.944905146956443787e-03
1.944617368280887604e-03
1.944317482411861420e-03
1.944028772413730621e-03
1.943751238286495209e-03
1.943290233612060547e-03
1.939717680215835571e-03
1.934575848281383514e-03
1.928416080772876740e-03
1.920619979500770569e-03
1.910245046019554138e-03
1.897488720715045929e-03
1.884724013507366180e-03
1.869994215667247772e-03
1.853451132774353027e-03
1.835727132856845856e-03
1.816297881305217743e-03
1.795705407857894897e-03
1.773001626133918762e-03
1.748313196003437042e-03
1.723421737551689148e-03
1.697049476206302643e-03
1.669036224484443665e-03
1.640488393604755402e-03
1.609841361641883850e-03
1.578149385750293732e-03
1.545341685414314270e-03
1.511909067630767822e-03
1.476598903536796570e-03
1.440857537090778351e-03
1.404061913490295410e-03
1.366272568702697754e-03
1.328158192336559296e-03
1.288783736526966095e-03
1.248776912689208984e-03
1.207740977406501770e-03
1.165866851806640625e-03
1.123972237110137939e-03
1.082624308764934540e-03
1.042179763317108154e-03
1.002589240670204163e-03
9.636832401156425476e-04
9.261332452297210693e-04
8.896961808204650879e-04
8.534314110875129700e-04
8.211042732000350952e-04
7.872395217418670654e-04
7.516322657465934753e-04
7.172916084527969360e-04
6.833290681242942810e-04
6.501227617263793945e-04
6.176251918077468872e-04
5.861809477210044861e-04
5.558347329497337341e-04
5.259858444333076477e-04
4.972247406840324402e-04
4.693306982517242432e-04
4.415344446897506714e-04
4.135482013225555420e-04
3.856495022773742676e-04
3.594970330595970154e-04
3.338400274515151978e-04
3.084344789385795593e-04
2.835160121321678162e-04
2.597691491246223450e-04
2.359244972467422485e-04
2.125613391399383545e-04
1.896228641271591187e-04
1.671519130468368530e-04
1.449547708034515381e-04
1.238873228430747986e-04
1.045698300004005432e-04
8.439924567937850952e-05
6.463378667831420898e-05
4.819966852664947510e-05
3.421399742364883423e-05
2.393685281276702881e-05
1.483224332332611084e-05
1.040566712617874146e-05
5.802139639854431152e-06
7.739290595054626465e-07
-1.174397766590118408e-06
-1.254491508007049561e-06
-4.272907972335815430e-06
-5.678273737430572510e-06
-6.774440407752990723e-06
-7.817521691322326660e-06
-8.329749107360839844e-06
-8.359551429748535156e-06
-8.370727300643920898e-06
-8.349306881427764893e-06
-8.346512913703918457e-06
-8.328817784786224365e-06
-8.338131010532379150e-06
-8.327886462211608887e-06
-8.353032171726226807e-06
-8.345581591129302979e-06
-8.332543075084686279e-06
-8.337199687957763672e-06
-8.328817784786224365e-06
