-8.293427526950836182e-06
-8.278526365756988525e-06
-8.247792720794677734e-06
-8.272007107734680176e-06
-8.272007107734680176e-06
-8.266419172286987305e-06
-8.273869752883911133e-06
-8.288770914077758789e-06
-8.283182978630065918e-06
-8.261762559413909912e-06
-8.265487849712371826e-06
-8.275732398033142090e-06
-8.288770914077758789e-06
-8.278526365756988525e-06
-8.275732398033142090e-06
-8.284114301204681396e-06
-8.276663720607757568e-06
-8.251518011093139648e-06
-8.268281817436218262e-06
-8.258037269115447998e-06
-8.251518011093139648e-06
-8.269213140010833740e-06
-8.287839591503143311e-06
-8.266419172286987305e-06
-8.303672075271606445e-06
-8.253380656242370605e-06
-8.255243301391601562e-06
-8.269213140010833740e-06
-8.267350494861602783e-06
-8.307397365570068359e-06
-8.276663720607757568e-06
-8.268281817436218262e-06
-8.277595043182373047e-06
-8.292496204376220703e-06
-8.258037269115447998e-06
-8.285976946353912354e-06
-8.276663720607757568e-06
-8.246861398220062256e-06
-8.256174623966217041e-06
-8.297152817249298096e-06
-8.267350494861602783e-06
-8.266419172286987305e-06
-8.243136107921600342e-06
-8.280389010906219482e-06
-8.284114301204681396e-06
-8.293427526950836182e-06
-8.295290172100067139e-06
-8.266419172286987305e-06
-8.258968591690063477e-06
-8.089467883110046387e-06
-6.083399057388305664e-06
-4.169531166553497314e-06
-3.064982593059539795e-06
-4.824250936508178711e-07
5.717389285564422607e-06
9.710900485515594482e-06
1.228414475917816162e-05
1.498218625783920288e-05
1.993123441934585571e-05
2.417806535959243774e-05
2.980232238769531250e-05
3.604963421821594238e-05
4.030857235193252563e-05
4.051066935062408447e-05
3.992114216089248657e-05
3.959611058235168457e-05
3.940053284168243408e-05
3.922078758478164673e-05
3.909599035978317261e-05
3.900937736034393311e-05
3.889109939336776733e-05
3.883801400661468506e-05
3.876816481351852417e-05
3.870949149131774902e-05
3.870390355587005615e-05
3.864429891109466553e-05
3.866571933031082153e-05
3.867037594318389893e-05
3.878306597471237183e-05
3.879331052303314209e-05
3.884546458721160889e-05
3.888737410306930542e-05
3.892648965120315552e-05
3.900844603776931763e-05
3.929063677787780762e-05
4.245620220899581909e-05
4.532653838396072388e-05
4.772096872329711914e-05
5.066208541393280029e-05
5.445722490549087524e-05
5.884934216737747192e-05
6.386451423168182373e-05
6.934534758329391479e-05
7.513165473937988281e-05
8.371192961931228638e-05
9.316299110651016235e-05
1.038853079080581665e-04
1.169797033071517944e-04
1.308405771851539612e-04
1.456141471862792969e-04
1.617176458239555359e-04
1.782914623618125916e-04
1.960564404726028442e-04
2.141082659363746643e-04
2.325046807527542114e-04
2.502761781215667725e-04
2.682385966181755066e-04
2.858825027942657471e-04
3.035925328731536865e-04
3.212708979845046997e-04
3.385003656148910522e-04
3.551384434103965759e-04
3.716638311743736267e-04
3.887219354510307312e-04
4.066349938511848450e-04
4.241121932864189148e-04
4.415288567543029785e-04
4.589920863509178162e-04
4.763249307870864868e-04
4.937425255775451660e-04
5.111321806907653809e-04
5.283681675791740417e-04
5.455818027257919312e-04
5.630766972899436951e-04
5.803350359201431274e-04
5.974508821964263916e-04
6.143553182482719421e-04
6.311936303973197937e-04
6.471695378422737122e-04
6.627077236771583557e-04
6.785886362195014954e-04
6.944509223103523254e-04
7.100971415638923645e-04
7.257098332047462463e-04
7.414100691676139832e-04
7.564891129732131958e-04
7.710205391049385071e-04
7.859366014599800110e-04
8.007241412997245789e-04
8.147992193698883057e-04
8.291788399219512939e-04
8.432203903794288635e-04
8.568540215492248535e-04
8.706208318471908569e-04
8.841026574373245239e-04
8.975425735116004944e-04
9.110486134886741638e-04
9.241653606295585632e-04
9.370399639010429382e-04
9.496575221419334412e-04
9.618978947401046753e-04
9.741550311446189880e-04
9.869998320937156677e-04
9.991191327571868896e-04
1.010585576295852661e-03
1.022525131702423096e-03
1.033295877277851105e-03
1.042547635734081268e-03
1.050936989486217499e-03
1.058950088918209076e-03
1.066556200385093689e-03
1.073457300662994385e-03
1.079211011528968811e-03
1.084872521460056305e-03
1.090154051780700684e-03
1.093961298465728760e-03
1.096516847610473633e-03
1.098876819014549255e-03
1.101155765354633331e-03
1.100561581552028656e-03
1.102170906960964203e-03
1.102428883314132690e-03
1.101869158446788788e-03
1.101315952837467194e-03
1.100836321711540222e-03
1.100405119359493256e-03
1.100013032555580139e-03
1.099672168493270874e-03
1.099328510463237762e-03
1.099037006497383118e-03
1.098749227821826935e-03
1.098461449146270752e-03
1.098224893212318420e-03
1.097996719181537628e-03
1.097754575312137604e-03
1.097516156733036041e-03
1.097338274121284485e-03
1.097157597541809082e-03
1.096931286156177521e-03
1.096779480576515198e-03
1.096627674996852875e-03
1.096436753869056702e-03
1.096309162676334381e-03
1.096136868000030518e-03
1.095972955226898193e-03
1.095838844776153564e-03
1.095713116228580475e-03
1.095587387681007385e-03
1.095471903681755066e-03
1.095354557037353516e-03
1.095204614102840424e-03
1.095075160264968872e-03
1.094941049814224243e-03
1.094721257686614990e-03
1.094543375074863434e-03
1.094408333301544189e-03
1.094295643270015717e-03
1.094122417271137238e-03
1.094019040465354919e-03
1.093859784305095673e-03
1.093729399144649506e-03
1.093572005629539490e-03
1.093382015824317932e-03
1.093200407922267914e-03
1.092969439923763275e-03
1.092736609280109406e-03
1.092501915991306305e-03
1.092304475605487823e-03
1.092108897864818573e-03
1.091835089027881622e-03
1.091525889933109283e-03
1.088486053049564362e-03
1.080431044101715088e-03
1.068207435309886932e-03
1.055316999554634094e-03
1.041468232870101929e-03
1.024864614009857178e-03
1.010251231491565704e-03
9.950194507837295532e-04
9.790845215320587158e-04
9.613465517759323120e-04
9.418679401278495789e-04
9.212195873260498047e-04
8.996073156595230103e-04
8.773151785135269165e-04
8.545191958546638489e-04
8.311215788125991821e-04
8.063428103923797607e-04
7.805982604622840881e-04
7.544122636318206787e-04
7.276637479662895203e-04
6.998488679528236389e-04
6.723757833242416382e-04
6.486587226390838623e-04
6.195288151502609253e-04
5.894210189580917358e-04
5.601849406957626343e-04
5.305735394358634949e-04
5.024336278438568115e-04
4.747053608298301697e-04
4.476401954889297485e-04
4.219179973006248474e-04
3.970945253968238831e-04
3.727758303284645081e-04
3.491314128041267395e-04
3.257114440202713013e-04
3.025596961379051208e-04
2.793148159980773926e-04
2.574920654296875000e-04
2.348665148019790649e-04
2.126768231391906738e-04
1.925164833664894104e-04
1.730592921376228333e-04
1.541199162602424622e-04
1.349113881587982178e-04
1.159058883786201477e-04
9.648781269788742065e-05
7.753260433673858643e-05
6.003491580486297607e-05
4.570744931697845459e-05
3.365986049175262451e-05
2.557318657636642456e-05
1.922622323036193848e-05
1.018308103084564209e-05
4.423782229423522949e-06
-6.593763828277587891e-07
-1.235865056514739990e-06
-5.043111741542816162e-06
-6.615184247493743896e-06
-8.285976946353912354e-06
-8.279457688331604004e-06
-8.255243301391601562e-06
-8.288770914077758789e-06
-8.301809430122375488e-06
-8.263625204563140869e-06
-8.274801075458526611e-06
-8.295290172100067139e-06
-8.278526365756988525e-06
-8.290633559226989746e-06
-8.287839591503143311e-06
-8.295290172100067139e-06
-8.290633559226989746e-06
