-4.649162292480468750e-06
-4.635192453861236572e-06
-4.637986421585083008e-06
-4.624947905540466309e-06
-4.641711711883544922e-06
-4.621222615242004395e-06
-4.635192453861236572e-06
-4.639849066734313965e-06
-4.619359970092773438e-06
-4.626810550689697266e-06
-4.627741873264312744e-06
-4.583969712257385254e-06
-4.605390131473541260e-06
-4.614703357219696045e-06
-4.637986421585083008e-06
-4.600733518600463867e-06
-4.609115421772003174e-06
-4.618428647518157959e-06
-4.610978066921234131e-06
-4.624016582965850830e-06
-4.631467163562774658e-06
-4.591420292854309082e-06
-4.624016582965850830e-06
-4.631467163562774658e-06
-4.649162292480468750e-06
-4.621222615242004395e-06
-4.631467163562774658e-06
-4.607252776622772217e-06
-4.618428647518157959e-06
-4.612840712070465088e-06
-4.637986421585083008e-06
-4.632398486137390137e-06
-4.595145583152770996e-06
-4.603527486324310303e-06
-4.619359970092773438e-06
-4.628673195838928223e-06
-4.620291292667388916e-06
-4.630535840988159180e-06
-4.635192453861236572e-06
-4.592351615428924561e-06
-4.635192453861236572e-06
-4.596076905727386475e-06
-4.628673195838928223e-06
-4.600733518600463867e-06
-4.623085260391235352e-06
-4.607252776622772217e-06
-4.588626325130462646e-06
-4.617497324943542480e-06
-4.628673195838928223e-06
-2.104789018630981445e-06
-1.330859959125518799e-06
1.549720764160156250e-06
3.056600689888000488e-06
8.997507393360137939e-06
1.707766205072402954e-05
2.119690179824829102e-05
2.385489642620086670e-05
2.963934093713760376e-05
3.496836870908737183e-05
4.120077937841415405e-05
4.931073635816574097e-05
5.722511559724807739e-05
5.954969674348831177e-05
5.900301039218902588e-05
5.836877971887588501e-05
5.805119872093200684e-05
5.775410681962966919e-05
5.758926272392272949e-05
5.742534995079040527e-05
5.733966827392578125e-05
5.722325295209884644e-05
5.714129656553268433e-05
5.708727985620498657e-05
5.699507892131805420e-05
5.695316940546035767e-05
5.692336708307266235e-05
5.693919956684112549e-05
5.701836198568344116e-05
5.709286779165267944e-05
5.716178566217422485e-05
5.720648914575576782e-05
5.725771188735961914e-05
5.734059959650039673e-05
5.748867988586425781e-05
5.968008190393447876e-05
6.407778710126876831e-05
6.712693721055984497e-05
7.066223770380020142e-05
7.501151412725448608e-05
8.045136928558349609e-05
8.655805140733718872e-05
9.361375123262405396e-05
1.006927341222763062e-04
1.102006062865257263e-04
1.221150159835815430e-04
1.345789059996604919e-04
1.508127897977828979e-04
1.686569303274154663e-04
1.874398440122604370e-04
2.075918018817901611e-04
2.289619296789169312e-04
2.515306696295738220e-04
2.749934792518615723e-04
2.991408109664916992e-04
3.226008266210556030e-04
3.462200984358787537e-04
3.694705665111541748e-04
3.926763311028480530e-04
4.159659147262573242e-04
4.389556124806404114e-04
4.611974582076072693e-04
4.829298704862594604e-04
5.047349259257316589e-04
5.277525633573532104e-04
5.509750917553901672e-04
5.737273022532463074e-04
5.966108292341232300e-04
6.192820146679878235e-04
6.422000005841255188e-04
6.650658324360847473e-04
6.878236308693885803e-04
7.104156538844108582e-04
7.329983636736869812e-04
7.557598873972892761e-04
7.781973108649253845e-04
8.006086573004722595e-04
8.228570222854614258e-04
8.445326238870620728e-04
8.647376671433448792e-04
8.853888139128684998e-04
9.063705801963806152e-04
9.269798174500465393e-04
9.473264217376708984e-04
9.678658097982406616e-04
9.882543236017227173e-04
1.007548533380031586e-03
1.026659272611141205e-03
1.046302728354930878e-03
1.065246760845184326e-03
1.083781942725181580e-03
1.102467067539691925e-03
1.120637170970439911e-03
1.138546504080295563e-03
1.156448386609554291e-03
1.173933036625385284e-03
1.191874034702777863e-03
1.209189184010028839e-03
1.226077787578105927e-03
1.243063248693943024e-03
1.259147189557552338e-03
1.275084912776947021e-03
1.291716471314430237e-03
1.308047212660312653e-03
1.323346048593521118e-03
1.338715665042400360e-03
1.353809610009193420e-03
1.366952434182167053e-03
1.378201879560947418e-03
1.389161683619022369e-03
1.399235799908638000e-03
1.408986747264862061e-03
1.417279243469238281e-03
1.424569636583328247e-03
1.431777141988277435e-03
1.438185572624206543e-03
1.442384906113147736e-03
1.445839181542396545e-03
1.448746770620346069e-03
1.449244096875190735e-03
1.449269242584705353e-03
1.451444812119007111e-03
1.450907438993453979e-03
1.450178213417530060e-03
1.449513249099254608e-03
1.448927447199821472e-03
1.448392868041992188e-03
1.447906717658042908e-03
1.447479240596294403e-03
1.447085291147232056e-03
1.446693204343318939e-03
1.446307636797428131e-03
1.445978879928588867e-03
1.445646397769451141e-03
1.445384696125984192e-03
1.445084810256958008e-03
1.444819383323192596e-03
1.444551162421703339e-03
1.444296911358833313e-03
1.444060355424880981e-03
1.443842425942420959e-03
1.443632878363132477e-03
1.443420536816120148e-03
1.443262211978435516e-03
1.443044282495975494e-03
1.442886888980865479e-03
1.442714594304561615e-03
1.442524604499340057e-03
1.442357897758483887e-03
1.442183740437030792e-03
1.442052423954010010e-03
1.441859640181064606e-03
1.441695727407932281e-03
1.441424712538719177e-03
1.441197469830513000e-03
1.440982334315776825e-03
1.440819352865219116e-03
1.440659165382385254e-03
1.440466381609439850e-03
1.440262421965599060e-03
1.440064050257205963e-03
1.439895480871200562e-03
1.439687795937061310e-03
1.439481042325496674e-03
1.439170911908149719e-03
1.438879407942295074e-03
1.438581384718418121e-03
1.438303850591182709e-03
1.438015140593051910e-03
1.437746919691562653e-03
1.437417231500148773e-03
1.436363905668258667e-03
1.428741961717605591e-03
1.415089704096317291e-03
1.398156397044658661e-03
1.381277106702327728e-03
1.360918395221233368e-03
1.340300776064395905e-03
1.320920884609222412e-03
1.301056705415248871e-03
1.278554089367389679e-03
1.254618167877197266e-03
1.228409819304943085e-03
1.200403086841106415e-03
1.171810552477836609e-03
1.142065972089767456e-03
1.112377271056175232e-03
1.080486923456192017e-03
1.047785393893718719e-03
1.013209111988544464e-03
9.790146723389625549e-04
9.429818019270896912e-04
9.066723287105560303e-04
8.724248036742210388e-04
8.390797302126884460e-04
8.001932874321937561e-04
7.607201114296913147e-04
7.223393768072128296e-04
6.847083568572998047e-04
6.476119160652160645e-04
6.115883588790893555e-04
5.777385085821151733e-04
5.440749228000640869e-04
5.115587264299392700e-04
4.807412624359130859e-04
4.494786262512207031e-04
4.189442843198776245e-04
3.888467326760292053e-04
3.588376566767692566e-04
3.297701478004455566e-04
3.005675971508026123e-04
2.724081277847290039e-04
2.464773133397102356e-04
2.215625718235969543e-04
1.960713416337966919e-04
1.710671931505203247e-04
1.459196209907531738e-04
1.208744943141937256e-04
9.618606418371200562e-05
7.567740976810455322e-05
5.800463259220123291e-05
4.468485713005065918e-05
3.585219383239746094e-05
2.462696284055709839e-05
1.398567110300064087e-05
8.250586688518524170e-06
4.915520548820495605e-06
1.765787601470947266e-06
-1.792795956134796143e-06
-4.202127456665039062e-06
-4.570931196212768555e-06
-4.594214260578155518e-06
-4.569999873638153076e-06
-4.583038389682769775e-06
-4.564411938190460205e-06
-4.578381776809692383e-06
-4.569068551063537598e-06
-4.575587809085845947e-06
-4.593282938003540039e-06
-4.590488970279693604e-06
-4.584901034832000732e-06
-4.581175744533538818e-06
-4.584901034832000732e-06
