-8.294358849525451660e-06
-8.285976946353912354e-06
-8.325092494487762451e-06
-8.311122655868530273e-06
-8.267350494861602783e-06
-8.295290172100067139e-06
-8.289702236652374268e-06
-8.276663720607757568e-06
-8.282251656055450439e-06
-8.295290172100067139e-06
-8.300878107547760010e-06
-8.300878107547760010e-06
-8.309260010719299316e-06
-8.303672075271606445e-06
-8.286908268928527832e-06
-8.275732398033142090e-06
-8.263625204563140869e-06
-8.301809430122375488e-06
-8.282251656055450439e-06
-8.305534720420837402e-06
-8.300878107547760010e-06
-8.303672075271606445e-06
-8.254311978816986084e-06
-8.282251656055450439e-06
-8.299946784973144531e-06
-8.298084139823913574e-06
-8.294358849525451660e-06
-8.255243301391601562e-06
-8.286908268928527832e-06
-8.262693881988525391e-06
-8.273869752883911133e-06
-8.312985301017761230e-06
-8.298084139823913574e-06
-8.284114301204681396e-06
-8.300878107547760010e-06
-8.292496204376220703e-06
-8.285045623779296875e-06
-8.268281817436218262e-06
-8.279457688331604004e-06
-8.306466042995452881e-06
-8.295290172100067139e-06
-8.299015462398529053e-06
-8.313916623592376709e-06
-8.286908268928527832e-06
-8.290633559226989746e-06
-8.277595043182373047e-06
-8.279457688331604004e-06
-8.265487849712371826e-06
-8.296221494674682617e-06
-8.284114301204681396e-06
-8.312985301017761230e-06
-8.284114301204681396e-06
-8.294358849525451660e-06
-8.272007107734680176e-06
-8.316710591316223145e-06
-8.320435881614685059e-06
-8.295290172100067139e-06
-8.292496204376220703e-06
-8.290633559226989746e-06
-8.299015462398529053e-06
-8.317641913890838623e-06
-8.298084139823913574e-06
-8.280389010906219482e-06
-8.318573236465454102e-06
-8.297152817249298096e-06
-8.310191333293914795e-06
-8.323229849338531494e-06
-8.299946784973144531e-06
-8.305534720420837402e-06
-6.563030183315277100e-06
-6.209127604961395264e-06
-5.403533577919006348e-06
-3.668479621410369873e-06
-3.006309270858764648e-06
-7.934868335723876953e-07
3.417953848838806152e-06
8.240342140197753906e-06
1.031998544931411743e-05
1.263990998268127441e-05
1.392234116792678833e-05
1.676380634307861328e-05
1.734681427478790283e-05
1.704879105091094971e-05
1.710746437311172485e-05
1.715216785669326782e-05
1.703761518001556396e-05
1.697987318038940430e-05
1.691468060016632080e-05
1.686811447143554688e-05
1.683272421360015869e-05
1.681596040725708008e-05
1.679547131061553955e-05
1.677870750427246094e-05
1.678336411714553833e-05
1.680385321378707886e-05
1.687929034233093262e-05
1.695193350315093994e-05
1.702830195426940918e-05
1.713074743747711182e-05
1.717731356620788574e-05
1.723039895296096802e-05
1.732725650072097778e-05
1.830141991376876831e-05
1.954194158315658569e-05
2.007745206356048584e-05
2.094730734825134277e-05
2.200063318014144897e-05
2.318341284990310669e-05
2.469681203365325928e-05
2.638436853885650635e-05
2.871919423341751099e-05
3.118999302387237549e-05
3.378093242645263672e-05
3.710296005010604858e-05
4.112813621759414673e-05
4.612002521753311157e-05
5.229283124208450317e-05
5.970615893602371216e-05
6.817746907472610474e-05
7.816497236490249634e-05
9.190756827592849731e-05
1.069940626621246338e-04
1.238668337464332581e-04
1.409826800227165222e-04
1.587001606822013855e-04
1.760460436344146729e-04
1.940317451953887939e-04
2.118349075317382812e-04
2.300208434462547302e-04
2.474579960107803345e-04
2.649119123816490173e-04
2.821646630764007568e-04
2.995897084474563599e-04
3.163907676935195923e-04
3.331489861011505127e-04
3.498233854770660400e-04
3.663254901766777039e-04
3.825537860393524170e-04
3.993837162852287292e-04
4.163160920143127441e-04
4.330361261963844299e-04
4.501342773437500000e-04
4.669995978474617004e-04
4.841061308979988098e-04
5.013309419155120850e-04
5.184048786759376526e-04
5.353223532438278198e-04
5.521532148122787476e-04
5.694571882486343384e-04
5.863402038812637329e-04
6.028106436133384705e-04
6.186496466398239136e-04
6.345873698592185974e-04
6.496552377939224243e-04
6.635813042521476746e-04
6.766626611351966858e-04
6.883936002850532532e-04
6.985869258642196655e-04
7.086247205734252930e-04
7.176036015152931213e-04
7.258774712681770325e-04
7.326826453208923340e-04
7.384419441223144531e-04
7.436443120241165161e-04
7.479358464479446411e-04
7.510557770729064941e-04
7.522637024521827698e-04
7.544020190834999084e-04
7.571568712592124939e-04
7.588146254420280457e-04
7.599750533699989319e-04
7.626665756106376648e-04
7.622456178069114685e-04
7.634377107024192810e-04
7.652426138520240784e-04
7.648579776287078857e-04
7.676687091588973999e-04
7.676808163523674011e-04
7.671620696783065796e-04
7.667280733585357666e-04
7.665511220693588257e-04
7.698358967900276184e-04
7.718130946159362793e-04
7.744701579213142395e-04
7.773516699671745300e-04
7.800292223691940308e-04
7.814867421984672546e-04
7.845461368560791016e-04
7.847929373383522034e-04
7.876511663198471069e-04
7.872851565480232239e-04
7.888469845056533813e-04
7.909554988145828247e-04
7.937196642160415649e-04
7.934980094432830811e-04
7.928498089313507080e-04
7.923590019345283508e-04
7.919492200016975403e-04
7.916027680039405823e-04
7.912656292319297791e-04
7.909713312983512878e-04
7.906425744295120239e-04
7.903566583991050720e-04
7.901024073362350464e-04
7.898276671767234802e-04
7.895901799201965332e-04
7.893415167927742004e-04
7.891282439231872559e-04
7.889019325375556946e-04
7.887175306677818298e-04
7.884688675403594971e-04
7.882155478000640869e-04
7.878914475440979004e-04
7.875068113207817078e-04
7.871380075812339783e-04
7.868856191635131836e-04
7.865978404879570007e-04
7.863100618124008179e-04
7.856832817196846008e-04
7.799798622727394104e-04
7.704505696892738342e-04
7.598642259836196899e-04
7.494641467928886414e-04
7.369471713900566101e-04
7.231105118989944458e-04
7.100105285644531250e-04
6.957734003663063049e-04
6.801793351769447327e-04
6.651058793067932129e-04
6.525767967104911804e-04
6.351955235004425049e-04
6.153769791126251221e-04
5.960054695606231689e-04
5.756895989179611206e-04
5.546817556023597717e-04
5.328133702278137207e-04
5.101729184389114380e-04
4.876460880041122437e-04
4.644384607672691345e-04
4.409672692418098450e-04
4.173163324594497681e-04
3.932062536478042603e-04
3.691026940941810608e-04
3.442782908678054810e-04
3.197733312845230103e-04
2.955542877316474915e-04
2.710865810513496399e-04
2.475148066878318787e-04
2.243574708700180054e-04
2.007791772484779358e-04
1.780474558472633362e-04
1.553809270262718201e-04
1.333542168140411377e-04
1.121442764997482300e-04
9.291991591453552246e-05
7.409136742353439331e-05
5.688983947038650513e-05
4.332792013883590698e-05
3.251340240240097046e-05
2.460833638906478882e-05
1.902971416711807251e-05
1.317542046308517456e-05
9.935349225997924805e-06
6.466172635555267334e-06
3.477558493614196777e-06
-7.078051567077636719e-07
-1.432374119758605957e-06
-5.749054253101348877e-06
-7.065013051033020020e-06
-8.283182978630065918e-06
-8.286908268928527832e-06
-8.289702236652374268e-06
-8.292496204376220703e-06
-8.297152817249298096e-06
-8.280389010906219482e-06
-8.309260010719299316e-06
-8.300878107547760010e-06
-8.290633559226989746e-06
-8.268281817436218262e-06
-8.295290172100067139e-06
-8.286908268928527832e-06
-8.311122655868530273e-06
-8.283182978630065918e-06
