-4.543922841548919678e-06
-4.571862518787384033e-06
-4.575587809085845947e-06
-4.580244421958923340e-06
-4.565343260765075684e-06
-4.542991518974304199e-06
-4.563480615615844727e-06
-4.589557647705078125e-06
-4.541128873825073242e-06
-4.579313099384307861e-06
-4.542060196399688721e-06
-4.523433744907379150e-06
-4.567205905914306641e-06
-4.553236067295074463e-06
-4.564411938190460205e-06
-4.568137228488922119e-06
-4.561617970466613770e-06
-4.581175744533538818e-06
-4.549510776996612549e-06
-4.575587809085845947e-06
-4.564411938190460205e-06
-4.565343260765075684e-06
-4.570931196212768555e-06
-4.545785486698150635e-06
-4.553236067295074463e-06
-4.554167389869689941e-06
-4.583969712257385254e-06
-4.583969712257385254e-06
-4.597008228302001953e-06
-4.569999873638153076e-06
-4.567205905914306641e-06
-4.563480615615844727e-06
-4.548579454421997070e-06
-4.535540938377380371e-06
-4.577450454235076904e-06
-4.583969712257385254e-06
-4.569068551063537598e-06
-4.557892680168151855e-06
-4.552304744720458984e-06
-4.556030035018920898e-06
-4.563480615615844727e-06
-4.577450454235076904e-06
-4.588626325130462646e-06
-4.556030035018920898e-06
-4.588626325130462646e-06
-4.559755325317382812e-06
-4.564411938190460205e-06
-4.558824002742767334e-06
-4.542060196399688721e-06
-4.572793841361999512e-06
-4.570931196212768555e-06
-4.555098712444305420e-06
-4.563480615615844727e-06
-4.558824002742767334e-06
-4.555098712444305420e-06
-4.542060196399688721e-06
-4.563480615615844727e-06
-4.532746970653533936e-06
-4.555098712444305420e-06
-4.576519131660461426e-06
-4.587695002555847168e-06
-4.567205905914306641e-06
-4.553236067295074463e-06
-4.575587809085845947e-06
-4.548579454421997070e-06
-4.553236067295074463e-06
-4.567205905914306641e-06
-4.546716809272766113e-06
-4.548579454421997070e-06
-1.970678567886352539e-06
-1.699663698673248291e-06
8.493661880493164062e-07
1.907348632812500000e-06
3.200024366378784180e-06
7.017515599727630615e-06
1.412816345691680908e-05
1.813378185033798218e-05
2.151541411876678467e-05
2.351962029933929443e-05
2.635270357131958008e-05
2.916809171438217163e-05
2.879928797483444214e-05
2.859625965356826782e-05
2.886820584535598755e-05
2.874247729778289795e-05
2.863164991140365601e-05
2.858135849237442017e-05
2.850219607353210449e-05
2.844817936420440674e-05
2.838764339685440063e-05
2.834107726812362671e-05
2.834480255842208862e-05
2.836436033248901367e-05
2.837646752595901489e-05
2.840440720319747925e-05
2.846959978342056274e-05
2.862419933080673218e-05
2.874433994293212891e-05
2.879090607166290283e-05
2.888496965169906616e-05
2.895668148994445801e-05
2.919323742389678955e-05
3.133062273263931274e-05
3.220420330762863159e-05
3.311596810817718506e-05
3.445148468017578125e-05
3.585591912269592285e-05
3.764219582080841064e-05
3.971159458160400391e-05
4.227180033922195435e-05
4.559755325317382812e-05
4.878267645835876465e-05
5.257315933704376221e-05
5.724001675844192505e-05
6.321072578430175781e-05
7.033161818981170654e-05
7.934309542179107666e-05
8.983723819255828857e-05
1.011062413454055786e-04
1.173717901110649109e-04
1.358520239591598511e-04
1.569781452417373657e-04
1.794528216123580933e-04
2.022255212068557739e-04
2.254350110888481140e-04
2.483073621988296509e-04
2.720504999160766602e-04
2.954155206680297852e-04
3.190450370311737061e-04
3.418950363993644714e-04
3.646891564130783081e-04
3.873528912663459778e-04
4.099262878298759460e-04
4.317136481404304504e-04
4.537329077720642090e-04
4.752874374389648438e-04
4.968075081706047058e-04
5.183806642889976501e-04
5.407063290476799011e-04
5.628373473882675171e-04
5.849385634064674377e-04
6.072074174880981445e-04
6.292127072811126709e-04
6.518885493278503418e-04
6.742794066667556763e-04
6.967177614569664001e-04
7.189316675066947937e-04
7.412321865558624268e-04
7.635857909917831421e-04
7.853321731090545654e-04
8.066659793257713318e-04
8.274894207715988159e-04
8.480213582515716553e-04
8.668927475810050964e-04
8.847992867231369019e-04
9.011588990688323975e-04
9.154248982667922974e-04
9.285667911171913147e-04
9.411619976162910461e-04
9.525148198008537292e-04
9.623756632208824158e-04
9.704865515232086182e-04
9.776996448636054993e-04
9.843427687883377075e-04
9.886110201478004456e-04
9.916443377733230591e-04
9.947270154953002930e-04
9.976560249924659729e-04
9.989943355321884155e-04
1.002675853669643402e-03
1.004158519208431244e-03
1.006130129098892212e-03
1.005526632070541382e-03
1.009398140013217926e-03
1.009262166917324066e-03
1.010206528007984161e-03
1.013182103633880615e-03
1.012435182929039001e-03
1.011805608868598938e-03
1.011397689580917358e-03
1.012592576444149017e-03
1.016750931739807129e-03
1.021037809550762177e-03
1.022486016154289246e-03
1.026672311127185822e-03
1.030737534165382385e-03
1.032810658216476440e-03
1.034960150718688965e-03
1.037628389894962311e-03
1.038872636854648590e-03
1.038565300405025482e-03
1.042825169861316681e-03
1.044496893882751465e-03
1.047123223543167114e-03
1.046259887516498566e-03
1.045489683747291565e-03
1.044918783009052277e-03
1.044423319399356842e-03
1.043993048369884491e-03
1.043588854372501373e-03
1.043190248310565948e-03
1.042786985635757446e-03
1.042411662638187408e-03
1.042075455188751221e-03
1.041773706674575806e-03
1.041444018483161926e-03
1.041133888065814972e-03
1.040861010551452637e-03
1.040538772940635681e-03
1.040269620716571808e-03
1.039955765008926392e-03
1.039579510688781738e-03
1.039133407175540924e-03
1.038669608533382416e-03
1.038214191794395447e-03
1.037861220538616180e-03
1.037498004734516144e-03
1.037010923027992249e-03
1.034137792885303497e-03
1.023362390697002411e-03
1.009821891784667969e-03
9.962385520339012146e-04
9.817322716116905212e-04
9.637363255023956299e-04
9.465143084526062012e-04
9.286375716328620911e-04
9.094374254345893860e-04
8.879601955413818359e-04
8.730879053473472595e-04
8.517373353242874146e-04
8.268561214208602905e-04
8.014561608433723450e-04
7.756389677524566650e-04
7.484508678317070007e-04
7.206937298178672791e-04
6.912052631378173828e-04
6.618900224566459656e-04
6.316276267170906067e-04
6.012907251715660095e-04
5.700942128896713257e-04
5.390429869294166565e-04
5.072066560387611389e-04
4.750769585371017456e-04
4.430701956152915955e-04
4.106294363737106323e-04
3.788508474826812744e-04
3.473628312349319458e-04
3.165602684020996094e-04
2.862419933080673218e-04
2.556852996349334717e-04
2.255877479910850525e-04
1.965919509530067444e-04
1.682387664914131165e-04
1.409081742167472839e-04
1.164525747299194336e-04
9.249802678823471069e-05
7.216539233922958374e-05
5.577784031629562378e-05
4.352629184722900391e-05
3.504008054733276367e-05
2.668239176273345947e-05
2.187862992286682129e-05
1.699198037385940552e-05
1.323502510786056519e-05
6.759539246559143066e-06
4.931353032588958740e-06
1.562759280204772949e-06
-1.784414052963256836e-06
-4.160217940807342529e-06
-4.584901034832000732e-06
-4.564411938190460205e-06
-4.552304744720458984e-06
-4.584901034832000732e-06
-4.560686647891998291e-06
-4.579313099384307861e-06
-4.577450454235076904e-06
-4.581175744533538818e-06
-4.557892680168151855e-06
-4.564411938190460205e-06
-4.566274583339691162e-06
-4.559755325317382812e-06
-4.592351615428924561e-06
-4.565343260765075684e-06
