-8.232891559600830078e-06
-8.224509656429290771e-06
-8.249655365943908691e-06
-8.267350494861602783e-06
-8.225440979003906250e-06
-8.222647011280059814e-06
-8.252449333667755127e-06
-8.250586688518524170e-06
-8.226372301578521729e-06
-8.231028914451599121e-06
-8.209608495235443115e-06
-8.227303624153137207e-06
-8.235685527324676514e-06
-8.228234946727752686e-06
-8.237548172473907471e-06
-8.246861398220062256e-06
-8.231028914451599121e-06
-8.234754204750061035e-06
-8.257105946540832520e-06
-8.238479495048522949e-06
-8.269213140010833740e-06
-8.255243301391601562e-06
-8.233822882175445557e-06
-8.227303624153137207e-06
-8.244067430496215820e-06
-8.231028914451599121e-06
-8.268281817436218262e-06
-8.253380656242370605e-06
-8.244067430496215820e-06
-8.227303624153137207e-06
-8.241273462772369385e-06
-8.231028914451599121e-06
-8.247792720794677734e-06
-8.240342140197753906e-06
-8.245930075645446777e-06
-8.243136107921600342e-06
-8.244067430496215820e-06
-8.244067430496215820e-06
-8.245930075645446777e-06
-8.258037269115447998e-06
-8.249655365943908691e-06
-8.245930075645446777e-06
-8.275732398033142090e-06
-8.249655365943908691e-06
-8.239410817623138428e-06
-8.242204785346984863e-06
-8.260831236839294434e-06
-8.238479495048522949e-06
-8.246861398220062256e-06
-8.243136107921600342e-06
-8.247792720794677734e-06
-8.254311978816986084e-06
-8.250586688518524170e-06
-8.250586688518524170e-06
-8.237548172473907471e-06
-8.247792720794677734e-06
-8.249655365943908691e-06
-8.228234946727752686e-06
-8.242204785346984863e-06
-8.239410817623138428e-06
-8.248724043369293213e-06
-8.253380656242370605e-06
-8.248724043369293213e-06
-8.211471140384674072e-06
-8.253380656242370605e-06
-8.256174623966217041e-06
-8.242204785346984863e-06
-8.258037269115447998e-06
-8.245930075645446777e-06
-7.975846529006958008e-06
-6.609596312046051025e-06
-6.223097443580627441e-06
-4.407949745655059814e-06
-1.163221895694732666e-06
1.742504537105560303e-06
5.294568836688995361e-06
9.083189070224761963e-06
1.273117959499359131e-05
1.662969589233398438e-05
2.158340066671371460e-05
2.446677535772323608e-05
2.378318458795547485e-05
2.321228384971618652e-05
2.301577478647232056e-05
2.287793904542922974e-05
2.275407314300537109e-05
2.265255898237228394e-05
2.259667962789535522e-05
2.254918217658996582e-05
2.247188240289688110e-05
2.243928611278533936e-05
2.237502485513687134e-05
2.234522253274917603e-05
2.232659608125686646e-05
2.228096127510070801e-05
2.223439514636993408e-05
2.221390604972839355e-05
2.219621092081069946e-05
2.214312553405761719e-05
2.212543040513992310e-05
2.213194966316223145e-05
2.217013388872146606e-05
2.236291766166687012e-05
2.552289515733718872e-05
2.782512456178665161e-05
3.001745790243148804e-05
3.313645720481872559e-05
3.659445792436599731e-05
4.065502434968948364e-05
4.546716809272766113e-05
5.067605525255203247e-05
5.665514618158340454e-05
6.347522139549255371e-05
7.083639502525329590e-05
7.969979196786880493e-05
9.285192936658859253e-05
1.092655584216117859e-04
1.269001513719558716e-04
1.454139128327369690e-04
1.643532887101173401e-04
1.843655481934547424e-04
2.037547528743743896e-04
2.236859872937202454e-04
2.443948760628700256e-04
2.656746655702590942e-04
2.852389588952064514e-04
3.041792660951614380e-04
3.228113055229187012e-04
3.416528925299644470e-04
3.604013472795486450e-04
3.794208168983459473e-04
3.997888416051864624e-04
4.201875999569892883e-04
4.401225596666336060e-04
4.592463374137878418e-04
4.776306450366973877e-04
4.962785169482231140e-04
5.138562992215156555e-04
5.305372178554534912e-04
5.476977676153182983e-04
5.650976672768592834e-04
5.814423784613609314e-04
5.973093211650848389e-04
6.133513525128364563e-04
6.293244659900665283e-04
6.444770842790603638e-04
6.600152701139450073e-04
6.747897714376449585e-04
6.875535473227500916e-04
7.009422406554222107e-04
7.142731919884681702e-04
7.280912250280380249e-04
7.403874769806861877e-04
7.536811754107475281e-04
7.659029215574264526e-04
7.780790328979492188e-04
7.894420996308326721e-04
8.018463850021362305e-04
8.135205134749412537e-04
8.247783407568931580e-04
8.348319679498672485e-04
8.457219228148460388e-04
8.558612316846847534e-04
8.663376793265342712e-04
8.754245936870574951e-04
8.854651823639869690e-04
8.952701464295387268e-04
9.055100381374359131e-04
9.146751835942268372e-04
9.241253137588500977e-04
9.338175877928733826e-04
9.435629472136497498e-04
9.524412453174591064e-04
9.610429406166076660e-04
9.704437106847763062e-04
9.798323735594749451e-04
9.888941422104835510e-04
9.967405349016189575e-04
1.005480997264385223e-03
1.013788394629955292e-03
1.022713258862495422e-03
1.030583865940570831e-03
1.038813032209873199e-03
1.046949066221714020e-03
1.055396161973476410e-03
1.063414849340915680e-03
1.071212813258171082e-03
1.079425215721130371e-03
1.087331213057041168e-03
1.095305196940898895e-03
1.102792099118232727e-03
1.111042685806751251e-03
1.118616200983524323e-03
1.126118935644626617e-03
1.132499426603317261e-03
1.140054315328598022e-03
1.148026436567306519e-03
1.155725680291652679e-03
1.162730157375335693e-03
1.169125549495220184e-03
1.176652498543262482e-03
1.184033229947090149e-03
1.191214658319950104e-03
1.197030767798423767e-03
1.203772611916065216e-03
1.210541464388370514e-03
1.217415556311607361e-03
1.223596744239330292e-03
1.228430308401584625e-03
1.233461312949657440e-03
1.238128170371055603e-03
1.241954974830150604e-03
1.245315186679363251e-03
1.248451881110668182e-03
1.250459812581539154e-03
1.250471919775009155e-03
1.251526176929473877e-03
1.250428147614002228e-03
1.249349676072597504e-03
1.248409040272235870e-03
1.247582957148551941e-03
1.246826723217964172e-03
1.246157102286815643e-03
1.245534978806972504e-03
1.244954764842987061e-03
1.244396902620792389e-03
1.243915408849716187e-03
1.243455335497856140e-03
1.242979429662227631e-03
1.242559403181076050e-03
1.242196187376976013e-03
1.241793856024742126e-03
1.241452060639858246e-03
1.241126097738742828e-03
1.240798272192478180e-03
1.240436919033527374e-03
1.240171492099761963e-03
1.239885576069355011e-03
1.239584758877754211e-03
1.239317469298839569e-03
1.239081844687461853e-03
1.238800585269927979e-03
1.238577999174594879e-03
1.238314434885978699e-03
1.238116994500160217e-03
1.237887889146804810e-03
1.237677410244941711e-03
1.237452030181884766e-03
1.237261109054088593e-03
1.237043179571628571e-03
1.236796379089355469e-03
1.236556097865104675e-03
1.236392185091972351e-03
1.236172392964363098e-03
1.235988922417163849e-03
1.235825009644031525e-03
1.235632225871086121e-03
1.235439442098140717e-03
1.235267147421836853e-03
1.235066913068294525e-03
1.234923489391803741e-03
1.234741881489753723e-03
1.234564930200576782e-03
1.234404742717742920e-03
1.234235242009162903e-03
1.234101131558418274e-03
1.233926042914390564e-03
1.233787275850772858e-03
1.233633607625961304e-03
1.233456656336784363e-03
1.233275979757308960e-03
1.233157701790332794e-03
1.232940703630447388e-03
1.232738606631755829e-03
1.232495531439781189e-03
1.230486668646335602e-03
1.225093379616737366e-03
1.218866556882858276e-03
1.211294904351234436e-03
1.202840358018875122e-03
1.194644719362258911e-03
1.185804605484008789e-03
1.175019890069961548e-03
1.164325512945652008e-03
1.152147538959980011e-03
1.138758845627307892e-03
1.123358495533466339e-03
1.108010299503803253e-03
1.095406711101531982e-03
1.076942309737205505e-03
1.057285815477371216e-03
1.037489622831344604e-03
1.016153953969478607e-03
9.938348084688186646e-04
9.705247357487678528e-04
9.461808949708938599e-04
9.209457784891128540e-04
8.949320763349533081e-04
8.677663281559944153e-04
8.400995284318923950e-04
8.115991950035095215e-04
7.835133001208305359e-04
7.552029564976692200e-04
7.271962240338325500e-04
6.986809894442558289e-04
6.702626124024391174e-04
6.419532001018524170e-04
6.126239895820617676e-04
5.837148055434226990e-04
5.545541644096374512e-04
5.246000364422798157e-04
4.937332123517990112e-04
4.622554406523704529e-04
4.313299432396888733e-04
4.006978124380111694e-04
3.687869757413864136e-04
3.373743966221809387e-04
3.056777641177177429e-04
2.742800861597061157e-04
2.450132742524147034e-04
2.176761627197265625e-04
1.907330006361007690e-04
1.648245379328727722e-04
1.393677666783332825e-04
1.134350895881652832e-04
8.993875235319137573e-05
6.857980042695999146e-05
4.899315536022186279e-05
3.479793667793273926e-05
2.455990761518478394e-05
1.547299325466156006e-05
8.549541234970092773e-06
2.655200660228729248e-06
1.019798219203948975e-06
8.484348654747009277e-07
-3.204680979251861572e-06
-4.608184099197387695e-06
-5.821697413921356201e-06
-6.192363798618316650e-06
-8.253380656242370605e-06
-8.250586688518524170e-06
-8.292496204376220703e-06
-8.266419172286987305e-06
-8.253380656242370605e-06
-8.268281817436218262e-06
-8.287839591503143311e-06
-8.271075785160064697e-06
-8.263625204563140869e-06
-8.255243301391601562e-06
-8.259899914264678955e-06
-8.259899914264678955e-06
-8.252449333667755127e-06
