-4.581175744533538818e-06
-4.575587809085845947e-06
-4.589557647705078125e-06
-4.573725163936614990e-06
-4.591420292854309082e-06
-4.569068551063537598e-06
-4.565343260765075684e-06
-4.606321454048156738e-06
-4.566274583339691162e-06
-4.556961357593536377e-06
-4.569068551063537598e-06
-4.583969712257385254e-06
-4.572793841361999512e-06
-4.576519131660461426e-06
-4.546716809272766113e-06
-4.557892680168151855e-06
-4.580244421958923340e-06
-4.551373422145843506e-06
-4.576519131660461426e-06
-4.584901034832000732e-06
-4.584901034832000732e-06
-4.588626325130462646e-06
-4.578381776809692383e-06
-4.583969712257385254e-06
-4.567205905914306641e-06
-4.553236067295074463e-06
-4.556961357593536377e-06
-4.560686647891998291e-06
-4.564411938190460205e-06
-4.574656486511230469e-06
-4.560686647891998291e-06
-4.557892680168151855e-06
-4.580244421958923340e-06
-4.566274583339691162e-06
-4.584901034832000732e-06
-4.562549293041229248e-06
-4.590488970279693604e-06
-4.580244421958923340e-06
-4.570931196212768555e-06
-4.569999873638153076e-06
-4.552304744720458984e-06
-4.586763679981231689e-06
-4.577450454235076904e-06
-4.572793841361999512e-06
-4.564411938190460205e-06
-4.563480615615844727e-06
-4.579313099384307861e-06
-4.575587809085845947e-06
-4.588626325130462646e-06
-4.556961357593536377e-06
-4.570931196212768555e-06
-4.555098712444305420e-06
-4.565343260765075684e-06
-4.562549293041229248e-06
-4.561617970466613770e-06
-4.577450454235076904e-06
-4.553236067295074463e-06
-4.569999873638153076e-06
-4.594214260578155518e-06
-4.598870873451232910e-06
-4.597939550876617432e-06
-4.566274583339691162e-06
-4.573725163936614990e-06
-4.563480615615844727e-06
-4.536472260951995850e-06
-4.587695002555847168e-06
-4.564411938190460205e-06
-4.569068551063537598e-06
-4.571862518787384033e-06
-4.560686647891998291e-06
-2.554617822170257568e-06
-2.264045178890228271e-06
-1.324340701103210449e-06
3.402121365070343018e-06
5.938112735748291016e-06
1.173280179500579834e-05
1.586042344570159912e-05
2.042390406131744385e-05
2.535153180360794067e-05
3.106519579887390137e-05
3.690738230943679810e-05
3.814045339822769165e-05
3.684405237436294556e-05
3.654230386018753052e-05
3.632716834545135498e-05
3.612041473388671875e-05
3.600586205720901489e-05
3.590434789657592773e-05
3.581307828426361084e-05
3.575719892978668213e-05
3.567151725292205811e-05
3.561377525329589844e-05
3.557000309228897095e-05
3.551412373781204224e-05
3.546662628650665283e-05
3.541074693202972412e-05
3.539305180311203003e-05
3.533065319061279297e-05
3.531202673912048340e-05
3.526918590068817139e-05
3.530643880367279053e-05
3.530271351337432861e-05
3.539398312568664551e-05
3.706384450197219849e-05
4.178006201982498169e-05
4.401989281177520752e-05
4.749186336994171143e-05
5.187932401895523071e-05
5.668308585882186890e-05
6.273668259382247925e-05
6.910040974617004395e-05
7.656123489141464233e-05
8.474010974168777466e-05
9.418278932571411133e-05
1.047933474183082581e-04
1.186365261673927307e-04
1.385128125548362732e-04
1.611076295375823975e-04
1.846626400947570801e-04
2.092048525810241699e-04
2.348441630601882935e-04
2.608355134725570679e-04
2.864962443709373474e-04
3.131935372948646545e-04
3.408435732126235962e-04
3.676423802971839905e-04
3.925468772649765015e-04
4.174346104264259338e-04
4.419833421707153320e-04
4.663951694965362549e-04
4.910100251436233521e-04
5.169846117496490479e-04
5.440302193164825439e-04
5.702264606952667236e-04
5.957391113042831421e-04
6.207246333360671997e-04
6.445730105042457581e-04
6.683422252535820007e-04
6.912630051374435425e-04
7.125828415155410767e-04
7.355129346251487732e-04
7.582027465105056763e-04
7.784692570567131042e-04
7.996354252099990845e-04
8.208137005567550659e-04
8.407859131693840027e-04
8.612042292952537537e-04
8.809659630060195923e-04
8.991397917270660400e-04
9.156754240393638611e-04
9.334832429885864258e-04
9.513506665825843811e-04
9.682225063443183899e-04
9.850002825260162354e-04
1.001690514385700226e-03
1.017698086798191071e-03
1.032828353345394135e-03
1.048604026436805725e-03
1.064084470272064209e-03
1.079461537301540375e-03
1.093043014407157898e-03
1.106739044189453125e-03
1.120414584875106812e-03
1.134139485657215118e-03
1.146810129284858704e-03
1.159067265689373016e-03
1.172265969216823578e-03
1.185242086648941040e-03
1.198240555822849274e-03
1.209919340908527374e-03
1.222776249051094055e-03
1.235230825841426849e-03
1.247675158083438873e-03
1.258595846593379974e-03
1.270703040063381195e-03
1.282655633985996246e-03
1.295211724936962128e-03
1.305863261222839355e-03
1.316732726991176605e-03
1.327934674918651581e-03
1.339166425168514252e-03
1.350341364741325378e-03
1.360624097287654877e-03
1.371609978377819061e-03
1.382129266858100891e-03
1.393176615238189697e-03
1.403122209012508392e-03
1.413998194038867950e-03
1.424145884811878204e-03
1.434856094419956207e-03
1.444690860807895660e-03
1.455106772482395172e-03
1.465553417801856995e-03
1.475449651479721069e-03
1.484473235905170441e-03
1.493223011493682861e-03
1.503772102296352386e-03
1.513830386102199554e-03
1.523769460618495941e-03
1.532564871013164520e-03
1.541167497634887695e-03
1.551081426441669464e-03
1.560746692121028900e-03
1.569183543324470520e-03
1.577161252498626709e-03
1.586264930665493011e-03
1.594916917383670807e-03
1.603896729648113251e-03
1.610832288861274719e-03
1.617200672626495361e-03
1.623731106519699097e-03
1.629247330129146576e-03
1.633806154131889343e-03
1.638372428715229034e-03
1.641269773244857788e-03
1.643092371523380280e-03
1.644062809646129608e-03
1.643611118197441101e-03
1.642170362174510956e-03
1.640928909182548523e-03
1.639747060835361481e-03
1.638774760067462921e-03
1.637851819396018982e-03
1.637033186852931976e-03
1.636250875890254974e-03
1.635534688830375671e-03
1.634907908737659454e-03
1.634277403354644775e-03
1.633693464100360870e-03
1.633154228329658508e-03
1.632644794881343842e-03
1.632126979529857635e-03
1.631700433790683746e-03
1.631247811019420624e-03
1.630784012377262115e-03
1.630372367799282074e-03
1.629987731575965881e-03
1.629613339900970459e-03
1.629259437322616577e-03
1.628921367228031158e-03
1.628573052585124969e-03
1.628223806619644165e-03
1.627917401492595673e-03
1.627597957849502563e-03
1.627319492399692535e-03
1.627034507691860199e-03
1.626768149435520172e-03
1.626483164727687836e-03
1.626201905310153961e-03
1.625979319214820862e-03
1.625644974410533905e-03
1.625341363251209259e-03
1.625060103833675385e-03
1.624833792448043823e-03
1.624575816094875336e-03
1.624342054128646851e-03
1.624120399355888367e-03
1.623856835067272186e-03
1.623602584004402161e-03
1.623384654521942139e-03
1.623176969587802887e-03
1.622957177460193634e-03
1.622742973268032074e-03
1.622503623366355896e-03
1.622307114303112030e-03
1.622106879949569702e-03
1.621925272047519684e-03
1.621713861823081970e-03
1.621525734663009644e-03
1.621308736503124237e-03
1.621105708181858063e-03
1.620898954570293427e-03
1.620686613023281097e-03
1.620443537831306458e-03
1.620152033865451813e-03
1.619565300643444061e-03
1.614419743418693542e-03
1.606292091310024261e-03
1.597549766302108765e-03
1.586962491273880005e-03
1.576016657054424286e-03
1.565298996865749359e-03
1.552409492433071136e-03
1.538310199975967407e-03
1.523762941360473633e-03
1.506938599050045013e-03
1.488420180976390839e-03
1.467867754399776459e-03
1.450320705771446228e-03
1.429891213774681091e-03
1.405049115419387817e-03
1.379234716296195984e-03
1.352691091597080231e-03
1.323813572525978088e-03
1.294527202844619751e-03
1.263080164790153503e-03
1.231187023222446442e-03
1.197278499603271484e-03
1.163160428404808044e-03
1.126842573285102844e-03
1.090260222554206848e-03
1.053260639309883118e-03
1.016168855130672455e-03
9.800102561712265015e-04
9.423382580280303955e-04
9.057074785232543945e-04
8.678967133164405823e-04
8.303970098495483398e-04
7.926747202873229980e-04
7.542427629232406616e-04
7.158033549785614014e-04
6.758356466889381409e-04
6.348127499222755432e-04
5.939891561865806580e-04
5.533723160624504089e-04
5.118371918797492981e-04
4.711020737886428833e-04
4.289336502552032471e-04
3.870753571391105652e-04
3.479691222310066223e-04
3.100940957665443420e-04
2.743946388363838196e-04
2.402514219284057617e-04
2.063168212771415710e-04
1.721931621432304382e-04
1.398138701915740967e-04
1.104259863495826721e-04
8.249934762716293335e-05
6.122235208749771118e-05
4.465971142053604126e-05
3.306288272142410278e-05
2.115499228239059448e-05
1.410581171512603760e-05
8.059665560722351074e-06
7.765367627143859863e-06
3.873370587825775146e-06
1.608394086360931396e-06
-6.072223186492919922e-07
-1.689419150352478027e-06
-3.663823008537292480e-06
-4.570931196212768555e-06
-4.570931196212768555e-06
-4.583969712257385254e-06
-4.519708454608917236e-06
-4.556961357593536377e-06
-4.571862518787384033e-06
-4.580244421958923340e-06
-4.548579454421997070e-06
-4.568137228488922119e-06
-4.551373422145843506e-06
-4.568137228488922119e-06
-4.575587809085845947e-06
