-4.546716809272766113e-06
-4.532746970653533936e-06
-4.505738615989685059e-06
-4.542060196399688721e-06
-4.536472260951995850e-06
-4.544854164123535156e-06
-4.537403583526611328e-06
-4.540197551250457764e-06
-4.525296390056610107e-06
-4.544854164123535156e-06
-4.541128873825073242e-06
-4.526227712631225586e-06
-4.506669938564300537e-06
-4.531815648078918457e-06
-4.529021680355072021e-06
-4.541128873825073242e-06
-4.542060196399688721e-06
-4.527159035205841064e-06
-4.533678293228149414e-06
-4.512257874011993408e-06
-4.527159035205841064e-06
-4.517845809459686279e-06
-4.526227712631225586e-06
-4.539266228675842285e-06
-4.546716809272766113e-06
-4.547648131847381592e-06
-4.510395228862762451e-06
-4.522502422332763672e-06
-4.523433744907379150e-06
-4.517845809459686279e-06
-4.512257874011993408e-06
-4.526227712631225586e-06
-4.517845809459686279e-06
-4.507601261138916016e-06
-4.510395228862762451e-06
-4.515983164310455322e-06
-4.535540938377380371e-06
-4.511326551437377930e-06
-4.534609615802764893e-06
-4.507601261138916016e-06
-4.515983164310455322e-06
-4.519708454608917236e-06
-4.515051841735839844e-06
-4.529953002929687500e-06
-4.520639777183532715e-06
-4.511326551437377930e-06
-4.515051841735839844e-06
-4.502944648265838623e-06
-4.542991518974304199e-06
-4.528090357780456543e-06
-4.519708454608917236e-06
-4.516914486885070801e-06
-4.529021680355072021e-06
-4.518777132034301758e-06
-4.529021680355072021e-06
-4.527159035205841064e-06
-4.507601261138916016e-06
-4.522502422332763672e-06
-4.497356712818145752e-06
-4.519708454608917236e-06
-4.508532583713531494e-06
-4.537403583526611328e-06
-4.504807293415069580e-06
-4.498288035392761230e-06
-4.537403583526611328e-06
-4.517845809459686279e-06
-1.738779246807098389e-06
-1.274980604648590088e-06
2.290122210979461670e-06
2.678483724594116211e-06
6.074085831642150879e-06
1.121684908866882324e-05
1.687556505203247070e-05
2.131331712007522583e-05
2.568587660789489746e-05
3.092736005783081055e-05
3.436487168073654175e-05
3.415532410144805908e-05
3.373436629772186279e-05
3.344006836414337158e-05
3.326684236526489258e-05
3.317371010780334473e-05
3.304705023765563965e-05
3.293529152870178223e-05
3.288779407739639282e-05
3.281701356172561646e-05
3.273133188486099243e-05
3.271270543336868286e-05
3.266613930463790894e-05
3.261864185333251953e-05
3.258883953094482422e-05
3.255438059568405151e-05
3.252923488616943359e-05
3.252271562814712524e-05
3.252457827329635620e-05
3.252271562814712524e-05
3.259722143411636353e-05
3.464333713054656982e-05
3.663823008537292480e-05
3.830250352621078491e-05
4.050415009260177612e-05
4.266481846570968628e-05
4.547648131847381592e-05
4.858151078224182129e-05
5.353428423404693604e-05
5.927681922912597656e-05
6.691273301839828491e-05
7.582455873489379883e-05
8.481089025735855103e-05
9.434856474399566650e-05
1.088986173272132874e-04
1.266924664378166199e-04
1.472588628530502319e-04
1.702271401882171631e-04
1.935055479407310486e-04
2.172188833355903625e-04
2.425741404294967651e-04
2.702558413147926331e-04
2.973144873976707458e-04
3.249114379286766052e-04
3.512222319841384888e-04
3.775274381041526794e-04
4.028975963592529297e-04
4.279725253582000732e-04
4.523359239101409912e-04
4.776921123266220093e-04
5.030734464526176453e-04
5.292100831866264343e-04
5.550980567932128906e-04
5.814991891384124756e-04
6.079757586121559143e-04
6.341878324747085571e-04
6.604585796594619751e-04
6.869034841656684875e-04
7.133586332201957703e-04
7.394067943096160889e-04
7.651848718523979187e-04
7.913587614893913269e-04
8.166823536157608032e-04
8.421372622251510620e-04
8.678529411554336548e-04
8.928291499614715576e-04
9.174970909953117371e-04
9.417291730642318726e-04
9.658364579081535339e-04
9.896503761410713196e-04
1.013171859085559845e-03
1.036060974001884460e-03
1.058012247085571289e-03
1.080119051039218903e-03
1.101964153349399567e-03
1.124348491430282593e-03
1.146859489381313324e-03
1.168080605566501617e-03
1.189013011753559113e-03
1.210752874612808228e-03
1.231208443641662598e-03
1.251838169991970062e-03
1.273391768336296082e-03
1.293801702558994293e-03
1.314069144427776337e-03
1.335235312581062317e-03
1.354893669486045837e-03
1.374478451907634735e-03
1.394989900290966034e-03
1.414315775036811829e-03
1.433529891073703766e-03
1.453876495361328125e-03
1.473379321396350861e-03
1.491973176598548889e-03
1.510628499090671539e-03
1.529579982161521912e-03
1.547881402075290680e-03
1.565659418702125549e-03
1.584537327289581299e-03
1.602157019078731537e-03
1.619940623641014099e-03
1.637855544686317444e-03
1.655945554375648499e-03
1.673243008553981781e-03
1.690331846475601196e-03
1.707918010652065277e-03
1.724822446703910828e-03
1.741300337016582489e-03
1.757971942424774170e-03
1.775833778083324432e-03
1.792039722204208374e-03
1.808039844036102295e-03
1.823571510612964630e-03
1.840451732277870178e-03
1.856369897723197937e-03
1.872175373136997223e-03
1.887436956167221069e-03
1.903953030705451965e-03
1.919500529766082764e-03
1.935295760631561279e-03
1.950277015566825867e-03
1.965735107660293579e-03
1.980176195502281189e-03
1.994661986827850342e-03
2.008490264415740967e-03
2.022695727646350861e-03
2.037391066551208496e-03
2.051290124654769897e-03
2.065300010144710541e-03
2.078664489090442657e-03
2.093254588544368744e-03
2.107110805809497833e-03
2.120516262948513031e-03
2.134173177182674408e-03
2.147205173969268799e-03
2.161078155040740967e-03
2.173653803765773773e-03
2.186579629778862000e-03
2.198905684053897858e-03
2.211475744843482971e-03
2.224346622824668884e-03
2.236079424619674683e-03
2.247965894639492035e-03
2.259999513626098633e-03
2.271226607263088226e-03
2.283597365021705627e-03
2.295666374266147614e-03
2.307547256350517273e-03
2.319564111530780792e-03
2.330884337425231934e-03
2.343335188925266266e-03
2.356847748160362244e-03
2.368517220020294189e-03
2.379977144300937653e-03
2.391651272773742676e-03
2.402877435088157654e-03
2.414697781205177307e-03
2.425070852041244507e-03
2.433120273053646088e-03
2.439337782561779022e-03
2.444673329591751099e-03
2.449310384690761566e-03
2.453047782182693481e-03
2.453725785017013550e-03
2.455702982842922211e-03
2.455014735460281372e-03
2.453993074595928192e-03
2.453012391924858093e-03
2.452076412737369537e-03
2.451225183904170990e-03
2.450394444167613983e-03
2.449632622301578522e-03
2.448922954499721527e-03
2.448245882987976074e-03
2.447621896862983704e-03
2.446983009576797485e-03
2.446389757096767426e-03
2.445831894874572754e-03
2.445297315716743469e-03
2.444797195494174957e-03
2.444314770400524139e-03
2.443805336952209473e-03
2.443363890051841736e-03
2.442924305796623230e-03
2.442480996251106262e-03
2.442065626382827759e-03
2.441653050482273102e-03
2.441300079226493835e-03
2.440894953906536102e-03
2.440524287521839142e-03
2.440191805362701416e-03
2.439812757074832916e-03
2.439437434077262878e-03
2.439148724079132080e-03
2.438819967210292816e-03
2.438499592244625092e-03
2.438213676214218140e-03
2.437903545796871185e-03
2.437579445540904999e-03
2.437251619994640350e-03
2.436921000480651855e-03
2.436584793031215668e-03
2.436270937323570251e-03
2.435874193906784058e-03
2.435554750263690948e-03
2.435252070426940918e-03
2.434929832816123962e-03
2.434599213302135468e-03
2.434289082884788513e-03
2.433992922306060791e-03
2.433692105114459991e-03
2.433404326438903809e-03
2.433125860989093781e-03
2.432814799249172211e-03
2.432524226605892181e-03
2.432179637253284454e-03
2.431777305901050568e-03
2.427713945508003235e-03
2.421647310256958008e-03
2.414136193692684174e-03
2.404230646789073944e-03
2.390060573816299438e-03
2.373646013438701630e-03
2.356474287807941437e-03
2.336481586098670959e-03
2.315352670848369598e-03
2.292573451995849609e-03
2.267770469188690186e-03
2.239913679659366608e-03
2.211193554103374481e-03
2.180468291044235229e-03
2.147737890481948853e-03
2.113235183060169220e-03
2.077077515423297882e-03
2.039454877376556396e-03
2.001221291720867157e-03
1.960130408406257629e-03
1.917616464197635651e-03
1.873434521257877350e-03
1.829010434448719025e-03
1.783424057066440582e-03
1.736349426209926605e-03
1.687436364591121674e-03
1.637106761336326599e-03
1.586648635566234589e-03
1.534867100417613983e-03
1.481494866311550140e-03
1.427656970918178558e-03
1.374290324747562408e-03
1.322353258728981018e-03
1.270859502255916595e-03
1.221386715769767761e-03
1.172500662505626678e-03
1.124268397688865662e-03
1.079943031072616577e-03
1.034101471304893494e-03
9.936103597283363342e-04
9.487988427281379700e-04
9.053731337189674377e-04
8.618962019681930542e-04
8.197920396924018860e-04
7.790559902787208557e-04
7.390351966023445129e-04
6.994595751166343689e-04
6.613461300730705261e-04
6.248513236641883850e-04
5.881134420633316040e-04
5.512209609150886536e-04
5.153361707925796509e-04
4.793526604771614075e-04
4.436690360307693481e-04
4.090564325451850891e-04
3.776708617806434631e-04
3.461288288235664368e-04
3.149807453155517578e-04
2.849586308002471924e-04
2.556769177317619324e-04
2.268981188535690308e-04
1.989128068089485168e-04
1.716269180178642273e-04
1.450218260288238525e-04
1.191040500998497009e-04
9.449571371078491211e-05
7.188785821199417114e-05
5.261972546577453613e-05
3.883428871631622314e-05
2.605933696031570435e-05
1.959409564733505249e-05
1.410674303770065308e-05
8.319504559040069580e-06
4.507601261138916016e-06
4.067085683345794678e-06
1.193024218082427979e-06
-3.101304173469543457e-07
-2.712942659854888916e-06
-3.602355718612670898e-06
-4.463829100131988525e-06
-4.461966454982757568e-06
-4.483386874198913574e-06
-4.475936293601989746e-06
-4.475936293601989746e-06
-4.477798938751220703e-06
-4.484318196773529053e-06
-4.451721906661987305e-06
-4.386529326438903809e-06
-4.488043487071990967e-06
-4.407949745655059814e-06
-4.461035132408142090e-06
-4.463829100131988525e-06
