-8.309260010719299316e-06
-8.283182978630065918e-06
-8.324161171913146973e-06
-8.326955139636993408e-06
-8.331611752510070801e-06
-8.309260010719299316e-06
-8.329749107360839844e-06
-8.290633559226989746e-06
-8.297152817249298096e-06
-8.319504559040069580e-06
-8.288770914077758789e-06
-8.312985301017761230e-06
-8.302740752696990967e-06
-8.312053978443145752e-06
-8.318573236465454102e-06
-8.316710591316223145e-06
-8.305534720420837402e-06
-8.297152817249298096e-06
-8.325092494487762451e-06
-8.326955139636993408e-06
-8.302740752696990967e-06
-8.302740752696990967e-06
-8.333474397659301758e-06
-8.330680429935455322e-06
-8.295290172100067139e-06
-8.316710591316223145e-06
-8.302740752696990967e-06
-8.299946784973144531e-06
-8.324161171913146973e-06
-8.353963494300842285e-06
-8.307397365570068359e-06
-8.311122655868530273e-06
-8.294358849525451660e-06
-8.294358849525451660e-06
-8.320435881614685059e-06
-8.299015462398529053e-06
-8.312985301017761230e-06
-8.298084139823913574e-06
-8.331611752510070801e-06
-8.304603397846221924e-06
-8.323229849338531494e-06
-8.312985301017761230e-06
-8.309260010719299316e-06
-8.312985301017761230e-06
-8.322298526763916016e-06
-8.326955139636993408e-06
-8.319504559040069580e-06
-8.321367204189300537e-06
-8.282251656055450439e-06
-8.306466042995452881e-06
-8.332543075084686279e-06
-8.319504559040069580e-06
-8.289702236652374268e-06
-8.309260010719299316e-06
-8.324161171913146973e-06
-8.335337042808532715e-06
-8.327886462211608887e-06
-8.319504559040069580e-06
-8.312985301017761230e-06
-8.317641913890838623e-06
-8.326023817062377930e-06
-8.299946784973144531e-06
-8.298084139823913574e-06
-8.314847946166992188e-06
-8.334405720233917236e-06
-8.311122655868530273e-06
-6.452202796936035156e-06
-5.994923412799835205e-06
-4.016794264316558838e-06
-2.993270754814147949e-06
-1.625157892704010010e-06
1.551583409309387207e-06
5.977228283882141113e-06
9.478069841861724854e-06
1.296773552894592285e-05
1.681037247180938721e-05
2.076663076877593994e-05
2.146791666746139526e-05
2.104602754116058350e-05
2.073217183351516724e-05
2.058222889900207520e-05
2.047326415777206421e-05
2.039875835180282593e-05
2.031959593296051025e-05
2.024322748184204102e-05
2.020131796598434448e-05
2.014916390180587769e-05
2.012029290199279785e-05
2.007558941841125488e-05
2.004019916057586670e-05
2.001039683818817139e-05
1.997221261262893677e-05
1.996196806430816650e-05
1.994054764509201050e-05
1.993682235479354858e-05
1.995265483856201172e-05
1.995451748371124268e-05
2.023577690124511719e-05
2.270564436912536621e-05
2.361647784709930420e-05
2.524629235267639160e-05
2.679042518138885498e-05
2.880487591028213501e-05
3.101397305727005005e-05
3.400910645723342896e-05
3.806035965681076050e-05
4.327110946178436279e-05
4.963297396898269653e-05
5.653034895658493042e-05
6.363261491060256958e-05
7.233023643493652344e-05
8.497945964336395264e-05
9.962823241949081421e-05
1.165354624390602112e-04
1.342240720987319946e-04
1.521762460470199585e-04
1.707756891846656799e-04
1.912433654069900513e-04
2.122474834322929382e-04
2.331780269742012024e-04
2.536829560995101929e-04
2.738246694207191467e-04
2.935426309704780579e-04
3.129271790385246277e-04
3.316244110465049744e-04
3.505088388919830322e-04
3.699520602822303772e-04
3.895023837685585022e-04
4.095733165740966797e-04
4.295678809285163879e-04
4.499237984418869019e-04
4.701279103755950928e-04
4.901522770524024963e-04
5.102520808577537537e-04
5.303639918565750122e-04
5.504544824361801147e-04
5.702162161469459534e-04
5.902145057916641235e-04
6.101541221141815186e-04
6.293216720223426819e-04
6.488179787993431091e-04
6.682239472866058350e-04
6.871996447443962097e-04
7.059993222355842590e-04
7.244395092129707336e-04
7.426748052239418030e-04
7.607322186231613159e-04
7.786126807332038879e-04
7.957257330417633057e-04
8.123740553855895996e-04
8.292002603411674500e-04
8.460646495223045349e-04
8.633108809590339661e-04
8.799023926258087158e-04
8.960496634244918823e-04
9.123692288994789124e-04
9.285425767302513123e-04
9.440639987587928772e-04
9.603621438145637512e-04
9.762886911630630493e-04
9.918073192238807678e-04
1.007779501378536224e-03
1.023254357278347015e-03
1.038296148180961609e-03
1.053418032824993134e-03
1.068788580596446991e-03
1.083494164049625397e-03
1.098413020372390747e-03
1.113925129175186157e-03
1.128430478274822235e-03
1.142323017120361328e-03
1.157131977379322052e-03
1.171189360320568085e-03
1.184902153909206390e-03
1.198866404592990875e-03
1.212828792631626129e-03
1.226450316607952118e-03
1.239861361682415009e-03
1.253949478268623352e-03
1.267241314053535461e-03
1.280532218515872955e-03
1.293573528528213501e-03
1.306971535086631775e-03
1.319642178714275360e-03
1.332160085439682007e-03
1.345554366707801819e-03
1.358606852591037750e-03
1.370834186673164368e-03
1.382726244628429413e-03
1.395200379192829132e-03
1.407833769917488098e-03
1.419947482645511627e-03
1.431624405086040497e-03
1.443900167942047119e-03
1.456220634281635284e-03
1.468113623559474945e-03
1.479939557611942291e-03
1.491541974246501923e-03
1.503052189946174622e-03
1.514024101197719574e-03
1.524896360933780670e-03
1.535380259156227112e-03
1.546747051179409027e-03
1.557434909045696259e-03
1.568205654621124268e-03
1.578601077198982239e-03
1.589204184710979462e-03
1.600402407348155975e-03
1.610518433153629303e-03
1.620920374989509583e-03
1.631025224924087524e-03
1.641379669308662415e-03
1.651559956371784210e-03
1.661210320889949799e-03
1.670914702117443085e-03
1.680198125541210175e-03
1.690092496573925018e-03
1.699560321867465973e-03
1.708439551293849945e-03
1.717584207653999329e-03
1.726491376757621765e-03
1.735454425215721130e-03
1.744966022670269012e-03
1.753880642354488373e-03
1.763114705681800842e-03
1.772128045558929443e-03
1.780877821147441864e-03
1.791057176887989044e-03
1.800800673663616180e-03
1.809461042284965515e-03
1.818319782614707947e-03
1.827079802751541138e-03
1.835988834500312805e-03
1.844583079218864441e-03
1.851520501077175140e-03
1.856558024883270264e-03
1.861412078142166138e-03
1.865166239440441132e-03
1.867977902293205261e-03
1.869759522378444672e-03
1.871195621788501740e-03
1.871249638497829437e-03
1.870526932179927826e-03
1.869700849056243896e-03
1.868912950158119202e-03
1.868251711130142212e-03
1.867574639618396759e-03
1.866950653493404388e-03
1.866392791271209717e-03
1.865828409790992737e-03
1.865302212536334991e-03
1.864843070507049561e-03
1.864332705736160278e-03
1.863911747932434082e-03
1.863482408225536346e-03
1.863044686615467072e-03
1.862681470811367035e-03
1.862282864749431610e-03
1.861939206719398499e-03
1.861597411334514618e-03
1.861232332885265350e-03
1.860897988080978394e-03
1.860600896179676056e-03
1.860265620052814484e-03
1.859986223280429840e-03
1.859693787992000580e-03
1.859374344348907471e-03
1.859114505350589752e-03
1.858842559158802032e-03
1.858569681644439697e-03
1.858315430581569672e-03
1.858064904808998108e-03
1.857831142842769623e-03
1.857583411037921906e-03
1.857350580394268036e-03
1.857087016105651855e-03
1.856856979429721832e-03
1.856544986367225647e-03
1.856346614658832550e-03
1.856060698628425598e-03
1.855814829468727112e-03
1.855531707406044006e-03
1.855319365859031677e-03
1.855056732892990112e-03
1.854805275797843933e-03
1.854572445154190063e-03
1.854330301284790039e-03
1.854102127254009247e-03
1.853887923061847687e-03
1.853636465966701508e-03
1.853425987064838409e-03
1.853197813034057617e-03
1.852943561971187592e-03
1.851873472332954407e-03
1.847724430263042450e-03
1.842479221522808075e-03
1.835558563470840454e-03
1.826342195272445679e-03
1.814214512705802917e-03
1.801430247724056244e-03
1.787256449460983276e-03
1.771105453372001648e-03
1.754657365381717682e-03
1.736048609018325806e-03
1.716172322630882263e-03
1.694026403129100800e-03
1.671262085437774658e-03
1.647254452109336853e-03
1.621196977794170380e-03
1.593854278326034546e-03
1.565346494317054749e-03
1.536522060632705688e-03
1.506109721958637238e-03
1.474064774811267853e-03
1.440700143575668335e-03
1.406607218086719513e-03
1.371938735246658325e-03
1.336782239377498627e-03
1.299529336392879486e-03
1.261943951249122620e-03
1.223142258822917938e-03
1.183963380753993988e-03
1.143562607467174530e-03
1.102776266634464264e-03
1.061318442225456238e-03
1.020961441099643707e-03
9.817164391279220581e-04
9.431494399905204773e-04
9.054727852344512939e-04
8.681705221533775330e-04
8.328538388013839722e-04
7.974756881594657898e-04
7.682768628001213074e-04
7.333522662520408630e-04
6.996206939220428467e-04
6.659300997853279114e-04
6.336029618978500366e-04
6.023263558745384216e-04
5.712592974305152893e-04
5.408553406596183777e-04
5.117077380418777466e-04
4.831133410334587097e-04
4.552425816655158997e-04
4.275003448128700256e-04
4.000123590230941772e-04
3.722226247191429138e-04
3.452301025390625000e-04
3.187684342265129089e-04
2.928888425230979919e-04
2.694819122552871704e-04
2.459324896335601807e-04
2.227267250418663025e-04
2.000136300921440125e-04
1.778686419129371643e-04
1.567956060171127319e-04
1.354478299617767334e-04
1.147044822573661804e-04
9.561143815517425537e-05
7.565971463918685913e-05
5.837623029947280884e-05
4.125107079744338989e-05
2.947170287370681763e-05
2.008862793445587158e-05
1.163687556982040405e-05
7.785856723785400391e-06
4.159286618232727051e-06
-4.014000296592712402e-07
-1.865439116954803467e-06
-2.368353307247161865e-06
-4.880130290985107422e-06
-6.312504410743713379e-06
-7.492490112781524658e-06
-8.321367204189300537e-06
-8.314847946166992188e-06
-8.312985301017761230e-06
-8.336268365383148193e-06
-8.327886462211608887e-06
-8.329749107360839844e-06
-8.317641913890838623e-06
-8.309260010719299316e-06
-8.323229849338531494e-06
-8.340924978256225586e-06
-8.316710591316223145e-06
-8.300878107547760010e-06
-8.333474397659301758e-06
