-8.269213140010833740e-06
-8.305534720420837402e-06
-8.262693881988525391e-06
-8.270144462585449219e-06
-8.255243301391601562e-06
-8.271075785160064697e-06
-8.276663720607757568e-06
-8.301809430122375488e-06
-8.288770914077758789e-06
-8.314847946166992188e-06
-8.279457688331604004e-06
-8.272938430309295654e-06
-8.263625204563140869e-06
-8.299015462398529053e-06
-8.258968591690063477e-06
-8.265487849712371826e-06
-8.299015462398529053e-06
-8.313916623592376709e-06
-8.294358849525451660e-06
-8.289702236652374268e-06
-8.258037269115447998e-06
-8.271075785160064697e-06
-8.305534720420837402e-06
-8.262693881988525391e-06
-8.275732398033142090e-06
-8.277595043182373047e-06
-8.261762559413909912e-06
-8.281320333480834961e-06
-8.275732398033142090e-06
-8.282251656055450439e-06
-8.278526365756988525e-06
-8.299946784973144531e-06
-8.293427526950836182e-06
-8.285976946353912354e-06
-8.285976946353912354e-06
-8.275732398033142090e-06
-8.283182978630065918e-06
-8.300878107547760010e-06
-8.286908268928527832e-06
-8.291564881801605225e-06
-8.284114301204681396e-06
-8.279457688331604004e-06
-8.270144462585449219e-06
-8.259899914264678955e-06
-8.285045623779296875e-06
-8.295290172100067139e-06
-8.256174623966217041e-06
-8.287839591503143311e-06
-8.291564881801605225e-06
-8.265487849712371826e-06
-6.389804184436798096e-06
-5.984678864479064941e-06
-3.638677299022674561e-06
-2.572312951087951660e-06
1.659616827964782715e-06
7.968395948410034180e-06
1.110974699258804321e-05
1.323688775300979614e-05
1.741014420986175537e-05
2.169702202081680298e-05
2.635549753904342651e-05
3.250222653150558472e-05
3.918819129467010498e-05
4.863739013671875000e-05
5.371309816837310791e-05
5.374383181333541870e-05
5.311705172061920166e-05
5.278643220663070679e-05
5.256757140159606934e-05
5.236640572547912598e-05
5.225278437137603760e-05
5.211308598518371582e-05
5.204044282436370850e-05
5.194451659917831421e-05
5.186349153518676758e-05
5.180761218070983887e-05
5.175732076168060303e-05
5.167536437511444092e-05
5.163997411727905273e-05
5.159527063369750977e-05
5.160551518201828003e-05
5.160272121429443359e-05
5.159154534339904785e-05
5.162041634321212769e-05
5.176197737455368042e-05
5.366560071706771851e-05
5.701184272766113281e-05
6.005633622407913208e-05
6.327126175165176392e-05
6.697978824377059937e-05
7.088296115398406982e-05
7.576216012239456177e-05
8.213333785533905029e-05
8.910056203603744507e-05
9.692180901765823364e-05
1.068590208888053894e-04
1.178793609142303467e-04
1.295479014515876770e-04
1.421384513378143311e-04
1.558875665068626404e-04
1.703742891550064087e-04
1.857299357652664185e-04
2.021947875618934631e-04
2.194978296756744385e-04
2.375636249780654907e-04
2.555707469582557678e-04
2.736691385507583618e-04
2.913875505328178406e-04
3.093108534812927246e-04
3.270655870437622070e-04
3.445139154791831970e-04
3.612898290157318115e-04
3.781029954552650452e-04
3.955811262130737305e-04
4.133051261305809021e-04
4.310002550482749939e-04
4.489477723836898804e-04
4.667239263653755188e-04
4.845028743147850037e-04
5.024569109082221985e-04
5.201995372772216797e-04
5.379542708396911621e-04
5.555329844355583191e-04
5.731238052248954773e-04
5.904929712414741516e-04
6.077727302908897400e-04
6.247935816645622253e-04
6.416533142328262329e-04
6.576953455805778503e-04
6.734738126397132874e-04
6.894320249557495117e-04
7.050028070807456970e-04
7.209023460745811462e-04
7.366687059402465820e-04
7.521593943238258362e-04
7.671490311622619629e-04
7.818527519702911377e-04
7.968079298734664917e-04
8.111968636512756348e-04
8.255494758486747742e-04
8.399160578846931458e-04
8.537108078598976135e-04
8.675856515765190125e-04
8.813049644231796265e-04
8.943323045969009399e-04
9.080059826374053955e-04
9.211795404553413391e-04
9.338306263089179993e-04
9.467890486121177673e-04
9.588990360498428345e-04
9.707817807793617249e-04
9.834403172135353088e-04
9.953342378139495850e-04
1.006481237709522247e-03
1.017767935991287231e-03
1.028181053698062897e-03
1.037753187119960785e-03
1.046967692673206329e-03
1.055778935551643372e-03
1.063747331500053406e-03
1.070839352905750275e-03
1.077131368219852448e-03
1.083251088857650757e-03
1.088413409888744354e-03
1.092541031539440155e-03
1.095681451261043549e-03
1.098175533115863800e-03
1.099953427910804749e-03
1.099689863622188568e-03
1.099477522075176239e-03
1.101023517549037933e-03
1.100475899875164032e-03
1.099867746233940125e-03
1.099318265914916992e-03
1.098839566111564636e-03
1.098428852856159210e-03
1.098051667213439941e-03
1.097707077860832214e-03
1.097351312637329102e-03
1.097047701478004456e-03
1.096770167350769043e-03
1.096543855965137482e-03
1.096276566386222839e-03
1.096045598387718201e-03
1.095812767744064331e-03
1.095606014132499695e-03
1.095401123166084290e-03
1.095185987651348114e-03
1.095005311071872711e-03
1.094870269298553467e-03
1.094681210815906525e-03
1.094518229365348816e-03
1.094357110559940338e-03
1.094194129109382629e-03
1.094044186174869537e-03
1.093926839530467987e-03
1.093797385692596436e-03
1.093672588467597961e-03
1.093545928597450256e-03
1.093399710953235626e-03
1.093282364308834076e-03
1.093133352696895599e-03
1.092986203730106354e-03
1.092858612537384033e-03
1.092743128538131714e-03
1.092586666345596313e-03
1.092459075152873993e-03
1.092324033379554749e-03
1.092195510864257812e-03
1.092064194381237030e-03
1.091892831027507782e-03
1.091801561415195465e-03
1.091632060706615448e-03
1.091470010578632355e-03
1.091328449547290802e-03
1.091134734451770782e-03
1.090987585484981537e-03
1.090776175260543823e-03
1.090573146939277649e-03
1.090289093554019928e-03
1.088635064661502838e-03
1.082159578800201416e-03
1.073134131729602814e-03
1.061424612998962402e-03
1.048933714628219604e-03
1.035457476973533630e-03
1.019829884171485901e-03
1.005494967103004456e-03
9.896205738186836243e-04
9.732488542795181274e-04
9.560622274875640869e-04
9.374637156724929810e-04
9.173955768346786499e-04
8.965032175183296204e-04
8.744848892092704773e-04
8.518025279045104980e-04
8.283900097012519836e-04
8.036997169256210327e-04
7.784627377986907959e-04
7.526669651269912720e-04
7.261559367179870605e-04
6.985794752836227417e-04
6.709489971399307251e-04
6.474070250988006592e-04
6.189960986375808716e-04
5.894163623452186584e-04
5.595674738287925720e-04
5.302056670188903809e-04
5.017230287194252014e-04
4.740580916404724121e-04
4.468020051717758179e-04
4.209177568554878235e-04
3.956668078899383545e-04
3.710761666297912598e-04
3.472371026873588562e-04
3.234101459383964539e-04
3.000888973474502563e-04
2.769324928522109985e-04
2.548284828662872314e-04
2.326862886548042297e-04
2.118851989507675171e-04
1.919651404023170471e-04
1.717926934361457825e-04
1.522805541753768921e-04
1.330245286226272583e-04
1.140739768743515015e-04
9.428896009922027588e-05
7.521640509366989136e-05
5.792453885078430176e-05
4.373770207166671753e-05
3.212131559848785400e-05
2.431124448776245117e-05
1.753680408000946045e-05
9.071081876754760742e-06
4.108995199203491211e-06
-9.750947356224060059e-07
-1.689419150352478027e-06
-5.856156349182128906e-06
-7.217749953269958496e-06
-8.310191333293914795e-06
-8.267350494861602783e-06
-8.277595043182373047e-06
-8.295290172100067139e-06
-8.296221494674682617e-06
-8.297152817249298096e-06
-8.290633559226989746e-06
-8.317641913890838623e-06
-8.311122655868530273e-06
-8.277595043182373047e-06
-8.298084139823913574e-06
-8.296221494674682617e-06
-8.258968591690063477e-06
