-4.604458808898925781e-06
-4.589557647705078125e-06
-4.601664841175079346e-06
-4.614703357219696045e-06
-4.569068551063537598e-06
-4.608184099197387695e-06
-4.588626325130462646e-06
-4.566274583339691162e-06
-4.596076905727386475e-06
-4.604458808898925781e-06
-4.587695002555847168e-06
-4.586763679981231689e-06
-4.605390131473541260e-06
-4.582107067108154297e-06
-4.624016582965850830e-06
-4.613772034645080566e-06
-4.593282938003540039e-06
-4.583038389682769775e-06
-4.569999873638153076e-06
-4.564411938190460205e-06
-4.570931196212768555e-06
-4.577450454235076904e-06
-4.604458808898925781e-06
-4.601664841175079346e-06
-4.580244421958923340e-06
-4.607252776622772217e-06
-4.583038389682769775e-06
-4.601664841175079346e-06
-4.587695002555847168e-06
-4.586763679981231689e-06
-4.616566002368927002e-06
-4.607252776622772217e-06
-4.597008228302001953e-06
-4.601664841175079346e-06
-4.596076905727386475e-06
-4.603527486324310303e-06
-4.566274583339691162e-06
-4.591420292854309082e-06
-4.616566002368927002e-06
-4.576519131660461426e-06
-4.575587809085845947e-06
-4.611909389495849609e-06
-4.582107067108154297e-06
-4.554167389869689941e-06
-4.586763679981231689e-06
-4.583038389682769775e-06
-4.581175744533538818e-06
-4.611909389495849609e-06
-4.586763679981231689e-06
-4.586763679981231689e-06
-1.700595021247863770e-06
4.591420292854309082e-07
2.040527760982513428e-06
5.251727998256683350e-06
1.312792301177978516e-05
1.862458884716033936e-05
2.206582576036453247e-05
2.539064735174179077e-05
3.194622695446014404e-05
3.737770020961761475e-05
4.453677684068679810e-05
5.274917930364608765e-05
6.287358701229095459e-05
7.454212754964828491e-05
7.716659456491470337e-05
7.628183811902999878e-05
7.569231092929840088e-05
7.531512528657913208e-05
7.507205009460449219e-05
7.488206028938293457e-05
7.469393312931060791e-05
7.456261664628982544e-05
7.444806396961212158e-05
7.433444261550903320e-05
7.424410432577133179e-05
7.417704910039901733e-05
7.411092519760131836e-05
7.402244955301284790e-05
7.398333400487899780e-05
7.393490523099899292e-05
7.394794374704360962e-05
7.394794374704360962e-05
7.398333400487899780e-05
7.401872426271438599e-05
7.445272058248519897e-05
7.858406752347946167e-05
8.294079452753067017e-05
8.698459714651107788e-05
9.156018495559692383e-05
9.646173566579818726e-05
1.018410548567771912e-04
1.095645129680633545e-04
1.182369887828826904e-04
1.276973634958267212e-04
1.393817365169525146e-04
1.531494781374931335e-04
1.681158319115638733e-04
1.838542520999908447e-04
2.010539174079895020e-04
2.198126167058944702e-04
2.392111346125602722e-04
2.602292224764823914e-04
2.820845693349838257e-04
3.056740388274192810e-04
3.289710730314254761e-04
3.529069945216178894e-04
3.761621192097663879e-04
3.995653241872787476e-04
4.230281338095664978e-04
4.460932686924934387e-04
4.687700420618057251e-04
4.905648529529571533e-04
5.130534991621971130e-04
5.362564697861671448e-04
5.594808608293533325e-04
5.827154964208602905e-04
6.062472239136695862e-04
6.293328478932380676e-04
6.528794765472412109e-04
6.760573014616966248e-04
6.994493305683135986e-04
7.226392626762390137e-04
7.458021864295005798e-04
7.686764001846313477e-04
7.914341986179351807e-04
8.137281984090805054e-04
8.360296487808227539e-04
8.577518165111541748e-04
8.784802630543708801e-04
8.992794901132583618e-04
9.198430925607681274e-04
9.405557066202163696e-04
9.613893926143646240e-04
9.818570688366889954e-04
1.001805998384952545e-03
1.021271571516990662e-03
1.040844246745109558e-03
1.060067676007747650e-03
1.078587025403976440e-03
1.097731292247772217e-03
1.116214320063591003e-03
1.134140416979789734e-03
1.152317970991134644e-03
1.169818453490734100e-03
1.187355257570743561e-03
1.204871572554111481e-03
1.221920363605022430e-03
1.238671131432056427e-03
1.255104318261146545e-03
1.270739361643791199e-03
1.286801882088184357e-03
1.302946358919143677e-03
1.318149268627166748e-03
1.332684420049190521e-03
1.347108744084835052e-03
1.360308378934860229e-03
1.372269354760646820e-03
1.384329982101917267e-03
1.395173370838165283e-03
1.405308954417705536e-03
1.414055936038494110e-03
1.422118395566940308e-03
1.429698430001735687e-03
1.435690559446811676e-03
1.439955085515975952e-03
1.444106921553611755e-03
1.446072012186050415e-03
1.448322087526321411e-03
1.447261311113834381e-03
1.448976807296276093e-03
1.449280418455600739e-03
1.448434777557849884e-03
1.447672955691814423e-03
1.447049900889396667e-03
1.446445472538471222e-03
1.445897854864597321e-03
1.445451751351356506e-03
1.445000991225242615e-03
1.444637775421142578e-03
1.444226130843162537e-03
1.443884335458278656e-03
1.443517394363880157e-03
1.443259418010711670e-03
1.442928798496723175e-03
1.442632637917995453e-03
1.442404463887214661e-03
1.442097127437591553e-03
1.441877335309982300e-03
1.441629603505134583e-03
1.441433094441890717e-03
1.441207714378833771e-03
1.441021449863910675e-03
1.440822146832942963e-03
1.440625637769699097e-03
1.440459862351417542e-03
1.440269872546195984e-03
1.440095715224742889e-03
1.439942046999931335e-03
1.439779996871948242e-03
1.439588144421577454e-03
1.439427025616168976e-03
1.439275220036506653e-03
1.439028419554233551e-03
1.438889652490615845e-03
1.438717357814311981e-03
1.438530161976814270e-03
1.438344828784465790e-03
1.438162289559841156e-03
1.438012346625328064e-03
1.437853090465068817e-03
1.437649130821228027e-03
1.437443308532238007e-03
1.437251456081867218e-03
1.437028869986534119e-03
1.436862163245677948e-03
1.436610706150531769e-03
1.436371356248855591e-03
1.436121761798858643e-03
1.435767859220504761e-03
1.435209996998310089e-03
1.429744996130466461e-03
1.419738866388797760e-03
1.406312920153141022e-03
1.390031538903713226e-03
1.373487524688243866e-03
1.354186795651912689e-03
1.334622502326965332e-03
1.314816065132617950e-03
1.294078305363655090e-03
1.271600835025310516e-03
1.248956657946109772e-03
1.223606988787651062e-03
1.196444034576416016e-03
1.168559305369853973e-03
1.139051280915737152e-03
1.109325326979160309e-03
1.077754423022270203e-03
1.045389100909233093e-03
1.011488027870655060e-03
9.775282815098762512e-04
9.419480338692665100e-04
9.057763963937759399e-04
8.709561079740524292e-04
8.390061557292938232e-04
8.005565032362937927e-04
7.610842585563659668e-04
7.229046896100044250e-04
6.847009062767028809e-04
6.473837420344352722e-04
6.116097792983055115e-04
5.772290751338005066e-04
5.431445315480232239e-04
5.102353170514106750e-04
4.791142418980598450e-04
4.474055022001266479e-04
4.163719713687896729e-04
3.865072503685951233e-04
3.560036420822143555e-04
3.270320594310760498e-04
2.989815548062324524e-04
2.723466604948043823e-04
2.458384260535240173e-04
2.198256552219390869e-04
1.945132389664649963e-04
1.691402867436408997e-04
1.436136662960052490e-04
1.185294240713119507e-04
9.354390203952789307e-05
7.336586713790893555e-05
5.583837628364562988e-05
4.308298230171203613e-05
3.449339419603347778e-05
2.321321517229080200e-05
1.315213739871978760e-05
7.087364792823791504e-06
4.407949745655059814e-06
1.102685928344726562e-06
-2.095475792884826660e-06
-4.466623067855834961e-06
-4.605390131473541260e-06
-4.586763679981231689e-06
-4.581175744533538818e-06
-4.594214260578155518e-06
-4.584901034832000732e-06
-4.584901034832000732e-06
-4.575587809085845947e-06
-4.605390131473541260e-06
-4.611909389495849609e-06
-4.569999873638153076e-06
-4.587695002555847168e-06
-4.549510776996612549e-06
-4.596076905727386475e-06
