-4.552304744720458984e-06
-4.537403583526611328e-06
-4.544854164123535156e-06
-4.546716809272766113e-06
-4.535540938377380371e-06
-4.536472260951995850e-06
-4.560686647891998291e-06
-4.530884325504302979e-06
-4.506669938564300537e-06
-4.558824002742767334e-06
-4.545785486698150635e-06
-4.539266228675842285e-06
-4.556030035018920898e-06
-4.528090357780456543e-06
-4.514120519161224365e-06
-4.533678293228149414e-06
-4.546716809272766113e-06
-4.533678293228149414e-06
-4.522502422332763672e-06
-4.532746970653533936e-06
-4.529953002929687500e-06
-4.518777132034301758e-06
-4.549510776996612549e-06
-4.551373422145843506e-06
-4.527159035205841064e-06
-4.525296390056610107e-06
-4.555098712444305420e-06
-4.518777132034301758e-06
-4.529021680355072021e-06
-4.538334906101226807e-06
-4.548579454421997070e-06
-4.554167389869689941e-06
-4.502944648265838623e-06
-4.507601261138916016e-06
-4.542060196399688721e-06
-4.526227712631225586e-06
-4.546716809272766113e-06
-4.525296390056610107e-06
-4.541128873825073242e-06
-4.508532583713531494e-06
-4.537403583526611328e-06
-4.510395228862762451e-06
-4.533678293228149414e-06
-4.541128873825073242e-06
-4.527159035205841064e-06
-4.551373422145843506e-06
-4.527159035205841064e-06
-4.538334906101226807e-06
-4.516914486885070801e-06
-1.580454409122467041e-06
-5.038455128669738770e-07
2.085231244564056396e-06
3.984197974205017090e-06
1.111533492803573608e-05
1.775007694959640503e-05
2.139620482921600342e-05
2.453662455081939697e-05
3.082957118749618530e-05
3.626290708780288696e-05
4.287343472242355347e-05
5.097035318613052368e-05
6.044004112482070923e-05
7.034931331872940063e-05
7.221754640340805054e-05
7.110275328159332275e-05
7.063709199428558350e-05
7.033720612525939941e-05
7.011182606220245361e-05
6.995536386966705322e-05
6.981473416090011597e-05
6.969552487134933472e-05
6.955862045288085938e-05
6.947573274374008179e-05
6.939005106687545776e-05
6.930064409971237183e-05
6.923452019691467285e-05
6.918888539075851440e-05
6.913766264915466309e-05
6.906315684318542480e-05
6.902962923049926758e-05
6.897747516632080078e-05
6.892904639244079590e-05
6.890669465065002441e-05
6.896536797285079956e-05
6.942171603441238403e-05
7.468834519386291504e-05
7.987581193447113037e-05
8.367002010345458984e-05
8.853524923324584961e-05
9.429454803466796875e-05
1.000808551907539368e-04
1.082709059119224548e-04
1.179287210106849670e-04
1.286007463932037354e-04
1.417044550180435181e-04
1.565786078572273254e-04
1.726839691400527954e-04
1.896452158689498901e-04
2.080872654914855957e-04
2.277549356222152710e-04
2.483045682311058044e-04
2.705128863453865051e-04
2.936162054538726807e-04
3.175707533955574036e-04
3.412868827581405640e-04
3.650719299912452698e-04
3.884462639689445496e-04
4.120199009776115417e-04
4.353970289230346680e-04
4.585497081279754639e-04
4.806639626622200012e-04
5.030259490013122559e-04
5.262307822704315186e-04
5.494691431522369385e-04
5.727438256144523621e-04
5.964962765574455261e-04
6.199860945343971252e-04
6.435373798012733459e-04
6.673224270343780518e-04
6.908979266881942749e-04
7.143793627619743347e-04
7.378254085779190063e-04
7.612016052007675171e-04
7.844837382435798645e-04
8.075190708041191101e-04
8.301623165607452393e-04
8.527608588337898254e-04
8.742762729525566101e-04
8.954294025897979736e-04
9.167641401290893555e-04
9.380029514431953430e-04
9.591160342097282410e-04
9.798044338822364807e-04
1.000140793621540070e-03
1.019973307847976685e-03
1.039837487041950226e-03
1.059488393366336823e-03
1.078438945114612579e-03
1.098057255148887634e-03
1.116978004574775696e-03
1.135637052357196808e-03
1.154365949332714081e-03
1.172317191958427429e-03
1.190475188195705414e-03
1.208410598337650299e-03
1.225810497999191284e-03
1.243264414370059967e-03
1.259864307940006256e-03
1.275641843676567078e-03
1.292492263019084930e-03
1.308522187173366547e-03
1.323270611464977264e-03
1.338077709078788757e-03
1.352326944470405579e-03
1.366053707897663116e-03
1.380286179482936859e-03
1.395190134644508362e-03
1.409468241035938263e-03
1.423757523298263550e-03
1.439072191715240479e-03
1.453461125493049622e-03
1.468514092266559601e-03
1.483993604779243469e-03
1.498050056397914886e-03
1.511656679213047028e-03
1.525745727121829987e-03
1.541147008538246155e-03
1.555498689413070679e-03
1.570068299770355225e-03
1.584038138389587402e-03
1.597470603883266449e-03
1.609947532415390015e-03
1.621912233531475067e-03
1.634023152291774750e-03
1.645706593990325928e-03
1.655258238315582275e-03
1.664214767515659332e-03
1.671676523983478546e-03
1.678250730037689209e-03
1.684528775513172150e-03
1.690257340669631958e-03
1.693898811936378479e-03
1.695401966571807861e-03
1.696151681244373322e-03
1.694941893219947815e-03
1.693882979452610016e-03
1.693043857812881470e-03
1.692292280495166779e-03
1.691631972789764404e-03
1.691040582954883575e-03
1.690517179667949677e-03
1.690050587058067322e-03
1.689577475190162659e-03
1.689146272838115692e-03
1.688730902969837189e-03
1.688358373939990997e-03
1.687992364168167114e-03
1.687656156718730927e-03
1.687318086624145508e-03
1.687011681497097015e-03
1.686731353402137756e-03
1.686451025307178497e-03
1.686178147792816162e-03
1.685911789536476135e-03
1.685682684183120728e-03
1.685438677668571472e-03
1.685197465121746063e-03
1.684962771832942963e-03
1.684773713350296021e-03
1.684577204287052155e-03
1.684376969933509827e-03
1.684151589870452881e-03
1.684009097516536713e-03
1.683826558291912079e-03
1.683612354099750519e-03
1.683437265455722809e-03
1.683274284005165100e-03
1.683078706264495850e-03
1.682874746620655060e-03
1.682695932686328888e-03
1.682492904365062714e-03
1.682306639850139618e-03
1.682111062109470367e-03
1.681935973465442657e-03
1.681760884821414948e-03
1.681564375758171082e-03
1.681379973888397217e-03
1.681199297308921814e-03
1.681020483374595642e-03
1.680844463407993317e-03
1.680626533925533295e-03
1.680475659668445587e-03
1.680238172411918640e-03
1.680045388638973236e-03
1.679721288383007050e-03
1.677448861300945282e-03
1.669867895543575287e-03
1.660239882767200470e-03
1.648535951972007751e-03
1.633678562939167023e-03
1.616390421986579895e-03
1.599355600774288177e-03
1.581074669957160950e-03
1.562766730785369873e-03
1.541862264275550842e-03
1.519918441772460938e-03
1.496720127761363983e-03
1.471898518502712250e-03
1.445740461349487305e-03
1.418285071849822998e-03
1.389154233038425446e-03
1.359797082841396332e-03
1.328595913946628571e-03
1.296607777476310730e-03
1.263294368982315063e-03
1.228478737175464630e-03
1.193043775856494904e-03
1.157004386186599731e-03
1.118793152272701263e-03
1.079807989299297333e-03
1.040406525135040283e-03
9.996388107538223267e-04
9.581847116351127625e-04
9.166914969682693481e-04
8.748443797230720520e-04
8.374629542231559753e-04
8.006729185581207275e-04
7.614521309733390808e-04
7.231049239635467529e-04
6.871949881315231323e-04
6.513316184282302856e-04
6.159413605928421021e-04
5.817906931042671204e-04
5.486784502863883972e-04
5.148015916347503662e-04
4.823300987482070923e-04
4.512611776590347290e-04
4.219189286231994629e-04
3.953240811824798584e-04
3.690952435135841370e-04
3.419052809476852417e-04
3.152154386043548584e-04
2.883262932300567627e-04
2.624131739139556885e-04
2.370644360780715942e-04
2.115489915013313293e-04
1.862272620201110840e-04
1.605814322829246521e-04
1.344950869679450989e-04
1.092860475182533264e-04
8.579064160585403442e-05
6.701331585645675659e-05
5.116406828165054321e-05
4.014652222394943237e-05
3.160908818244934082e-05
2.050492912530899048e-05
1.307390630245208740e-05
5.660578608512878418e-06
4.575587809085845947e-06
2.244487404823303223e-07
-1.988373696804046631e-06
-4.539266228675842285e-06
-4.584901034832000732e-06
-4.556961357593536377e-06
-4.562549293041229248e-06
-4.575587809085845947e-06
-4.592351615428924561e-06
-4.562549293041229248e-06
-4.569999873638153076e-06
-4.557892680168151855e-06
-4.547648131847381592e-06
-4.563480615615844727e-06
-4.584901034832000732e-06
-4.542991518974304199e-06
