-8.295290172100067139e-06
-8.266419172286987305e-06
-8.278526365756988525e-06
-8.272938430309295654e-06
-8.256174623966217041e-06
-8.272938430309295654e-06
-8.267350494861602783e-06
-8.254311978816986084e-06
-8.289702236652374268e-06
-8.249655365943908691e-06
-8.263625204563140869e-06
-8.259899914264678955e-06
-8.276663720607757568e-06
-8.258037269115447998e-06
-8.288770914077758789e-06
-8.283182978630065918e-06
-8.264556527137756348e-06
-8.275732398033142090e-06
-8.262693881988525391e-06
-8.292496204376220703e-06
-8.297152817249298096e-06
-8.248724043369293213e-06
-8.276663720607757568e-06
-8.253380656242370605e-06
-8.287839591503143311e-06
-8.271075785160064697e-06
-8.283182978630065918e-06
-8.256174623966217041e-06
-8.280389010906219482e-06
-8.261762559413909912e-06
-8.275732398033142090e-06
-8.272007107734680176e-06
-8.269213140010833740e-06
-8.289702236652374268e-06
-8.271075785160064697e-06
-8.298084139823913574e-06
-8.259899914264678955e-06
-8.284114301204681396e-06
-8.276663720607757568e-06
-8.294358849525451660e-06
-8.281320333480834961e-06
-8.278526365756988525e-06
-8.271075785160064697e-06
-8.287839591503143311e-06
-8.282251656055450439e-06
-8.259899914264678955e-06
-8.265487849712371826e-06
-8.272938430309295654e-06
-8.276663720607757568e-06
-6.364658474922180176e-06
-5.843117833137512207e-06
-3.715977072715759277e-06
-2.728775143623352051e-06
1.993030309677124023e-07
7.177703082561492920e-06
1.021660864353179932e-05
1.280847936868667603e-05
1.623015850782394409e-05
2.096593379974365234e-05
2.522859722375869751e-05
3.120489418506622314e-05
3.757886588573455811e-05
4.649721086025238037e-05
5.029793828725814819e-05
4.972517490386962891e-05
4.918500781059265137e-05
4.890747368335723877e-05
4.872027784585952759e-05
4.855170845985412598e-05
4.845019429922103882e-05
4.835519939661026001e-05
4.828162491321563721e-05
4.818942397832870483e-05
4.811584949493408203e-05
4.806462675333023071e-05
4.798360168933868408e-05
4.795473068952560425e-05
4.789978265762329102e-05
4.788953810930252075e-05
4.784669727087020874e-05
4.778336733579635620e-05
4.776939749717712402e-05
4.773493856191635132e-05
4.775356501340866089e-05
4.783459007740020752e-05
5.012005567550659180e-05
5.440320819616317749e-05
5.759578198194503784e-05
6.075855344533920288e-05
6.495974957942962646e-05
6.939936429262161255e-05
7.440522313117980957e-05
8.151121437549591064e-05
8.927751332521438599e-05
9.816326200962066650e-05
1.090299338102340698e-04
1.209126785397529602e-04
1.334613189101219177e-04
1.469040289521217346e-04
1.616459339857101440e-04
1.768544316291809082e-04
1.933109015226364136e-04
2.104453742504119873e-04
2.287440001964569092e-04
2.466384321451187134e-04
2.649286761879920959e-04
2.827495336532592773e-04
3.006616607308387756e-04
3.185747191309928894e-04
3.363573923707008362e-04
3.536865115165710449e-04
3.705006092786788940e-04
3.880346193909645081e-04
4.057949408888816833e-04
4.235524684190750122e-04
4.413984715938568115e-04
4.595043137669563293e-04
4.773046821355819702e-04
4.954524338245391846e-04
5.133692175149917603e-04
5.313064903020858765e-04
5.492204800248146057e-04
5.672145634889602661e-04
5.850512534379959106e-04
6.028003990650177002e-04
6.200447678565979004e-04
6.373347714543342590e-04
6.542531773447990417e-04
6.704153493046760559e-04
6.867107003927230835e-04
7.028467953205108643e-04
7.189959287643432617e-04
7.350249215960502625e-04
7.507307454943656921e-04
7.659997791051864624e-04
7.809223607182502747e-04
7.961764931678771973e-04
8.109565824270248413e-04
8.255653083324432373e-04
8.402895182371139526e-04
8.545266464352607727e-04
8.689844980835914612e-04
8.830009028315544128e-04
8.964641019701957703e-04
9.104683995246887207e-04
9.239679202437400818e-04
9.370371699333190918e-04
9.503662586212158203e-04
9.625386446714401245e-04
9.748134762048721313e-04
9.877048432826995850e-04
9.994376450777053833e-04
1.010404899716377258e-03
1.021794974803924561e-03
1.032329164445400238e-03
1.042747870087623596e-03
1.054159365594387054e-03
1.065212301909923553e-03
1.076024025678634644e-03
1.087578944861888885e-03
1.098708249628543854e-03
1.109989359974861145e-03
1.121722161769866943e-03
1.133191399276256561e-03
1.143512316048145294e-03
1.154013909399509430e-03
1.165458001196384430e-03
1.176663674414157867e-03
1.187904737889766693e-03
1.198764890432357788e-03
1.209406182169914246e-03
1.219027675688266754e-03
1.228600740432739258e-03
1.237600110471248627e-03
1.246973872184753418e-03
1.254838891327381134e-03
1.261998899281024933e-03
1.268272288143634796e-03
1.273423433303833008e-03
1.278597861528396606e-03
1.282971352338790894e-03
1.286238431930541992e-03
1.288163475692272186e-03
1.289882697165012360e-03
1.289075240492820740e-03
1.288189552724361420e-03
1.287486404180526733e-03
1.286871731281280518e-03
1.286322250962257385e-03
1.285843551158905029e-03
1.285403035581111908e-03
1.285006292164325714e-03
1.284673810005187988e-03
1.284313388168811798e-03
1.283968798816204071e-03
1.283684745430946350e-03
1.283410005271434784e-03
1.283111050724983215e-03
1.282847486436367035e-03
1.282632350921630859e-03
1.282380893826484680e-03
1.282173208892345428e-03
1.281953416764736176e-03
1.281776465475559235e-03
1.281541772186756134e-03
1.281373202800750732e-03
1.281178556382656097e-03
1.281002536416053772e-03
1.280856318771839142e-03
1.280686818063259125e-03
1.280526630580425262e-03
1.280372031033039093e-03
1.280242577195167542e-03
1.280083321034908295e-03
1.279953867197036743e-03
1.279816962778568268e-03
1.279662363231182098e-03
1.279546879231929779e-03
1.279377378523349762e-03
1.279199495911598206e-03
1.279077492654323578e-03
1.278924755752086639e-03
1.278795301914215088e-03
1.278664916753768921e-03
1.278535462915897369e-03
1.278384588658809662e-03
1.278209500014781952e-03
1.278094016015529633e-03
1.277951523661613464e-03
1.277812756597995758e-03
1.277672126889228821e-03
1.277520321309566498e-03
1.277359202504158020e-03
1.277203671634197235e-03
1.276990398764610291e-03
1.276590861380100250e-03
1.272539608180522919e-03
1.265626400709152222e-03
1.257613301277160645e-03
1.247454434633255005e-03
1.234756782650947571e-03
1.221810467541217804e-03
1.207991503179073334e-03
1.194206997752189636e-03
1.179345883429050446e-03
1.162599772214889526e-03
1.145382411777973175e-03
1.127196475863456726e-03
1.107197254896163940e-03
1.086912117898464203e-03
1.065291464328765869e-03
1.042990945279598236e-03
1.019808463752269745e-03
9.954171255230903625e-04
9.705349802970886230e-04
9.443601593375205994e-04
9.175399318337440491e-04
8.904533460736274719e-04
8.616689592599868774e-04
8.323043584823608398e-04
8.022468537092208862e-04
7.716855034232139587e-04
7.403139024972915649e-04
7.085474207997322083e-04
6.766337901353836060e-04
6.454056128859519958e-04
6.193099543452262878e-04
5.892142653465270996e-04
5.596932023763656616e-04
5.311667919158935547e-04
5.037887021899223328e-04
4.769498482346534729e-04
4.504658281803131104e-04
4.246560856699943542e-04
3.990139812231063843e-04
3.740647807717323303e-04
3.497684374451637268e-04
3.264192491769790649e-04
3.055753186345100403e-04
2.855882048606872559e-04
2.648355439305305481e-04
2.447925508022308350e-04
2.244869247078895569e-04
2.039140090346336365e-04
1.848470419645309448e-04
1.655649393796920776e-04
1.458358019590377808e-04
1.264605671167373657e-04
1.071961596608161926e-04
8.747354149818420410e-05
6.854068487882614136e-05
5.291681736707687378e-05
3.957934677600860596e-05
2.917833626270294189e-05
2.247747033834457397e-05
1.432001590728759766e-05
6.669200956821441650e-06
2.161599695682525635e-06
-1.086853444576263428e-06
-3.295950591564178467e-06
-5.851499736309051514e-06
-7.718801498413085938e-06
-8.277595043182373047e-06
-8.284114301204681396e-06
-8.270144462585449219e-06
-8.306466042995452881e-06
-8.283182978630065918e-06
-8.279457688331604004e-06
-8.271075785160064697e-06
-8.303672075271606445e-06
-8.282251656055450439e-06
-8.290633559226989746e-06
-8.308328688144683838e-06
-8.268281817436218262e-06
-8.284114301204681396e-06
