-8.303672075271606445e-06
-8.272938430309295654e-06
-8.285976946353912354e-06
-8.277595043182373047e-06
-8.266419172286987305e-06
-8.262693881988525391e-06
-8.267350494861602783e-06
-8.290633559226989746e-06
-8.262693881988525391e-06
-8.275732398033142090e-06
-8.290633559226989746e-06
-8.259899914264678955e-06
-8.304603397846221924e-06
-8.264556527137756348e-06
-8.272938430309295654e-06
-8.279457688331604004e-06
-8.259899914264678955e-06
-8.261762559413909912e-06
-8.019618690013885498e-06
-6.858259439468383789e-06
-6.312504410743713379e-06
-5.431473255157470703e-06
-4.392117261886596680e-06
-3.780238330364227295e-06
-3.412365913391113281e-06
-3.122724592685699463e-06
-2.882443368434906006e-06
-3.032386302947998047e-06
-3.596767783164978027e-06
-3.964640200138092041e-06
-4.124827682971954346e-06
-4.237517714500427246e-06
-4.334375262260437012e-06
-4.376284778118133545e-06
-4.447996616363525391e-06
-4.460103809833526611e-06
-4.552304744720458984e-06
-4.568137228488922119e-06
-4.594214260578155518e-06
-4.632398486137390137e-06
-4.658475518226623535e-06
-4.664994776248931885e-06
-4.675239324569702148e-06
-4.637986421585083008e-06
-4.667788743972778320e-06
-4.668720066547393799e-06
-4.679895937442779541e-06
-4.696659743785858154e-06
-4.647299647331237793e-06
-4.235655069351196289e-06
-3.608874976634979248e-06
-3.322958946228027344e-06
-3.158114850521087646e-06
-3.016553819179534912e-06
-2.901069819927215576e-06
-2.807006239891052246e-06
-2.689659595489501953e-06
-2.555549144744873047e-06
-2.467073500156402588e-06
-2.355314791202545166e-06
-2.223066985607147217e-06
-2.100132405757904053e-06
-2.030283212661743164e-06
-1.871027052402496338e-06
-1.783482730388641357e-06
-1.752749085426330566e-06
-1.666136085987091064e-06
-1.598149538040161133e-06
-1.532956957817077637e-06
-1.482665538787841797e-06
-1.388601958751678467e-06
-1.236796379089355469e-06
-1.143664121627807617e-06
-4.600733518600463867e-07
1.628883183002471924e-06
2.152286469936370850e-06
2.654269337654113770e-06
3.274530172348022461e-06
3.851018846035003662e-06
4.488043487071990967e-06
5.058012902736663818e-06
5.615875124931335449e-06
6.095506250858306885e-06
6.869435310363769531e-06
7.634982466697692871e-06
8.387491106986999512e-06
9.289942681789398193e-06
1.036189496517181396e-05
1.160614192485809326e-05
1.274421811103820801e-05
1.426693052053451538e-05
1.571886241436004639e-05
1.685786992311477661e-05
1.820735633373260498e-05
1.972820609807968140e-05
2.151727676391601562e-05
2.334918826818466187e-05
2.534128725528717041e-05
2.894550561904907227e-05
3.430247306823730469e-05
4.220567643642425537e-05
5.251727998256683350e-05
6.562378257513046265e-05
8.660741150379180908e-05
1.176819205284118652e-04
1.538312062621116638e-04
1.934347674250602722e-04
2.335561439394950867e-04
2.760803326964378357e-04
3.233095631003379822e-04
3.750594332814216614e-04
4.321793094277381897e-04
4.920791834592819214e-04
5.528675392270088196e-04
6.142817437648773193e-04
6.754063069820404053e-04
7.355017587542533875e-04
7.938360795378684998e-04
8.503738790750503540e-04
9.048962965607643127e-04
9.567970409989356995e-04
1.006115227937698364e-03
1.053264364600181580e-03
1.098714768886566162e-03
1.143555156886577606e-03
1.186951063573360443e-03
1.228398643434047699e-03
1.268073916435241699e-03
1.304884441196918488e-03
1.338672824203968048e-03
1.372109167277812958e-03
1.406233757734298706e-03
1.441278494894504547e-03
1.475043594837188721e-03
1.507159322500228882e-03
1.538246870040893555e-03
1.568168401718139648e-03
1.597483642399311066e-03
1.625780016183853149e-03
1.653760671615600586e-03
1.680610701441764832e-03
1.702771522104740143e-03
1.711821183562278748e-03
1.719894818961620331e-03
1.727537252008914948e-03
1.734947785735130310e-03
1.741782762110233307e-03
1.748186536133289337e-03
1.753899268805980682e-03
1.759313978254795074e-03
1.763697713613510132e-03
1.767577603459358215e-03
1.771145500242710114e-03
1.774236559867858887e-03
1.777059398591518402e-03
1.779595389962196350e-03
1.781589351594448090e-03
1.782922074198722839e-03
1.784354448318481445e-03
1.785778440535068512e-03
1.786637119948863983e-03
1.787125132977962494e-03
1.787791959941387177e-03
1.788127236068248749e-03
1.788194291293621063e-03
1.787584275007247925e-03
1.787475310266017914e-03
1.786817796528339386e-03
1.785942353308200836e-03
1.785060390830039978e-03
1.784229651093482971e-03
1.783525571227073669e-03
1.782792620360851288e-03
1.782092265784740448e-03
1.781509257853031158e-03
1.780951395630836487e-03
1.780427992343902588e-03
1.779861748218536377e-03
1.779374666512012482e-03
1.778927631676197052e-03
1.778431236743927002e-03
1.777994446456432343e-03
1.777577213943004608e-03
1.777169294655323029e-03
1.776802353560924530e-03
1.776399090886116028e-03
1.776086166501045227e-03
1.775746233761310577e-03
1.775358803570270538e-03
1.775043085217475891e-03
1.774725504219532013e-03
1.774414442479610443e-03
1.774085685610771179e-03
1.773791387677192688e-03
1.773489639163017273e-03
1.772867515683174133e-03
1.771070994436740875e-03
1.769000664353370667e-03
1.766921021044254303e-03
1.764569431543350220e-03
1.761389896273612976e-03
1.757756806910037994e-03
1.754378899931907654e-03
1.750665716826915741e-03
1.746032387018203735e-03
1.741252839565277100e-03
1.736364327371120453e-03
1.731248572468757629e-03
1.725947484374046326e-03
1.719799824059009552e-03
1.713982783257961273e-03
1.708220690488815308e-03
1.702397130429744720e-03
1.696421764791011810e-03
1.690877601504325867e-03
1.685334369540214539e-03
1.679796725511550903e-03
1.674212515354156494e-03
1.668686978518962860e-03
1.662850379943847656e-03
1.656778156757354736e-03
1.650418154895305634e-03
1.644239760935306549e-03
1.637529581785202026e-03
1.624878495931625366e-03
1.610963605344295502e-03
1.597381196916103363e-03
1.583658158779144287e-03
1.570036634802818298e-03
1.556690782308578491e-03
1.543323509395122528e-03
1.529940403997898102e-03
1.516454853117465973e-03
1.503099687397480011e-03
1.490342430770397186e-03
1.477567479014396667e-03
1.464599743485450745e-03
1.451924443244934082e-03
1.439331099390983582e-03
1.426625065505504608e-03
1.414373517036437988e-03
1.402451656758785248e-03
1.390472054481506348e-03
1.378130167722702026e-03
1.366029493510723114e-03
1.354515552520751953e-03
1.343007199466228485e-03
1.331362873315811157e-03
1.319879665970802307e-03
1.308617182075977325e-03
1.297566108405590057e-03
1.286222599446773529e-03
1.274914480745792389e-03
1.263764686882495880e-03
1.252927817404270172e-03
1.241450197994709015e-03
1.230237074196338654e-03
1.219264231622219086e-03
1.208637841045856476e-03
1.197385601699352264e-03
1.186233945190906525e-03
1.175269484519958496e-03
1.164857298135757446e-03
1.155368983745574951e-03
1.147412694990634918e-03
1.135100610554218292e-03
1.121989451348781586e-03
1.111091114580631256e-03
1.100234687328338623e-03
1.089666970074176788e-03
1.079381443560123444e-03
1.068391837179660797e-03
1.057734712958335876e-03
1.046908088028430939e-03
1.036665402352809906e-03
1.025943085551261902e-03
1.015435904264450073e-03
1.004578545689582825e-03
9.943014010787010193e-04
9.836917743086814880e-04
9.734043851494789124e-04
9.628077968955039978e-04
9.527225047349929810e-04
9.420402348041534424e-04
9.316839277744293213e-04
9.209532290697097778e-04
9.108697995543479919e-04
9.002042934298515320e-04
8.897073566913604736e-04
8.787577971816062927e-04
8.687041699886322021e-04
8.582063019275665283e-04
8.479738608002662659e-04
8.374052122235298157e-04
8.273916319012641907e-04
8.170157670974731445e-04
8.069900795817375183e-04
7.967147976160049438e-04
7.868316024541854858e-04
7.763104513287544250e-04
7.662866264581680298e-04
7.555373013019561768e-04
7.457034662365913391e-04
7.356693968176841736e-04
7.257815450429916382e-04
7.160082459449768066e-04
7.065040990710258484e-04
6.967131048440933228e-04
6.869165226817131042e-04
6.774459034204483032e-04
6.677079945802688599e-04
6.577083840966224670e-04
6.478251889348030090e-04
6.383638828992843628e-04
6.289444863796234131e-04
6.195148453116416931e-04
6.098654121160507202e-04
6.006211042404174805e-04
5.916273221373558044e-04
5.828244611620903015e-04
5.736881867051124573e-04
5.650594830513000488e-04
5.557388067245483398e-04
5.466304719448089600e-04
5.370695143938064575e-04
5.283569917082786560e-04
5.189478397369384766e-04
5.094921216368675232e-04
4.995502531528472900e-04
4.906132817268371582e-04
4.849433898925781250e-04
4.771938547492027283e-04
4.613334313035011292e-04
4.559224471449851990e-04
4.498250782489776611e-04
4.401607438921928406e-04
4.289783537387847900e-04
4.237210378050804138e-04
4.148511216044425964e-04
4.064822569489479065e-04
3.984393551945686340e-04
3.901487216353416443e-04
3.820490092039108276e-04
3.739884123206138611e-04
3.663152456283569336e-04
3.583123907446861267e-04
3.506354987621307373e-04
3.427946940064430237e-04
3.357082605361938477e-04
3.285482525825500488e-04
3.214608877897262573e-04
3.137774765491485596e-04
3.068344667553901672e-04
2.996884286403656006e-04
2.930080518126487732e-04
2.863183617591857910e-04
2.800235524773597717e-04
2.739112824201583862e-04
2.676676958799362183e-04
2.619726583361625671e-04
2.560466527938842773e-04
2.506207674741744995e-04
2.447860315442085266e-04
2.391943708062171936e-04
2.331649884581565857e-04
2.276990562677383423e-04
2.223588526248931885e-04
2.168808132410049438e-04
2.117929980158805847e-04
2.060523256659507751e-04
2.012057229876518250e-04
1.960163936018943787e-04
1.909397542476654053e-04
1.856936141848564148e-04
1.804549247026443481e-04
1.759398728609085083e-04
1.710597425699234009e-04
1.664124429225921631e-04
1.614997163414955139e-04
1.566112041473388672e-04
1.521557569503784180e-04
1.475494354963302612e-04
1.432988792657852173e-04
1.387428492307662964e-04
1.340145245194435120e-04
1.298021525144577026e-04
1.253010705113410950e-04
1.214407384395599365e-04
1.172181218862533569e-04
1.128474250435829163e-04
1.089191064238548279e-04
1.048175618052482605e-04
1.010047271847724915e-04
9.679980576038360596e-05
9.237974882125854492e-05
8.862279355525970459e-05
8.452404290437698364e-05
8.085183799266815186e-05
7.694959640502929688e-05
7.302034646272659302e-05
6.980262696743011475e-05
6.646197289228439331e-05
6.331503391265869141e-05
6.048288196325302124e-05
5.737133324146270752e-05
5.469843745231628418e-05
5.193613469600677490e-05
4.939269274473190308e-05
4.709977656602859497e-05
4.453118890523910522e-05
4.240777343511581421e-05
4.031881690025329590e-05
3.826525062322616577e-05
3.641657531261444092e-05
3.463495522737503052e-05
3.315508365631103516e-05
3.207847476005554199e-05
3.131851553916931152e-05
3.090314567089080811e-05
3.059208393096923828e-05
3.050453960895538330e-05
3.043375909328460693e-05
3.033038228750228882e-05
3.026612102985382080e-05
2.999510616064071655e-05
2.957228571176528931e-05
2.906564623117446899e-05
2.854503691196441650e-05
2.805143594741821289e-05
2.757646143436431885e-05
2.717506140470504761e-05
2.689938992261886597e-05
2.657622098922729492e-05
2.630613744258880615e-05
2.616737037897109985e-05
2.598110586404800415e-05
2.553500235080718994e-05
2.483464777469635010e-05
2.404116094112396240e-05
2.291146665811538696e-05
2.157501876354217529e-05
2.046208828687667847e-05
1.944508403539657593e-05
1.841969788074493408e-05
1.705065369606018066e-05
1.607928425073623657e-05
1.535657793283462524e-05
1.434050500392913818e-05
1.321919262409210205e-05
1.235026866197586060e-05
1.160893589258193970e-05
1.124385744333267212e-05
1.058913767337799072e-05
9.985640645027160645e-06
9.348616003990173340e-06
8.546747267246246338e-06
7.885508239269256592e-06
7.288530468940734863e-06
6.821937859058380127e-06
6.349757313728332520e-06
5.891546607017517090e-06
5.572102963924407959e-06
5.305744707584381104e-06
5.086883902549743652e-06
4.816800355911254883e-06
4.550442099571228027e-06
4.166737198829650879e-06
3.686174750328063965e-06
3.274530172348022461e-06
2.709217369556427002e-06
2.365559339523315430e-06
2.046115696430206299e-06
1.500360667705535889e-06
6.854534149169921875e-07
-2.700835466384887695e-08
-5.513429641723632812e-07
-1.063570380210876465e-06
-1.376494765281677246e-06
-1.726672053337097168e-06
-2.018176019191741943e-06
-2.361834049224853516e-06
-2.630054950714111328e-06
-2.976506948471069336e-06
-3.322958946228027344e-06
-3.612600266933441162e-06
-4.420056939125061035e-06
-6.335787475109100342e-06
-7.759779691696166992e-06
-8.282251656055450439e-06
-8.284114301204681396e-06
-8.288770914077758789e-06
-8.282251656055450439e-06
-8.313916623592376709e-06
-8.272938430309295654e-06
-8.312985301017761230e-06
-8.294358849525451660e-06
-8.263625204563140869e-06
-8.262693881988525391e-06
-8.272007107734680176e-06
-8.272007107734680176e-06
-8.290633559226989746e-06
-8.262693881988525391e-06
-8.308328688144683838e-06
-8.285976946353912354e-06
-8.311122655868530273e-06
