-4.708766937255859375e-06
-4.696659743785858154e-06
-4.697591066360473633e-06
-4.699453711509704590e-06
-4.700385034084320068e-06
-4.708766937255859375e-06
-4.691071808338165283e-06
-4.678033292293548584e-06
-4.678033292293548584e-06
-4.695728421211242676e-06
-4.711560904979705811e-06
-4.720874130725860596e-06
-4.704110324382781982e-06
-4.699453711509704590e-06
-4.697591066360473633e-06
-4.704110324382781982e-06
-4.696659743785858154e-06
-4.678964614868164062e-06
-3.399327397346496582e-06
-2.566725015640258789e-06
-1.567415893077850342e-06
-4.116445779800415039e-07
8.549541234970092773e-07
1.461245119571685791e-06
1.871958374977111816e-06
2.264976501464843750e-06
2.454034984111785889e-06
1.712702214717864990e-06
1.131556928157806396e-06
8.344650268554687500e-07
6.388872861862182617e-07
5.308538675308227539e-07
4.451721906661987305e-07
3.455206751823425293e-07
3.101304173469543457e-07
2.384185791015625000e-07
1.741573214530944824e-07
1.443549990653991699e-07
1.201406121253967285e-07
4.097819328308105469e-08
2.887099981307983398e-08
2.142041921615600586e-08
2.607703208923339844e-08
4.377216100692749023e-08
5.308538675308227539e-08
1.955777406692504883e-08
1.117587089538574219e-08
9.313225746154785156e-10
1.378357410430908203e-07
1.139007508754730225e-06
1.634471118450164795e-06
1.930631697177886963e-06
2.118758857250213623e-06
2.312473952770233154e-06
2.423301339149475098e-06
2.599321305751800537e-06
2.725981175899505615e-06
2.883374691009521484e-06
2.980232238769531250e-06
3.171153366565704346e-06
3.335066139698028564e-06
3.452412784099578857e-06
3.615394234657287598e-06
3.711320459842681885e-06
3.828667104244232178e-06
3.923662006855010986e-06
4.000030457973480225e-06
4.115514457225799561e-06
4.175119102001190186e-06
4.293397068977355957e-06
4.375353455543518066e-06
4.569999873638153076e-06
4.786998033523559570e-06
7.527880370616912842e-06
8.676201105117797852e-06
9.365379810333251953e-06
1.006573438644409180e-05
1.082569360733032227e-05
1.163780689239501953e-05
1.238565891981124878e-05
1.317635178565979004e-05
1.387391239404678345e-05
1.469068229198455811e-05
1.572072505950927734e-05
1.678150147199630737e-05
1.779571175575256348e-05
1.908838748931884766e-05
2.065580338239669800e-05
2.223812043666839600e-05
2.388283610343933105e-05
2.589076757431030273e-05
2.751965075731277466e-05
2.909172326326370239e-05
3.096368163824081421e-05
3.322493284940719604e-05
3.581680357456207275e-05
3.813672810792922974e-05
4.188995808362960815e-05
4.702527076005935669e-05
5.626957863569259644e-05
6.803963333368301392e-05
8.296966552734375000e-05
1.033423468470573425e-04
1.394897699356079102e-04
1.834472641348838806e-04
2.335971221327781677e-04
2.860240638256072998e-04
3.397613763809204102e-04
3.987979143857955933e-04
4.635034129023551941e-04
5.348362028598785400e-04
6.119981408119201660e-04
6.913198158144950867e-04
7.716622203588485718e-04
8.521722629666328430e-04
9.316522628068923950e-04
1.009194180369377136e-03
1.084612682461738586e-03
1.157467253506183624e-03
1.227291300892829895e-03
1.293436624109745026e-03
1.356679014861583710e-03
1.416991464793682098e-03
1.476075500249862671e-03
1.533816568553447723e-03
1.589166000485420227e-03
1.642368733882904053e-03
1.692860387265682220e-03
1.738345250487327576e-03
1.782144419848918915e-03
1.826714724302291870e-03
1.872214488685131073e-03
1.917567104101181030e-03
1.960681751370429993e-03
2.001756802201271057e-03
2.041307277977466583e-03
2.080149948596954346e-03
2.118404954671859741e-03
2.155028283596038818e-03
2.190697006881237030e-03
2.226082608103752136e-03
2.288819290697574615e-03
2.355984412133693695e-03
2.422466874122619629e-03
2.485206350684165955e-03
2.546784467995166779e-03
2.605857327580451965e-03
2.660438418388366699e-03
2.710875123739242554e-03
2.760373055934906006e-03
2.805512398481369019e-03
2.849921584129333496e-03
2.890225499868392944e-03
2.925916574895381927e-03
2.961108461022377014e-03
2.990777604281902313e-03
3.015429712831974030e-03
3.036886453628540039e-03
3.058526664972305298e-03
3.077356144785881042e-03
3.091192804276943207e-03
3.103028051555156708e-03
3.112681210041046143e-03
3.120539709925651550e-03
3.126509487628936768e-03
3.125471062958240509e-03
3.129128366708755493e-03
3.126665018498897552e-03
3.123435191810131073e-03
3.120292909443378448e-03
3.117258660495281219e-03
3.114406019449234009e-03
3.111763857305049896e-03
3.109117038547992706e-03
3.106820397078990936e-03
3.104636445641517639e-03
3.102597780525684357e-03
3.100684843957424164e-03
3.098816610872745514e-03
3.096840344369411469e-03
3.095096908509731293e-03
3.093397244811058044e-03
3.091806545853614807e-03
3.090316429734230042e-03
3.088836558163166046e-03
3.087403252720832825e-03
3.086022101342678070e-03
3.084662370383739471e-03
3.083363175392150879e-03
3.082117065787315369e-03
3.080877475440502167e-03
3.079666756093502045e-03
3.078463487327098846e-03
3.077272325754165649e-03
3.075852990150451660e-03
3.066085278987884521e-03
3.053671680390834808e-03
3.042655996978282928e-03
3.026722930371761322e-03
3.006513230502605438e-03
2.980255521833896637e-03
2.954413183033466339e-03
2.928039990365505219e-03
2.896504476666450500e-03
2.859139814972877502e-03
2.822786569595336914e-03
2.783557400107383728e-03
2.744344063103199005e-03
2.701688557863235474e-03
2.660312689840793610e-03
2.620195969939231873e-03
2.580957487225532532e-03
2.538918517529964447e-03
2.499643713235855103e-03
2.460653893649578094e-03
2.423312515020370483e-03
2.384467981755733490e-03
2.348596230149269104e-03
2.312582917511463165e-03
2.277459017932415009e-03
2.241079695522785187e-03
2.207108773291110992e-03
2.173299901187419891e-03
2.146365121006965637e-03
2.127660438418388367e-03
2.110029570758342743e-03
2.091924659907817841e-03
2.074364572763442993e-03
2.056348137557506561e-03
2.039290964603424072e-03
2.021387219429016113e-03
2.004235051572322845e-03
1.986129209399223328e-03
1.969448290765285492e-03
1.952524296939373016e-03
1.936050131916999817e-03
1.918802037835121155e-03
1.902698539197444916e-03
1.885700039565563202e-03
1.869632862508296967e-03
1.853925175964832306e-03
1.838388852775096893e-03
1.822078600525856018e-03
1.806369982659816742e-03
1.790683716535568237e-03
1.775921322405338287e-03
1.760382205247879028e-03
1.745626330375671387e-03
1.730496995151042938e-03
1.716094091534614563e-03
1.701206900179386139e-03
1.686590723693370819e-03
1.671615056693553925e-03
1.657436601817607880e-03
1.642618328332901001e-03
1.627916470170021057e-03
1.613234169781208038e-03
1.599261537194252014e-03
1.584792509675025940e-03
1.570316962897777557e-03
1.555604860186576843e-03
1.541715115308761597e-03
1.528191380202770233e-03
1.517063006758689880e-03
1.504644751548767090e-03
1.488030888140201569e-03
1.471702940762042999e-03
1.457239501178264618e-03
1.443251036107540131e-03
1.429519616067409515e-03
1.415701583027839661e-03
1.401328481733798981e-03
1.387260854244232178e-03
1.373462378978729248e-03
1.359992660582065582e-03
1.345882192254066467e-03
1.331898383796215057e-03
1.317992806434631348e-03
1.304549165070056915e-03
1.290747895836830139e-03
1.276995986700057983e-03
1.263407059013843536e-03
1.250023022294044495e-03
1.236046664416790009e-03
1.222196035087108612e-03
1.208538189530372620e-03
1.195146702229976654e-03
1.181139610707759857e-03
1.167024485766887665e-03
1.153142191469669342e-03
1.139867119491100311e-03
1.126176677644252777e-03
1.112427562475204468e-03
1.099147833883762360e-03
1.085725612938404083e-03
1.072438433766365051e-03
1.058838330209255219e-03
1.045974902808666229e-03
1.032343134284019470e-03
1.019106246531009674e-03
1.005155965685844421e-03
9.919209405779838562e-04
9.786654263734817505e-04
9.659174829721450806e-04
9.525697678327560425e-04
9.404532611370086670e-04
9.274436160922050476e-04
9.149564430117607117e-04
9.017894044518470764e-04
8.897492662072181702e-04
8.763782680034637451e-04
8.636666461825370789e-04
8.504055440425872803e-04
8.386112749576568604e-04
8.258884772658348083e-04
8.136983960866928101e-04
8.007893338799476624e-04
7.893210276961326599e-04
7.773889228701591492e-04
7.659690454602241516e-04
7.539391517639160156e-04
7.425034418702125549e-04
7.301159203052520752e-04
7.180813699960708618e-04
7.058363407850265503e-04
6.942311301827430725e-04
6.816126406192779541e-04
6.690351292490959167e-04
6.562722846865653992e-04
6.452584639191627502e-04
6.396146491169929504e-04
6.264932453632354736e-04
6.073294207453727722e-04
6.045494228601455688e-04
5.910545587539672852e-04
5.754753947257995605e-04
5.682790651917457581e-04
5.571832880377769470e-04
5.454793572425842285e-04
5.350019782781600952e-04
5.240682512521743774e-04
5.136188119649887085e-04
5.027335137128829956e-04
4.927497357130050659e-04
4.823589697480201721e-04
4.720930010080337524e-04
4.616351798176765442e-04
4.519727081060409546e-04
4.425086081027984619e-04
4.333332180976867676e-04
4.236530512571334839e-04
4.139281809329986572e-04
4.047537222504615784e-04
3.954982385039329529e-04
3.870520740747451782e-04
3.781570121645927429e-04
3.702780231833457947e-04
3.620628267526626587e-04
3.543784841895103455e-04
3.464436158537864685e-04
3.392091020941734314e-04
3.318777307868003845e-04
3.241570666432380676e-04
3.167977556586265564e-04
3.089401870965957642e-04
3.021322190761566162e-04
2.948343753814697266e-04
2.880599349737167358e-04
2.808561548590660095e-04
2.738106995820999146e-04
2.674199640750885010e-04
2.604192122817039490e-04
2.539437264204025269e-04
2.467120066285133362e-04
2.405354753136634827e-04
2.343533560633659363e-04
2.279551699757575989e-04
2.219006419181823730e-04
2.152277156710624695e-04
2.092700451612472534e-04
2.032881602644920349e-04
1.973137259483337402e-04
1.918300986289978027e-04
1.854300498962402344e-04
1.797592267394065857e-04
1.740101724863052368e-04
1.684008166193962097e-04
1.632915809750556946e-04
1.573637127876281738e-04
1.520980149507522583e-04
1.468192785978317261e-04
1.415172591805458069e-04
1.364257186651229858e-04
1.305257901549339294e-04
1.253020018339157104e-04
1.200549304485321045e-04
1.148972660303115845e-04
1.100581139326095581e-04
1.047290861606597900e-04
1.001125201582908630e-04
9.586755186319351196e-05
9.144004434347152710e-05
8.770916610956192017e-05
8.373428136110305786e-05
7.986556738615036011e-05
7.643178105354309082e-05
7.275957614183425903e-05
6.973091512918472290e-05
6.650574505329132080e-05
6.335694342851638794e-05
6.067007780075073242e-05
5.780067294836044312e-05
5.530659109354019165e-05
5.294848233461380005e-05
5.070026963949203491e-05
4.905182868242263794e-05
4.785973578691482544e-05
4.711374640464782715e-05
4.666671156883239746e-05
4.635099321603775024e-05
4.628486931324005127e-05
4.619825631380081177e-05
4.609022289514541626e-05
4.589371383190155029e-05
4.543364048004150391e-05
4.476401954889297485e-05
4.414003342390060425e-05
4.342012107372283936e-05
4.280172288417816162e-05
4.222244024276733398e-05
4.180986434221267700e-05
4.142709076404571533e-05
4.105083644390106201e-05
4.078261554241180420e-05
4.054605960845947266e-05
4.015024751424789429e-05
3.937911242246627808e-05
3.835558891296386719e-05
3.714580088853836060e-05
3.546103835105895996e-05
3.383122384548187256e-05
3.245845437049865723e-05
3.114063292741775513e-05
2.957321703433990479e-05
2.793688327074050903e-05
2.694968134164810181e-05
2.579484134912490845e-05
2.430379390716552734e-05
2.308934926986694336e-05
2.191402018070220947e-05
2.129562199115753174e-05
2.069771289825439453e-05
1.968257129192352295e-05
1.898966729640960693e-05
1.795310527086257935e-05
1.707952469587326050e-05
1.618452370166778564e-05
1.551955938339233398e-05
1.495052129030227661e-05
1.428555697202682495e-05
1.376494765281677246e-05
1.336075365543365479e-05
1.309532672166824341e-05
1.274980604648590088e-05
1.247692853212356567e-05
1.198798418045043945e-05
1.133605837821960449e-05
1.082289963960647583e-05
1.015048474073410034e-05
9.610317647457122803e-06
9.169802069664001465e-06
8.717179298400878906e-06
7.729046046733856201e-06
6.673857569694519043e-06
5.840323865413665771e-06
5.160458385944366455e-06
4.669651389122009277e-06
4.186294972896575928e-06
3.795139491558074951e-06
3.403984010219573975e-06
2.998858690261840820e-06
2.522021532058715820e-06
2.098269760608673096e-06
1.708045601844787598e-06
1.280568540096282959e-06
-9.229406714439392090e-07
-2.915039658546447754e-06
-4.625879228115081787e-06
-4.643574357032775879e-06
-4.622153937816619873e-06
-4.608184099197387695e-06
-4.621222615242004395e-06
-4.625879228115081787e-06
-4.621222615242004395e-06
-4.610978066921234131e-06
-4.633329808712005615e-06
-4.657544195652008057e-06
-4.650093615055084229e-06
-4.623085260391235352e-06
-4.625879228115081787e-06
-4.637055099010467529e-06
-4.632398486137390137e-06
-4.628673195838928223e-06
-4.649162292480468750e-06
