-8.332543075084686279e-06
-8.363276720046997070e-06
-8.349306881427764893e-06
-8.328817784786224365e-06
-8.339993655681610107e-06
-8.355826139450073242e-06
-8.355826139450073242e-06
-8.354894816875457764e-06
-8.355826139450073242e-06
-8.324161171913146973e-06
-8.348375558853149414e-06
-8.328817784786224365e-06
-8.341856300830841064e-06
-8.342787623405456543e-06
-8.344650268554687500e-06
-8.342787623405456543e-06
-8.339993655681610107e-06
-7.200986146926879883e-06
-6.360001862049102783e-06
-5.829147994518280029e-06
-5.282461643218994141e-06
-4.195608198642730713e-06
-3.358349204063415527e-06
-2.825632691383361816e-06
-2.531334757804870605e-06
-2.930872142314910889e-06
-3.451481461524963379e-06
-3.688037395477294922e-06
-3.817491233348846436e-06
-3.913417458534240723e-06
-4.002824425697326660e-06
-4.050321877002716064e-06
-4.115514457225799561e-06
-4.162080585956573486e-06
-4.201196134090423584e-06
-4.217028617858886719e-06
-4.130415618419647217e-06
-2.991408109664916992e-06
-2.463348209857940674e-06
-2.125278115272521973e-06
-1.839362084865570068e-06
-1.497566699981689453e-06
-1.152977347373962402e-06
-9.583309292793273926e-07
-7.515773177146911621e-07
-5.196779966354370117e-07
-3.380700945854187012e-07
2.925284206867218018e-06
4.622153937816619873e-06
6.100162863731384277e-06
7.430091500282287598e-06
8.723698556423187256e-06
9.992159903049468994e-06
1.155491918325424194e-05
1.330021768808364868e-05
1.525599509477615356e-05
1.752004027366638184e-05
2.021901309490203857e-05
2.327188849449157715e-05
2.617016434669494629e-05
2.816785126924514771e-05
2.910476177930831909e-05
3.346428275108337402e-05
4.217121750116348267e-05
5.456898361444473267e-05
7.085129618644714355e-05
9.790528565645217896e-05
1.360708847641944885e-04
1.800665631890296936e-04
2.272510901093482971e-04
2.738069742918014526e-04
3.243694081902503967e-04
3.792829811573028564e-04
4.394771531224250793e-04
5.034441128373146057e-04
5.674920976161956787e-04
6.308509036898612976e-04
6.939489394426345825e-04
7.566129788756370544e-04
8.177235722541809082e-04
8.775396272540092468e-04
9.356830269098281860e-04
9.920801967382431030e-04
1.047255471348762512e-03
1.101730391383171082e-03
1.155980862677097321e-03
1.209718175232410431e-03
1.260103657841682434e-03
1.310460269451141357e-03
1.364836469292640686e-03
1.418292522430419922e-03
1.470810733735561371e-03
1.522380858659744263e-03
1.573236659169197083e-03
1.623980700969696045e-03
1.660855486989021301e-03
1.678617671132087708e-03
1.690875738859176636e-03
1.698181964457035065e-03
1.701532863080501556e-03
1.701489090919494629e-03
1.699090935289859772e-03
1.696910709142684937e-03
1.695054583251476288e-03
1.692712306976318359e-03
1.691082492470741272e-03
1.689950004220008850e-03
1.688890159130096436e-03
1.687958836555480957e-03
1.687072217464447021e-03
1.686241477727890015e-03
1.685512252151966095e-03
1.684803515672683716e-03
1.684144139289855957e-03
1.683546230196952820e-03
1.682974398136138916e-03
1.682412810623645782e-03
1.681905239820480347e-03
1.681433990597724915e-03
1.681009307503700256e-03
1.680515706539154053e-03
1.680044457316398621e-03
1.679565757513046265e-03
1.679160632193088531e-03
1.678775995969772339e-03
1.678402535617351532e-03
1.678038388490676880e-03
1.677698455750942230e-03
1.677377149462699890e-03
1.677055843174457550e-03
1.676728948950767517e-03
1.676467247307300568e-03
1.676166430115699768e-03
1.675920560956001282e-03
1.675684936344623566e-03
1.675401814281940460e-03
1.673679798841476440e-03
1.666141673922538757e-03
1.655374653637409210e-03
1.642508432269096375e-03
1.627819612622261047e-03
1.601692289113998413e-03
1.570082269608974457e-03
1.538513228297233582e-03
1.507985405623912811e-03
1.477414742112159729e-03
1.447781920433044434e-03
1.418710686266422272e-03
1.390117220580577850e-03
1.361811533570289612e-03
1.333411782979965210e-03
1.306144520640373230e-03
1.277954317629337311e-03
1.250918023288249969e-03
1.223360188305377960e-03
1.196140423417091370e-03
1.169695518910884857e-03
1.142200082540512085e-03
1.115623861551284790e-03
1.088804565370082855e-03
1.062096096575260162e-03
1.035884022712707520e-03
1.009125262498855591e-03
9.831469506025314331e-04
9.567374363541603088e-04
9.309472516179084778e-04
9.054057300090789795e-04
8.799731731414794922e-04
8.549997583031654358e-04
8.300645276904106140e-04
8.050426840782165527e-04
7.805963978171348572e-04
7.567368447780609131e-04
7.328540086746215820e-04
7.092198356986045837e-04
6.857234984636306763e-04
6.625987589359283447e-04
6.394824013113975525e-04
6.163790822029113770e-04
5.934154614806175232e-04
5.708010867238044739e-04
5.480777472257614136e-04
5.280310288071632385e-04
5.041593685746192932e-04
4.846304655075073242e-04
4.692031070590019226e-04
4.477361217141151428e-04
4.263678565621376038e-04
4.059057682752609253e-04
3.851503133773803711e-04
3.655785694718360901e-04
3.456557169556617737e-04
3.265319392085075378e-04
3.088666126132011414e-04
2.917656674981117249e-04
2.756519243121147156e-04
2.589588984847068787e-04
2.435967326164245605e-04
2.286657691001892090e-04
2.148142084479331970e-04
2.015028148889541626e-04
1.881066709756851196e-04
1.747393980622291565e-04
1.614596694707870483e-04
1.488858833909034729e-04
1.363987103104591370e-04
1.242216676473617554e-04
1.117596402764320374e-04
1.000687479972839355e-04
8.824467658996582031e-05
7.750093936920166016e-05
6.715767085552215576e-05
5.830079317092895508e-05
5.033705383539199829e-05
4.311185330152511597e-05
3.680493682622909546e-05
3.196857869625091553e-05
2.946984022855758667e-05
2.804771065711975098e-05
2.732779830694198608e-05
2.621952444314956665e-05
2.479460090398788452e-05
2.352241426706314087e-05
2.297665923833847046e-05
2.197735011577606201e-05
2.024043351411819458e-05
1.819618046283721924e-05
1.589953899383544922e-05
1.364294439554214478e-05
1.152977347373962402e-05
9.627081453800201416e-06
8.299015462398529053e-06
7.257796823978424072e-06
6.590969860553741455e-06
5.478039383888244629e-06
4.153698682785034180e-06
3.089196979999542236e-06
1.296401023864746094e-06
2.309679985046386719e-07
-6.351619958877563477e-07
-1.583248376846313477e-06
-2.406537532806396484e-06
-3.154389560222625732e-06
-4.010275006294250488e-06
-4.637986421585083008e-06
-6.232410669326782227e-06
-7.749535143375396729e-06
-8.379109203815460205e-06
-8.362345397472381592e-06
-8.366070687770843506e-06
-8.373521268367767334e-06
-8.357688784599304199e-06
-8.361414074897766113e-06
-8.380040526390075684e-06
-8.366070687770843506e-06
-8.396804332733154297e-06
-8.383765816688537598e-06
-8.364208042621612549e-06
-8.349306881427764893e-06
-8.352100849151611328e-06
-8.358620107173919678e-06
-8.397735655307769775e-06
-8.393079042434692383e-06
-8.347444236278533936e-06
-8.385628461837768555e-06
-8.372589945793151855e-06
-8.357688784599304199e-06
-8.363276720046997070e-06
-8.368864655494689941e-06
-8.380040526390075684e-06
-8.365139365196228027e-06
-8.358620107173919678e-06
-8.378177881240844727e-06
-8.358620107173919678e-06
-8.350238204002380371e-06
-8.376315236091613770e-06
-8.370727300643920898e-06
-8.371658623218536377e-06
-8.371658623218536377e-06
-8.353032171726226807e-06
-8.359551429748535156e-06
-8.381903171539306641e-06
-8.389353752136230469e-06
-8.367933332920074463e-06
-8.394941687583923340e-06
-8.396804332733154297e-06
-8.353963494300842285e-06
-8.357688784599304199e-06
-8.363276720046997070e-06
-8.381903171539306641e-06
-8.363276720046997070e-06
-8.355826139450073242e-06
-8.368864655494689941e-06
-8.377246558666229248e-06
-8.376315236091613770e-06
-8.400529623031616211e-06
-8.362345397472381592e-06
-8.358620107173919678e-06
-8.368864655494689941e-06
-8.383765816688537598e-06
-8.359551429748535156e-06
-8.380040526390075684e-06
-8.377246558666229248e-06
-8.385628461837768555e-06
-8.359551429748535156e-06
-8.354894816875457764e-06
-8.370727300643920898e-06
-8.362345397472381592e-06
-8.394010365009307861e-06
-8.373521268367767334e-06
-8.375383913516998291e-06
-8.371658623218536377e-06
-8.368864655494689941e-06
-8.351169526576995850e-06
-8.400529623031616211e-06
-8.348375558853149414e-06
-8.370727300643920898e-06
-8.355826139450073242e-06
-8.353963494300842285e-06
-8.361414074897766113e-06
-8.385628461837768555e-06
-8.348375558853149414e-06
-8.373521268367767334e-06
-8.363276720046997070e-06
-8.350238204002380371e-06
-8.384697139263153076e-06
-8.380040526390075684e-06
-8.386559784412384033e-06
-8.363276720046997070e-06
-8.378177881240844727e-06
-8.379109203815460205e-06
-8.390285074710845947e-06
-8.401460945606231689e-06
-8.367933332920074463e-06
-8.351169526576995850e-06
-8.341856300830841064e-06
-8.367933332920074463e-06
-8.399598300457000732e-06
-8.377246558666229248e-06
-8.350238204002380371e-06
-8.352100849151611328e-06
-8.347444236278533936e-06
-8.390285074710845947e-06
-8.369795978069305420e-06
-8.326023817062377930e-06
-8.369795978069305420e-06
-8.371658623218536377e-06
-8.356757462024688721e-06
-8.360482752323150635e-06
-8.366070687770843506e-06
-8.351169526576995850e-06
-8.337199687957763672e-06
-8.366070687770843506e-06
-8.367933332920074463e-06
-8.379109203815460205e-06
-8.376315236091613770e-06
-8.379109203815460205e-06
-8.366070687770843506e-06
-8.357688784599304199e-06
-8.376315236091613770e-06
-8.393079042434692383e-06
-8.370727300643920898e-06
-8.381903171539306641e-06
-8.364208042621612549e-06
-8.380040526390075684e-06
-8.372589945793151855e-06
-8.356757462024688721e-06
-8.373521268367767334e-06
-8.383765816688537598e-06
-8.382834494113922119e-06
-8.364208042621612549e-06
-8.362345397472381592e-06
-8.376315236091613770e-06
-8.368864655494689941e-06
-8.385628461837768555e-06
-8.368864655494689941e-06
-8.362345397472381592e-06
-8.383765816688537598e-06
-8.349306881427764893e-06
-8.393079042434692383e-06
-8.350238204002380371e-06
-8.354894816875457764e-06
-8.372589945793151855e-06
-8.339062333106994629e-06
-8.341856300830841064e-06
-8.353032171726226807e-06
-8.368864655494689941e-06
-8.363276720046997070e-06
-8.349306881427764893e-06
-8.339993655681610107e-06
-8.386559784412384033e-06
-8.362345397472381592e-06
-8.369795978069305420e-06
-8.355826139450073242e-06
-8.375383913516998291e-06
-8.380040526390075684e-06
-8.353963494300842285e-06
-8.361414074897766113e-06
-8.357688784599304199e-06
-8.359551429748535156e-06
-8.360482752323150635e-06
-8.360482752323150635e-06
-8.353963494300842285e-06
-8.361414074897766113e-06
-8.353963494300842285e-06
-8.394010365009307861e-06
-8.384697139263153076e-06
-8.374452590942382812e-06
-8.366070687770843506e-06
-8.367933332920074463e-06
-8.365139365196228027e-06
-8.389353752136230469e-06
-8.353032171726226807e-06
-8.378177881240844727e-06
-8.350238204002380371e-06
-8.365139365196228027e-06
-8.369795978069305420e-06
-8.375383913516998291e-06
-8.360482752323150635e-06
-8.375383913516998291e-06
-8.342787623405456543e-06
-8.377246558666229248e-06
-8.361414074897766113e-06
-8.339062333106994629e-06
-8.367002010345458984e-06
-8.372589945793151855e-06
-8.375383913516998291e-06
-8.337199687957763672e-06
-8.347444236278533936e-06
-8.359551429748535156e-06
-8.329749107360839844e-06
-8.362345397472381592e-06
-8.347444236278533936e-06
-8.361414074897766113e-06
-8.365139365196228027e-06
-8.378177881240844727e-06
-8.353032171726226807e-06
-8.376315236091613770e-06
-8.365139365196228027e-06
-8.341856300830841064e-06
-8.363276720046997070e-06
-8.368864655494689941e-06
-8.352100849151611328e-06
-8.380971848964691162e-06
-8.328817784786224365e-06
-8.336268365383148193e-06
-8.352100849151611328e-06
-8.380971848964691162e-06
-8.357688784599304199e-06
-8.352100849151611328e-06
-8.372589945793151855e-06
-8.372589945793151855e-06
-8.345581591129302979e-06
-8.365139365196228027e-06
-8.362345397472381592e-06
-8.373521268367767334e-06
-8.365139365196228027e-06
-8.356757462024688721e-06
-8.346512913703918457e-06
-8.372589945793151855e-06
-8.352100849151611328e-06
-8.346512913703918457e-06
-8.357688784599304199e-06
-8.366070687770843506e-06
-8.360482752323150635e-06
-8.382834494113922119e-06
-8.364208042621612549e-06
-8.353032171726226807e-06
-8.358620107173919678e-06
-8.357688784599304199e-06
-8.394010365009307861e-06
-8.353963494300842285e-06
-8.344650268554687500e-06
-8.363276720046997070e-06
-8.378177881240844727e-06
-8.367002010345458984e-06
-8.349306881427764893e-06
-8.368864655494689941e-06
-8.362345397472381592e-06
-8.349306881427764893e-06
-8.370727300643920898e-06
-8.341856300830841064e-06
-8.389353752136230469e-06
-8.367002010345458984e-06
-8.356757462024688721e-06
-8.333474397659301758e-06
-8.357688784599304199e-06
-8.353032171726226807e-06
-8.384697139263153076e-06
-8.348375558853149414e-06
-8.363276720046997070e-06
-8.353032171726226807e-06
-8.362345397472381592e-06
-8.356757462024688721e-06
-8.339993655681610107e-06
-8.344650268554687500e-06
-8.370727300643920898e-06
-8.355826139450073242e-06
-8.371658623218536377e-06
-8.336268365383148193e-06
-8.381903171539306641e-06
-8.354894816875457764e-06
-8.388422429561614990e-06
-8.353963494300842285e-06
-8.339993655681610107e-06
-8.357688784599304199e-06
-8.385628461837768555e-06
-8.379109203815460205e-06
-8.365139365196228027e-06
-8.356757462024688721e-06
-8.369795978069305420e-06
-8.366070687770843506e-06
-8.368864655494689941e-06
-8.330680429935455322e-06
-8.338131010532379150e-06
-8.356757462024688721e-06
-8.379109203815460205e-06
-8.397735655307769775e-06
-8.362345397472381592e-06
-8.360482752323150635e-06
-8.350238204002380371e-06
-8.374452590942382812e-06
-8.338131010532379150e-06
-7.783062756061553955e-06
-7.854774594306945801e-06
-7.863156497478485107e-06
-7.915310561656951904e-06
-7.829628884792327881e-06
-7.356517016887664795e-06
-6.346963346004486084e-06
-6.526708602905273438e-06
-8.384697139263153076e-06
-9.326264262199401855e-06
-8.415430784225463867e-06
-8.383765816688537598e-06
-8.350238204002380371e-06
-8.367933332920074463e-06
-8.345581591129302979e-06
-7.777474820613861084e-06
-7.914379239082336426e-06
-7.376074790954589844e-06
-6.390735507011413574e-06
-6.269663572311401367e-06
-7.204711437225341797e-06
-8.085742592811584473e-06
-8.083879947662353516e-06
-7.753260433673858643e-06
-7.520429790019989014e-06
-6.726942956447601318e-06
-5.662441253662109375e-06
-4.275701940059661865e-06
1.614913344383239746e-06
1.507997512817382812e-05
3.113504499197006226e-05
5.138572305440902710e-05
7.403548806905746460e-05
8.971523493528366089e-05
9.590666741132736206e-05
9.661260992288589478e-05
7.365364581346511841e-05
3.711227327585220337e-05
1.974031329154968262e-05
1.425482332706451416e-05
1.909118145704269409e-05
3.945734351873397827e-05
6.690155714750289917e-05
8.562672883272171021e-05
9.437371045351028442e-05
9.730737656354904175e-05
9.136833250522613525e-05
5.722604691982269287e-05
2.916250377893447876e-05
2.125464379787445068e-05
2.919323742389678955e-05
5.578622221946716309e-05
7.917173206806182861e-05
9.216926991939544678e-05
9.984429925680160522e-05
1.045390963554382324e-04
9.796675294637680054e-05
5.889870226383209229e-05
1.641456037759780884e-05
-1.657754182815551758e-07
-6.227754056453704834e-06
-8.151866495609283447e-06
-8.362345397472381592e-06
-8.377246558666229248e-06
-8.376315236091613770e-06
-8.342787623405456543e-06
-8.353963494300842285e-06
-8.337199687957763672e-06
-8.341856300830841064e-06
-8.321367204189300537e-06
-8.333474397659301758e-06
-8.334405720233917236e-06
-8.323229849338531494e-06
-8.335337042808532715e-06
-8.348375558853149414e-06
-8.328817784786224365e-06
-8.334405720233917236e-06
-8.367002010345458984e-06
-8.355826139450073242e-06
-8.310191333293914795e-06
-8.330680429935455322e-06
-8.327886462211608887e-06
-8.318573236465454102e-06
-8.326023817062377930e-06
-8.337199687957763672e-06
-8.345581591129302979e-06
-8.333474397659301758e-06
-8.337199687957763672e-06
-8.334405720233917236e-06
-8.315779268741607666e-06
-8.351169526576995850e-06
-8.322298526763916016e-06
-8.354894816875457764e-06
-8.366070687770843506e-06
-8.328817784786224365e-06
-8.335337042808532715e-06
-8.332543075084686279e-06
-8.321367204189300537e-06
-8.322298526763916016e-06
-8.359551429748535156e-06
-8.327886462211608887e-06
-8.324161171913146973e-06
-8.324161171913146973e-06
-8.334405720233917236e-06
-8.340924978256225586e-06
-8.329749107360839844e-06
-8.326023817062377930e-06
-8.336268365383148193e-06
-8.339062333106994629e-06
-8.346512913703918457e-06
-8.351169526576995850e-06
-8.328817784786224365e-06
-8.356757462024688721e-06
-8.329749107360839844e-06
-8.343718945980072021e-06
-8.328817784786224365e-06
-8.339062333106994629e-06
-8.353963494300842285e-06
-8.335337042808532715e-06
-8.355826139450073242e-06
-8.341856300830841064e-06
-8.371658623218536377e-06
-8.339062333106994629e-06
-8.330680429935455322e-06
-8.312985301017761230e-06
-8.330680429935455322e-06
-8.337199687957763672e-06
-8.329749107360839844e-06
-8.335337042808532715e-06
-8.321367204189300537e-06
-8.337199687957763672e-06
-8.349306881427764893e-06
-8.324161171913146973e-06
-8.353963494300842285e-06
-8.317641913890838623e-06
-8.352100849151611328e-06
-8.317641913890838623e-06
-8.352100849151611328e-06
-8.331611752510070801e-06
-8.337199687957763672e-06
-8.323229849338531494e-06
-8.326955139636993408e-06
-8.322298526763916016e-06
-8.323229849338531494e-06
-8.331611752510070801e-06
-8.352100849151611328e-06
-8.328817784786224365e-06
-8.318573236465454102e-06
-8.338131010532379150e-06
-8.350238204002380371e-06
-8.308328688144683838e-06
-8.329749107360839844e-06
-8.324161171913146973e-06
-8.304603397846221924e-06
-8.338131010532379150e-06
-8.339993655681610107e-06
-8.322298526763916016e-06
-8.343718945980072021e-06
-8.329749107360839844e-06
-8.309260010719299316e-06
-8.351169526576995850e-06
-8.352100849151611328e-06
-8.346512913703918457e-06
-8.345581591129302979e-06
-8.341856300830841064e-06
-8.335337042808532715e-06
-8.363276720046997070e-06
-8.313916623592376709e-06
-8.349306881427764893e-06
-8.313916623592376709e-06
-8.338131010532379150e-06
-8.320435881614685059e-06
-8.352100849151611328e-06
-8.336268365383148193e-06
-8.332543075084686279e-06
-8.344650268554687500e-06
-8.346512913703918457e-06
-8.344650268554687500e-06
-8.350238204002380371e-06
-8.337199687957763672e-06
-8.338131010532379150e-06
-8.343718945980072021e-06
-8.332543075084686279e-06
-8.337199687957763672e-06
-8.333474397659301758e-06
-8.331611752510070801e-06
-8.346512913703918457e-06
-8.330680429935455322e-06
-8.311122655868530273e-06
-8.351169526576995850e-06
-8.344650268554687500e-06
-8.324161171913146973e-06
-8.332543075084686279e-06
-8.358620107173919678e-06
-8.323229849338531494e-06
-8.315779268741607666e-06
-8.347444236278533936e-06
-8.333474397659301758e-06
-8.349306881427764893e-06
-8.340924978256225586e-06
-8.333474397659301758e-06
-8.364208042621612549e-06
-8.345581591129302979e-06
-8.330680429935455322e-06
-8.338131010532379150e-06
-8.328817784786224365e-06
-8.314847946166992188e-06
-8.336268365383148193e-06
-8.357688784599304199e-06
-8.324161171913146973e-06
-8.315779268741607666e-06
-8.328817784786224365e-06
-8.335337042808532715e-06
-8.353032171726226807e-06
-8.350238204002380371e-06
-8.333474397659301758e-06
-8.344650268554687500e-06
-8.350238204002380371e-06
-8.299946784973144531e-06
-8.345581591129302979e-06
-8.320435881614685059e-06
-8.326955139636993408e-06
-8.345581591129302979e-06
-8.332543075084686279e-06
-8.351169526576995850e-06
-8.329749107360839844e-06
-8.340924978256225586e-06
-8.334405720233917236e-06
-8.355826139450073242e-06
-8.313916623592376709e-06
-8.332543075084686279e-06
-8.333474397659301758e-06
-8.324161171913146973e-06
-8.313916623592376709e-06
-8.351169526576995850e-06
-8.339993655681610107e-06
-8.349306881427764893e-06
-8.308328688144683838e-06
-8.342787623405456543e-06
-8.333474397659301758e-06
-8.339993655681610107e-06
-8.346512913703918457e-06
-8.335337042808532715e-06
-8.365139365196228027e-06
-8.358620107173919678e-06
-8.360482752323150635e-06
-8.341856300830841064e-06
-8.316710591316223145e-06
-8.344650268554687500e-06
-8.328817784786224365e-06
-8.338131010532379150e-06
-8.340924978256225586e-06
-8.357688784599304199e-06
-8.339993655681610107e-06
-8.360482752323150635e-06
-8.352100849151611328e-06
-8.318573236465454102e-06
-8.348375558853149414e-06
-8.347444236278533936e-06
-8.363276720046997070e-06
-8.342787623405456543e-06
-8.339993655681610107e-06
-8.324161171913146973e-06
-8.321367204189300537e-06
-8.350238204002380371e-06
-8.336268365383148193e-06
-8.346512913703918457e-06
-8.336268365383148193e-06
-8.331611752510070801e-06
-8.330680429935455322e-06
-8.338131010532379150e-06
-8.325092494487762451e-06
-8.356757462024688721e-06
-8.326023817062377930e-06
-8.322298526763916016e-06
-8.325092494487762451e-06
-8.357688784599304199e-06
-8.330680429935455322e-06
-8.323229849338531494e-06
-8.362345397472381592e-06
-8.353032171726226807e-06
-8.352100849151611328e-06
-8.345581591129302979e-06
-8.339062333106994629e-06
-8.350238204002380371e-06
-8.364208042621612549e-06
-8.338131010532379150e-06
-8.347444236278533936e-06
-8.327886462211608887e-06
-8.360482752323150635e-06
-8.333474397659301758e-06
-8.353963494300842285e-06
-8.353032171726226807e-06
-8.326023817062377930e-06
-8.366070687770843506e-06
-8.332543075084686279e-06
-8.344650268554687500e-06
-8.365139365196228027e-06
-8.327886462211608887e-06
-8.354894816875457764e-06
-8.342787623405456543e-06
-8.361414074897766113e-06
-8.332543075084686279e-06
-8.336268365383148193e-06
-8.352100849151611328e-06
-8.361414074897766113e-06
-8.326955139636993408e-06
-8.318573236465454102e-06
-8.344650268554687500e-06
-8.355826139450073242e-06
-8.323229849338531494e-06
-8.349306881427764893e-06
-8.332543075084686279e-06
-8.344650268554687500e-06
-8.336268365383148193e-06
-8.326955139636993408e-06
-8.318573236465454102e-06
-8.349306881427764893e-06
-8.330680429935455322e-06
-8.334405720233917236e-06
-8.326955139636993408e-06
-8.355826139450073242e-06
-8.326955139636993408e-06
-8.342787623405456543e-06
-8.342787623405456543e-06
-8.349306881427764893e-06
-8.348375558853149414e-06
-8.340924978256225586e-06
-8.328817784786224365e-06
-8.337199687957763672e-06
-8.339062333106994629e-06
-8.340924978256225586e-06
-8.318573236465454102e-06
-8.352100849151611328e-06
-8.322298526763916016e-06
-8.326023817062377930e-06
-8.333474397659301758e-06
-8.327886462211608887e-06
-8.337199687957763672e-06
-8.329749107360839844e-06
-8.338131010532379150e-06
-8.357688784599304199e-06
-8.318573236465454102e-06
-8.330680429935455322e-06
-8.325092494487762451e-06
-8.341856300830841064e-06
-8.341856300830841064e-06
-8.329749107360839844e-06
-8.341856300830841064e-06
-8.343718945980072021e-06
-8.346512913703918457e-06
-8.332543075084686279e-06
-8.347444236278533936e-06
-8.326955139636993408e-06
-8.332543075084686279e-06
-8.348375558853149414e-06
-8.337199687957763672e-06
-8.331611752510070801e-06
-8.325092494487762451e-06
-8.320435881614685059e-06
-8.345581591129302979e-06
-8.350238204002380371e-06
-8.321367204189300537e-06
-8.325092494487762451e-06
-8.346512913703918457e-06
-8.318573236465454102e-06
-8.338131010532379150e-06
-8.327886462211608887e-06
-8.344650268554687500e-06
-8.326955139636993408e-06
-8.339993655681610107e-06
-8.345581591129302979e-06
-8.340924978256225586e-06
-8.353032171726226807e-06
-8.323229849338531494e-06
-8.336268365383148193e-06
-8.351169526576995850e-06
-8.342787623405456543e-06
-8.339062333106994629e-06
-8.338131010532379150e-06
-8.347444236278533936e-06
-8.333474397659301758e-06
-8.351169526576995850e-06
-8.327886462211608887e-06
-8.359551429748535156e-06
-8.328817784786224365e-06
-8.350238204002380371e-06
-8.372589945793151855e-06
-8.309260010719299316e-06
-8.356757462024688721e-06
-8.345581591129302979e-06
-8.333474397659301758e-06
-8.349306881427764893e-06
-8.356757462024688721e-06
-8.332543075084686279e-06
-8.350238204002380371e-06
-8.342787623405456543e-06
-8.326955139636993408e-06
-8.312053978443145752e-06
-8.345581591129302979e-06
-8.319504559040069580e-06
-8.329749107360839844e-06
-8.360482752323150635e-06
-8.350238204002380371e-06
-8.351169526576995850e-06
-8.344650268554687500e-06
-8.317641913890838623e-06
-8.322298526763916016e-06
-8.347444236278533936e-06
-8.325092494487762451e-06
-8.356757462024688721e-06
-8.339993655681610107e-06
-8.340924978256225586e-06
-8.340924978256225586e-06
-8.353032171726226807e-06
-8.345581591129302979e-06
-8.348375558853149414e-06
-8.338131010532379150e-06
-8.345581591129302979e-06
-8.326955139636993408e-06
-8.359551429748535156e-06
-8.334405720233917236e-06
-8.306466042995452881e-06
-8.340924978256225586e-06
-8.353963494300842285e-06
-8.323229849338531494e-06
-8.322298526763916016e-06
-8.317641913890838623e-06
-8.334405720233917236e-06
-8.317641913890838623e-06
-8.326955139636993408e-06
-8.340924978256225586e-06
-8.327886462211608887e-06
-8.350238204002380371e-06
-8.362345397472381592e-06
-8.326955139636993408e-06
-8.312985301017761230e-06
-8.311122655868530273e-06
-8.332543075084686279e-06
-8.337199687957763672e-06
-8.339993655681610107e-06
-8.373521268367767334e-06
-8.326955139636993408e-06
-8.347444236278533936e-06
-8.343718945980072021e-06
-8.334405720233917236e-06
-8.360482752323150635e-06
-8.357688784599304199e-06
-8.353963494300842285e-06
-8.353032171726226807e-06
-8.357688784599304199e-06
-8.318573236465454102e-06
-8.328817784786224365e-06
-8.345581591129302979e-06
-8.353963494300842285e-06
-8.343718945980072021e-06
-8.333474397659301758e-06
-8.324161171913146973e-06
-8.349306881427764893e-06
-8.315779268741607666e-06
-8.318573236465454102e-06
-8.319504559040069580e-06
-8.342787623405456543e-06
-8.360482752323150635e-06
-8.333474397659301758e-06
-8.335337042808532715e-06
-8.347444236278533936e-06
-8.323229849338531494e-06
-8.330680429935455322e-06
-8.351169526576995850e-06
-8.361414074897766113e-06
-8.347444236278533936e-06
-8.323229849338531494e-06
-8.316710591316223145e-06
-8.324161171913146973e-06
-8.339062333106994629e-06
-8.339062333106994629e-06
-8.350238204002380371e-06
-8.327886462211608887e-06
-8.334405720233917236e-06
-8.329749107360839844e-06
-8.351169526576995850e-06
-8.322298526763916016e-06
-8.351169526576995850e-06
-8.353032171726226807e-06
-8.343718945980072021e-06
-8.329749107360839844e-06
-8.339993655681610107e-06
-8.323229849338531494e-06
-8.356757462024688721e-06
-8.350238204002380371e-06
-8.340924978256225586e-06
-8.330680429935455322e-06
-8.354894816875457764e-06
-8.336268365383148193e-06
-8.312053978443145752e-06
-8.320435881614685059e-06
-8.325092494487762451e-06
-8.348375558853149414e-06
-8.353032171726226807e-06
-8.350238204002380371e-06
-8.334405720233917236e-06
-8.335337042808532715e-06
-8.325092494487762451e-06
-8.336268365383148193e-06
-8.326955139636993408e-06
-8.333474397659301758e-06
