-5.010515451431274414e-06
-5.016103386878967285e-06
-5.044974386692047119e-06
-5.012378096580505371e-06
-5.022622644901275635e-06
-5.027279257774353027e-06
-5.004927515983581543e-06
-4.995614290237426758e-06
-5.020759999752044678e-06
-5.004927515983581543e-06
-5.025416612625122070e-06
-4.990957677364349365e-06
-5.016103386878967285e-06
-5.021691322326660156e-06
-5.016103386878967285e-06
-5.011446774005889893e-06
-5.006790161132812500e-06
-2.996064722537994385e-06
-2.071261405944824219e-06
-1.532025635242462158e-06
-1.899898052215576172e-07
1.019798219203948975e-06
1.907348632812500000e-06
2.448447048664093018e-06
2.429820597171783447e-06
1.801177859306335449e-06
1.207925379276275635e-06
9.667128324508666992e-07
8.596107363700866699e-07
7.422640919685363770e-07
6.556510925292968750e-07
5.690380930900573730e-07
5.215406417846679688e-07
4.637986421585083008e-07
4.097819328308105469e-07
3.501772880554199219e-07
1.184642314910888672e-06
2.409331500530242920e-06
2.962537109851837158e-06
3.304332494735717773e-06
3.717839717864990234e-06
4.157423973083496094e-06
4.574656486511230469e-06
4.840083420276641846e-06
5.147419869899749756e-06
5.276873707771301270e-06
8.486211299896240234e-06
1.080799847841262817e-05
1.277867704629898071e-05
1.463573426008224487e-05
1.640617847442626953e-05
1.815706491470336914e-05
1.981668174266815186e-05
2.216268330812454224e-05
2.446863800287246704e-05
2.722162753343582153e-05
3.036670386791229248e-05
3.436673432588577271e-05
3.822147846221923828e-05
4.199240356683731079e-05
3.650411963462829590e-05
4.579592496156692505e-05
5.431193858385086060e-05
6.834417581558227539e-05
8.726026862859725952e-05
1.134853810071945190e-04
1.575658097863197327e-04
2.111075446009635925e-04
2.716584131121635437e-04
3.332421183586120605e-04
3.963047638535499573e-04
4.653995856642723083e-04
5.405917763710021973e-04
6.225416436791419983e-04
7.066084071993827820e-04
7.902132347226142883e-04
8.732117712497711182e-04
9.554205462336540222e-04
1.036884263157844543e-03
1.116130501031875610e-03
1.193502917885780334e-03
1.268429681658744812e-03
1.341613940894603729e-03
1.413031481206417084e-03
1.484299078583717346e-03
1.555372960865497589e-03
1.623985357582569122e-03
1.688565127551555634e-03
1.757263205945491791e-03
1.828025095164775848e-03
1.897600479423999786e-03
1.965774223208427429e-03
2.032854594290256500e-03
2.099246717989444733e-03
2.169446088373661041e-03
2.280957996845245361e-03
2.383727580308914185e-03
2.460520714521408081e-03
2.508009783923625946e-03
2.531995996832847595e-03
2.530877478420734406e-03
2.520971000194549561e-03
2.513620071113109589e-03
2.507138997316360474e-03
2.494994550943374634e-03
2.490432932972908020e-03
2.486613579094409943e-03
2.483250573277473450e-03
2.480290830135345459e-03
2.477680332958698273e-03
2.475249581038951874e-03
2.472911961376667023e-03
2.470618113875389099e-03
2.468477934598922729e-03
2.466483041644096375e-03
2.464592456817626953e-03
2.462873235344886780e-03
2.461120486259460449e-03
2.459334209561347961e-03
2.457564696669578552e-03
2.456199377775192261e-03
2.455121837556362152e-03
2.454012632369995117e-03
2.452771179378032684e-03
2.451541833579540253e-03
2.450378611683845520e-03
2.449149265885353088e-03
2.447948791086673737e-03
2.446910366415977478e-03
2.445772290229797363e-03
2.444669604301452637e-03
2.443633042275905609e-03
2.442602999508380890e-03
2.441377379000186920e-03
2.440389245748519897e-03
2.439174801111221313e-03
2.413677982985973358e-03
2.354799769818782806e-03
2.278573811054229736e-03
2.199102193117141724e-03
2.128525637090206146e-03
2.086213789880275726e-03
2.044544555246829987e-03
2.004009671509265900e-03
1.963788643479347229e-03
1.924635842442512512e-03
1.885965466499328613e-03
1.848548650741577148e-03
1.810999587178230286e-03
1.774103380739688873e-03
1.737761311233043671e-03
1.701299101114273071e-03
1.665383577346801758e-03
1.629327423870563507e-03
1.593903638422489166e-03
1.558377407491207123e-03
1.523324288427829742e-03
1.487805508077144623e-03
1.452672295272350311e-03
1.418065279722213745e-03
1.382690854370594025e-03
1.348635181784629822e-03
1.313483342528343201e-03
1.279546879231929779e-03
1.245127990841865540e-03
1.211630180478096008e-03
1.178247854113578796e-03
1.144989393651485443e-03
1.112306490540504456e-03
1.079265959560871124e-03
1.047463156282901764e-03
1.015851274132728577e-03
9.841918945312500000e-04
9.533334523439407349e-04
9.218649938702583313e-04
8.917488157749176025e-04
8.612899109721183777e-04
8.311867713928222656e-04
8.010780438780784607e-04
7.705213502049446106e-04
7.411418482661247253e-04
7.118741050362586975e-04
6.912536919116973877e-04
6.564566865563392639e-04
6.297891959547996521e-04
6.086295470595359802e-04
5.806172266602516174e-04
5.528517067432403564e-04
5.260827019810676575e-04
4.996210336685180664e-04
4.736082628369331360e-04
4.481319338083267212e-04
4.233503714203834534e-04
4.008244723081588745e-04
3.790054470300674438e-04
3.574537113308906555e-04
3.367029130458831787e-04
3.164038062095642090e-04
2.979682758450508118e-04
2.795569598674774170e-04
2.624951303005218506e-04
2.444880083203315735e-04
2.272035926580429077e-04
2.099126577377319336e-04
1.937579363584518433e-04
1.776330173015594482e-04
1.612827181816101074e-04
1.455508172512054443e-04
1.298934221267700195e-04
1.151263713836669922e-04
1.011835411190986633e-04
8.828472346067428589e-05
7.736124098300933838e-05
6.742309778928756714e-05
5.838181823492050171e-05
5.091913044452667236e-05
4.615169018507003784e-05
4.356633871793746948e-05
4.229974001646041870e-05
4.136003553867340088e-05
3.942660987377166748e-05
3.764778375625610352e-05
3.644078969955444336e-05
3.580097109079360962e-05
3.371108323335647583e-05
3.134179860353469849e-05
2.888590097427368164e-05
2.529192715883255005e-05
2.280715852975845337e-05
2.001877874135971069e-05
1.757405698299407959e-05
1.614727079868316650e-05
1.504179090261459351e-05
1.419521868228912354e-05
1.238845288753509521e-05
1.091137528419494629e-05
8.719973266124725342e-06
6.851740181446075439e-06
5.800276994705200195e-06
4.540197551250457764e-06
3.421679139137268066e-06
2.390705049037933350e-06
1.322478055953979492e-06
2.579763531684875488e-07
-8.279457688331604004e-07
-3.119930624961853027e-06
-5.003064870834350586e-06
-4.962086677551269531e-06
-4.995614290237426758e-06
-4.980713129043579102e-06
-4.980713129043579102e-06
-4.991888999938964844e-06
-4.985369741916656494e-06
-4.974193871021270752e-06
-4.988163709640502930e-06
-4.964880645275115967e-06
-5.000270903110504150e-06
-4.988163709640502930e-06
-5.004927515983581543e-06
-4.993751645088195801e-06
-4.990957677364349365e-06
-4.995614290237426758e-06
-4.994682967662811279e-06
-4.951842129230499268e-06
-4.969537258148193359e-06
-4.965811967849731445e-06
-5.002133548259735107e-06
-4.980713129043579102e-06
-4.970468580722808838e-06
-4.972331225872039795e-06
-4.968605935573577881e-06
-5.008652806282043457e-06
-4.979781806468963623e-06
-4.990957677364349365e-06
-4.962086677551269531e-06
-4.975125193595886230e-06
-4.994682967662811279e-06
-4.987232387065887451e-06
-4.975125193595886230e-06
-5.000270903110504150e-06
-4.988163709640502930e-06
-4.947185516357421875e-06
-4.975125193595886230e-06
-4.971399903297424316e-06
-4.979781806468963623e-06
-4.960224032402038574e-06
-4.974193871021270752e-06
-4.990026354789733887e-06
-4.968605935573577881e-06
-4.969537258148193359e-06
-4.963018000125885010e-06
-4.982575774192810059e-06
-4.982575774192810059e-06
-4.981644451618194580e-06
-4.969537258148193359e-06
-4.938803613185882568e-06
-4.983507096767425537e-06
-4.978850483894348145e-06
-5.001202225685119629e-06
-4.987232387065887451e-06
-4.962086677551269531e-06
-4.966743290424346924e-06
-4.986301064491271973e-06
-4.990026354789733887e-06
-4.965811967849731445e-06
-4.963018000125885010e-06
-4.968605935573577881e-06
-4.968605935573577881e-06
-4.958361387252807617e-06
-5.001202225685119629e-06
-4.951842129230499268e-06
-5.003064870834350586e-06
-4.988163709640502930e-06
-4.951842129230499268e-06
-4.977919161319732666e-06
-4.965811967849731445e-06
-4.948116838932037354e-06
-4.998408257961273193e-06
-4.976056516170501709e-06
-4.981644451618194580e-06
-4.990026354789733887e-06
-4.975125193595886230e-06
-4.975125193595886230e-06
-5.007721483707427979e-06
-4.967674612998962402e-06
-4.970468580722808838e-06
-4.934147000312805176e-06
-4.956498742103576660e-06
-4.984438419342041016e-06
-4.986301064491271973e-06
-4.992820322513580322e-06
-4.956498742103576660e-06
-4.976056516170501709e-06
-4.950910806655883789e-06
-4.983507096767425537e-06
-4.982575774192810059e-06
-4.948116838932037354e-06
-4.994682967662811279e-06
-4.981644451618194580e-06
-4.974193871021270752e-06
-4.972331225872039795e-06
-4.950910806655883789e-06
-4.974193871021270752e-06
-4.979781806468963623e-06
-4.958361387252807617e-06
-4.998408257961273193e-06
-4.963949322700500488e-06
-4.933215677738189697e-06
-4.959292709827423096e-06
-4.988163709640502930e-06
-4.970468580722808838e-06
-5.003996193408966064e-06
-4.950910806655883789e-06
-4.969537258148193359e-06
-4.990026354789733887e-06
-4.936940968036651611e-06
-4.977919161319732666e-06
-4.984438419342041016e-06
-4.987232387065887451e-06
-4.976987838745117188e-06
-4.956498742103576660e-06
-4.976056516170501709e-06
-4.977919161319732666e-06
-4.955567419528961182e-06
-4.978850483894348145e-06
-4.973262548446655273e-06
-4.958361387252807617e-06
-4.948116838932037354e-06
-4.978850483894348145e-06
-4.977919161319732666e-06
-4.965811967849731445e-06
-4.976056516170501709e-06
-4.947185516357421875e-06
-4.965811967849731445e-06
-4.945322871208190918e-06
-4.958361387252807617e-06
-4.966743290424346924e-06
-4.973262548446655273e-06
-4.971399903297424316e-06
-4.977919161319732666e-06
-5.001202225685119629e-06
-4.975125193595886230e-06
-4.986301064491271973e-06
-4.989095032215118408e-06
-4.951842129230499268e-06
-4.963949322700500488e-06
-4.972331225872039795e-06
-4.952773451805114746e-06
-4.972331225872039795e-06
-4.977919161319732666e-06
-4.952773451805114746e-06
-4.958361387252807617e-06
-4.945322871208190918e-06
-4.979781806468963623e-06
-4.986301064491271973e-06
-4.947185516357421875e-06
-4.961155354976654053e-06
-4.959292709827423096e-06
-4.949048161506652832e-06
-4.957430064678192139e-06
-4.969537258148193359e-06
-4.947185516357421875e-06
-4.960224032402038574e-06
-4.974193871021270752e-06
-4.929490387439727783e-06
-4.964880645275115967e-06
-4.964880645275115967e-06
-4.994682967662811279e-06
-4.986301064491271973e-06
-4.965811967849731445e-06
-4.964880645275115967e-06
-4.954636096954345703e-06
-4.966743290424346924e-06
-4.974193871021270752e-06
-4.950910806655883789e-06
-4.940666258335113525e-06
-4.973262548446655273e-06
-4.955567419528961182e-06
-4.974193871021270752e-06
-4.946254193782806396e-06
-4.949979484081268311e-06
-4.960224032402038574e-06
-4.931353032588958740e-06
-4.979781806468963623e-06
-4.941597580909729004e-06
-4.954636096954345703e-06
-4.933215677738189697e-06
-4.957430064678192139e-06
-4.965811967849731445e-06
-4.963018000125885010e-06
-4.955567419528961182e-06
-4.963018000125885010e-06
-4.963018000125885010e-06
-4.944391548633575439e-06
-4.961155354976654053e-06
-4.972331225872039795e-06
-4.974193871021270752e-06
-4.961155354976654053e-06
-4.975125193595886230e-06
-4.975125193595886230e-06
-4.938803613185882568e-06
-4.972331225872039795e-06
-4.963949322700500488e-06
-4.958361387252807617e-06
-4.952773451805114746e-06
-4.951842129230499268e-06
-4.929490387439727783e-06
-4.974193871021270752e-06
-4.979781806468963623e-06
-4.948116838932037354e-06
-4.949048161506652832e-06
-4.982575774192810059e-06
-4.970468580722808838e-06
-4.962086677551269531e-06
-4.961155354976654053e-06
-4.952773451805114746e-06
-4.931353032588958740e-06
-4.937872290611267090e-06
-4.949979484081268311e-06
-4.977919161319732666e-06
-4.946254193782806396e-06
-4.965811967849731445e-06
-4.951842129230499268e-06
-4.949048161506652832e-06
-4.970468580722808838e-06
-4.968605935573577881e-06
-4.952773451805114746e-06
-4.950910806655883789e-06
-4.934147000312805176e-06
-4.973262548446655273e-06
-4.963018000125885010e-06
-4.962086677551269531e-06
-4.944391548633575439e-06
-4.949048161506652832e-06
-4.955567419528961182e-06
-4.993751645088195801e-06
-4.953704774379730225e-06
-4.962086677551269531e-06
-4.925765097141265869e-06
-4.952773451805114746e-06
-4.940666258335113525e-06
-4.939734935760498047e-06
-4.969537258148193359e-06
-4.950910806655883789e-06
-4.922039806842803955e-06
-4.915520548820495605e-06
-4.952773451805114746e-06
-4.950910806655883789e-06
-4.945322871208190918e-06
-4.949979484081268311e-06
-4.955567419528961182e-06
-4.987232387065887451e-06
-4.947185516357421875e-06
-4.963018000125885010e-06
-4.932284355163574219e-06
-4.949048161506652832e-06
-4.963018000125885010e-06
-4.947185516357421875e-06
-4.971399903297424316e-06
-4.903413355350494385e-06
-4.952773451805114746e-06
-4.943460226058959961e-06
-4.966743290424346924e-06
-4.933215677738189697e-06
-4.937872290611267090e-06
-4.965811967849731445e-06
-4.952773451805114746e-06
-4.954636096954345703e-06
-4.943460226058959961e-06
-4.936009645462036133e-06
-4.964880645275115967e-06
-4.942528903484344482e-06
-4.976056516170501709e-06
-4.938803613185882568e-06
-4.949048161506652832e-06
-4.949979484081268311e-06
-4.959292709827423096e-06
-5.069188773632049561e-06
-4.963018000125885010e-06
-4.987232387065887451e-06
-4.970468580722808838e-06
-4.964880645275115967e-06
-4.951842129230499268e-06
-4.951842129230499268e-06
-4.946254193782806396e-06
-4.963018000125885010e-06
-4.973262548446655273e-06
-4.930421710014343262e-06
-4.969537258148193359e-06
-4.958361387252807617e-06
-4.964880645275115967e-06
-4.940666258335113525e-06
-4.916451871395111084e-06
-4.933215677738189697e-06
-4.959292709827423096e-06
-4.960224032402038574e-06
-4.938803613185882568e-06
-4.923902451992034912e-06
-4.933215677738189697e-06
-4.975125193595886230e-06
-4.972331225872039795e-06
-4.936009645462036133e-06
-4.931353032588958740e-06
-4.942528903484344482e-06
-4.968605935573577881e-06
-4.939734935760498047e-06
-4.958361387252807617e-06
-4.955567419528961182e-06
-4.955567419528961182e-06
-4.959292709827423096e-06
-4.919245839118957520e-06
-4.963018000125885010e-06
-4.933215677738189697e-06
-4.951842129230499268e-06
-4.969537258148193359e-06
-4.942528903484344482e-06
-4.982575774192810059e-06
-4.968605935573577881e-06
-4.945322871208190918e-06
-4.972331225872039795e-06
-5.002133548259735107e-06
-4.948116838932037354e-06
-4.935078322887420654e-06
-4.926696419715881348e-06
-4.992820322513580322e-06
-4.949979484081268311e-06
-4.916451871395111084e-06
-4.939734935760498047e-06
-4.984438419342041016e-06
-4.961155354976654053e-06
-4.966743290424346924e-06
-4.956498742103576660e-06
-4.942528903484344482e-06
-4.939734935760498047e-06
-4.992820322513580322e-06
-4.940666258335113525e-06
-4.911795258522033691e-06
-4.941597580909729004e-06
-4.967674612998962402e-06
-4.975125193595886230e-06
-4.944391548633575439e-06
-4.921108484268188477e-06
-4.958361387252807617e-06
-4.957430064678192139e-06
-4.965811967849731445e-06
-4.938803613185882568e-06
-4.961155354976654053e-06
-4.949048161506652832e-06
-4.981644451618194580e-06
-4.938803613185882568e-06
-4.919245839118957520e-06
-4.926696419715881348e-06
-4.912726581096649170e-06
-4.945322871208190918e-06
-4.921108484268188477e-06
-4.941597580909729004e-06
-4.940666258335113525e-06
-4.951842129230499268e-06
-4.947185516357421875e-06
-4.932284355163574219e-06
-4.943460226058959961e-06
-4.941597580909729004e-06
-4.946254193782806396e-06
-4.945322871208190918e-06
-4.969537258148193359e-06
-4.950910806655883789e-06
-4.924833774566650391e-06
-4.932284355163574219e-06
-4.952773451805114746e-06
-4.963949322700500488e-06
-4.940666258335113525e-06
-4.947185516357421875e-06
-4.928559064865112305e-06
-4.949048161506652832e-06
-4.948116838932037354e-06
-4.927627742290496826e-06
-4.942528903484344482e-06
-4.933215677738189697e-06
-4.945322871208190918e-06
-4.941597580909729004e-06
-4.936009645462036133e-06
-4.917383193969726562e-06
-4.955567419528961182e-06
-4.927627742290496826e-06
-4.936009645462036133e-06
-4.949979484081268311e-06
-4.935078322887420654e-06
-4.937872290611267090e-06
-4.943460226058959961e-06
-4.932284355163574219e-06
-4.949048161506652832e-06
-4.928559064865112305e-06
-4.919245839118957520e-06
-4.937872290611267090e-06
-4.927627742290496826e-06
-4.917383193969726562e-06
-4.933215677738189697e-06
-4.905276000499725342e-06
-4.944391548633575439e-06
-4.962086677551269531e-06
-4.921108484268188477e-06
-4.939734935760498047e-06
-4.922039806842803955e-06
-4.942528903484344482e-06
-4.921108484268188477e-06
-4.929490387439727783e-06
-4.898756742477416992e-06
-4.927627742290496826e-06
-4.942528903484344482e-06
-4.921108484268188477e-06
-4.938803613185882568e-06
-4.951842129230499268e-06
-4.930421710014343262e-06
-4.907138645648956299e-06
-4.935078322887420654e-06
-4.901550710201263428e-06
-4.944391548633575439e-06
-4.921108484268188477e-06
-4.924833774566650391e-06
-4.953704774379730225e-06
-4.935078322887420654e-06
-4.946254193782806396e-06
-4.930421710014343262e-06
-4.925765097141265869e-06
-4.945322871208190918e-06
-4.966743290424346924e-06
-4.925765097141265869e-06
-4.920177161693572998e-06
-4.914589226245880127e-06
-4.936009645462036133e-06
-4.917383193969726562e-06
-4.919245839118957520e-06
-4.947185516357421875e-06
-4.905276000499725342e-06
-4.930421710014343262e-06
-4.929490387439727783e-06
-4.899688065052032471e-06
-4.908069968223571777e-06
-4.932284355163574219e-06
-4.918314516544342041e-06
-4.918314516544342041e-06
-4.923902451992034912e-06
-4.933215677738189697e-06
-4.908069968223571777e-06
-4.915520548820495605e-06
-4.940666258335113525e-06
-4.912726581096649170e-06
-4.924833774566650391e-06
-4.916451871395111084e-06
-4.909001290798187256e-06
-4.953704774379730225e-06
-4.941597580909729004e-06
-4.930421710014343262e-06
-4.923902451992034912e-06
-4.925765097141265869e-06
-4.922971129417419434e-06
-4.907138645648956299e-06
-4.929490387439727783e-06
-4.929490387439727783e-06
-4.938803613185882568e-06
-4.940666258335113525e-06
-4.937872290611267090e-06
-4.913657903671264648e-06
-4.914589226245880127e-06
-4.913657903671264648e-06
-4.918314516544342041e-06
-4.909932613372802734e-06
-4.901550710201263428e-06
-4.943460226058959961e-06
-4.901550710201263428e-06
-4.934147000312805176e-06
-4.900619387626647949e-06
-4.904344677925109863e-06
-4.908069968223571777e-06
-4.925765097141265869e-06
-4.934147000312805176e-06
-4.934147000312805176e-06
-4.909001290798187256e-06
-4.925765097141265869e-06
-4.921108484268188477e-06
-4.927627742290496826e-06
-4.929490387439727783e-06
-4.895031452178955078e-06
-4.934147000312805176e-06
-4.917383193969726562e-06
-4.919245839118957520e-06
-4.932284355163574219e-06
-4.928559064865112305e-06
-4.907138645648956299e-06
-4.890374839305877686e-06
-4.923902451992034912e-06
-4.919245839118957520e-06
-4.928559064865112305e-06
-4.907138645648956299e-06
-4.934147000312805176e-06
-4.923902451992034912e-06
-4.915520548820495605e-06
-4.933215677738189697e-06
-4.930421710014343262e-06
-4.900619387626647949e-06
-4.923902451992034912e-06
-4.933215677738189697e-06
-4.909932613372802734e-06
-4.928559064865112305e-06
-4.920177161693572998e-06
-4.913657903671264648e-06
-4.909932613372802734e-06
-4.903413355350494385e-06
-4.893168807029724121e-06
-4.908069968223571777e-06
-4.904344677925109863e-06
-4.922039806842803955e-06
-4.925765097141265869e-06
-4.944391548633575439e-06
-4.926696419715881348e-06
-4.910863935947418213e-06
-4.932284355163574219e-06
-4.918314516544342041e-06
-4.915520548820495605e-06
-4.905276000499725342e-06
-4.882924258708953857e-06
-4.916451871395111084e-06
-4.933215677738189697e-06
-4.933215677738189697e-06
-4.934147000312805176e-06
-4.902482032775878906e-06
-4.895031452178955078e-06
-4.929490387439727783e-06
-4.934147000312805176e-06
-4.917383193969726562e-06
-4.933215677738189697e-06
-4.919245839118957520e-06
-4.889443516731262207e-06
-4.914589226245880127e-06
-4.919245839118957520e-06
-4.929490387439727783e-06
-4.915520548820495605e-06
-4.909932613372802734e-06
-4.940666258335113525e-06
-4.890374839305877686e-06
-4.940666258335113525e-06
-4.909001290798187256e-06
-4.947185516357421875e-06
-4.900619387626647949e-06
-4.927627742290496826e-06
-4.923902451992034912e-06
-4.909001290798187256e-06
-4.922039806842803955e-06
-4.906207323074340820e-06
-4.903413355350494385e-06
-4.926696419715881348e-06
-4.895962774753570557e-06
-4.904344677925109863e-06
-4.900619387626647949e-06
-4.895031452178955078e-06
-4.927627742290496826e-06
-4.879198968410491943e-06
-4.902482032775878906e-06
-4.921108484268188477e-06
-4.915520548820495605e-06
-4.922971129417419434e-06
-4.918314516544342041e-06
-4.929490387439727783e-06
-4.905276000499725342e-06
-4.931353032588958740e-06
-4.905276000499725342e-06
-4.902482032775878906e-06
-4.913657903671264648e-06
-4.885718226432800293e-06
-4.917383193969726562e-06
-4.926696419715881348e-06
-4.910863935947418213e-06
-4.922039806842803955e-06
-4.903413355350494385e-06
-4.909932613372802734e-06
-4.904344677925109863e-06
-4.931353032588958740e-06
-4.906207323074340820e-06
-4.922971129417419434e-06
-4.902482032775878906e-06
-4.909932613372802734e-06
-4.923902451992034912e-06
-4.916451871395111084e-06
-4.924833774566650391e-06
-4.914589226245880127e-06
-4.904344677925109863e-06
-4.909001290798187256e-06
-4.924833774566650391e-06
-4.880130290985107422e-06
-4.911795258522033691e-06
-4.936940968036651611e-06
-4.910863935947418213e-06
-4.882924258708953857e-06
-4.913657903671264648e-06
-4.916451871395111084e-06
-4.903413355350494385e-06
-4.914589226245880127e-06
-4.938803613185882568e-06
-4.877336323261260986e-06
-4.916451871395111084e-06
-4.921108484268188477e-06
-4.915520548820495605e-06
-4.921108484268188477e-06
-4.896894097328186035e-06
-4.920177161693572998e-06
-4.911795258522033691e-06
-4.908069968223571777e-06
-4.912726581096649170e-06
-4.911795258522033691e-06
-4.894100129604339600e-06
-4.906207323074340820e-06
-4.891306161880493164e-06
-4.895031452178955078e-06
-4.912726581096649170e-06
-4.925765097141265869e-06
-4.890374839305877686e-06
-4.900619387626647949e-06
-4.903413355350494385e-06
-4.936009645462036133e-06
-4.916451871395111084e-06
-4.908069968223571777e-06
-4.903413355350494385e-06
-4.924833774566650391e-06
-4.889443516731262207e-06
-4.904344677925109863e-06
-4.929490387439727783e-06
-4.903413355350494385e-06
-4.924833774566650391e-06
-4.922039806842803955e-06
-4.905276000499725342e-06
-4.901550710201263428e-06
-4.910863935947418213e-06
-4.896894097328186035e-06
-4.915520548820495605e-06
-4.939734935760498047e-06
-4.910863935947418213e-06
-4.913657903671264648e-06
-4.923902451992034912e-06
-4.909932613372802734e-06
-4.917383193969726562e-06
-4.922039806842803955e-06
-4.902482032775878906e-06
-4.877336323261260986e-06
-4.896894097328186035e-06
-4.915520548820495605e-06
-4.934147000312805176e-06
-4.919245839118957520e-06
-4.895962774753570557e-06
-4.902482032775878906e-06
-4.913657903671264648e-06
-4.883855581283569336e-06
-4.945322871208190918e-06
-4.895031452178955078e-06
-4.887580871582031250e-06
-4.923902451992034912e-06
-4.912726581096649170e-06
-4.924833774566650391e-06
-4.929490387439727783e-06
-4.888512194156646729e-06
-4.918314516544342041e-06
-4.894100129604339600e-06
-4.922039806842803955e-06
-4.881992936134338379e-06
-4.902482032775878906e-06
-4.899688065052032471e-06
-4.926696419715881348e-06
-4.898756742477416992e-06
-4.909932613372802734e-06
-4.905276000499725342e-06
-4.897825419902801514e-06
-4.904344677925109863e-06
-4.922039806842803955e-06
-4.935078322887420654e-06
-4.920177161693572998e-06
-4.900619387626647949e-06
-4.904344677925109863e-06
-4.902482032775878906e-06
-4.929490387439727783e-06
-4.909932613372802734e-06
-4.904344677925109863e-06
-4.883855581283569336e-06
-4.887580871582031250e-06
-4.928559064865112305e-06
-4.902482032775878906e-06
-4.932284355163574219e-06
-4.918314516544342041e-06
-4.904344677925109863e-06
-4.908069968223571777e-06
-4.915520548820495605e-06
-4.907138645648956299e-06
-4.926696419715881348e-06
-4.914589226245880127e-06
-4.893168807029724121e-06
-4.929490387439727783e-06
-4.873611032962799072e-06
-4.925765097141265869e-06
-4.912726581096649170e-06
-4.902482032775878906e-06
-4.917383193969726562e-06
-4.905276000499725342e-06
-4.912726581096649170e-06
-4.900619387626647949e-06
-4.892237484455108643e-06
-4.905276000499725342e-06
-4.909932613372802734e-06
-4.906207323074340820e-06
-4.905276000499725342e-06
-4.933215677738189697e-06
-4.895962774753570557e-06
-4.954636096954345703e-06
-4.911795258522033691e-06
-4.907138645648956299e-06
-4.916451871395111084e-06
-4.919245839118957520e-06
-4.921108484268188477e-06
-4.902482032775878906e-06
-4.908069968223571777e-06
-4.932284355163574219e-06
-4.924833774566650391e-06
-4.900619387626647949e-06
-4.904344677925109863e-06
-4.913657903671264648e-06
-4.901550710201263428e-06
-4.921108484268188477e-06
-4.888512194156646729e-06
-4.904344677925109863e-06
-4.921108484268188477e-06
-4.922971129417419434e-06
-4.892237484455108643e-06
-4.921108484268188477e-06
-4.895031452178955078e-06
-4.883855581283569336e-06
-4.923902451992034912e-06
-4.911795258522033691e-06
-4.923902451992034912e-06
-4.934147000312805176e-06
-4.898756742477416992e-06
-4.909001290798187256e-06
-4.911795258522033691e-06
-4.900619387626647949e-06
-4.895031452178955078e-06
-4.911795258522033691e-06
-4.910863935947418213e-06
-4.908069968223571777e-06
-4.899688065052032471e-06
-4.894100129604339600e-06
-4.892237484455108643e-06
-4.927627742290496826e-06
-4.926696419715881348e-06
-4.931353032588958740e-06
-4.909001290798187256e-06
-4.906207323074340820e-06
-4.918314516544342041e-06
-4.889443516731262207e-06
-4.927627742290496826e-06
-4.917383193969726562e-06
-4.891306161880493164e-06
-4.892237484455108643e-06
-4.900619387626647949e-06
-4.905276000499725342e-06
-4.909932613372802734e-06
-4.911795258522033691e-06
-4.908069968223571777e-06
-4.918314516544342041e-06
-4.911795258522033691e-06
-4.908069968223571777e-06
-4.919245839118957520e-06
-4.878267645835876465e-06
-4.922039806842803955e-06
-4.901550710201263428e-06
-4.922971129417419434e-06
-4.893168807029724121e-06
-4.898756742477416992e-06
-4.891306161880493164e-06
-4.913657903671264648e-06
-4.881061613559722900e-06
-4.910863935947418213e-06
-4.896894097328186035e-06
-4.911795258522033691e-06
-4.915520548820495605e-06
-4.871748387813568115e-06
-4.870817065238952637e-06
-4.921108484268188477e-06
-4.877336323261260986e-06
-4.911795258522033691e-06
-4.897825419902801514e-06
-4.897825419902801514e-06
-4.889443516731262207e-06
-4.922971129417419434e-06
