-4.992820322513580322e-06
-4.991888999938964844e-06
-5.008652806282043457e-06
-5.007721483707427979e-06
-4.991888999938964844e-06
-4.990026354789733887e-06
-4.988163709640502930e-06
-4.997476935386657715e-06
-5.003996193408966064e-06
-5.005858838558197021e-06
-4.993751645088195801e-06
-4.980713129043579102e-06
-4.975125193595886230e-06
-4.972331225872039795e-06
-5.009584128856658936e-06
-4.994682967662811279e-06
-5.008652806282043457e-06
-3.654509782791137695e-06
-2.829357981681823730e-06
-2.207234501838684082e-06
-3.566965460777282715e-07
8.940696716308593750e-07
1.857057213783264160e-06
2.399086952209472656e-06
2.328306436538696289e-06
1.670792698860168457e-06
1.093372702598571777e-06
8.074566721916198730e-07
6.621703505516052246e-07
5.438923835754394531e-07
4.861503839492797852e-07
4.014000296592712402e-07
3.250315785408020020e-07
2.849847078323364258e-07
2.272427082061767578e-07
2.561137080192565918e-07
9.825453162193298340e-07
2.328306436538696289e-06
2.925284206867218018e-06
3.275461494922637939e-06
3.663823008537292480e-06
4.146248102188110352e-06
4.428438842296600342e-06
4.714354872703552246e-06
5.009584128856658936e-06
5.067326128482818604e-06
8.563511073589324951e-06
1.076329499483108521e-05
1.258030533790588379e-05
1.422129571437835693e-05
1.603644341230392456e-05
1.780036836862564087e-05
1.964718103408813477e-05
2.172589302062988281e-05
2.356339246034622192e-05
2.671498805284500122e-05
3.024190664291381836e-05
3.403425216674804688e-05
3.742054104804992676e-05
3.521237522363662720e-05
4.245899617671966553e-05
4.669465124607086182e-05
5.718600004911422729e-05
7.340963929891586304e-05
9.377766400575637817e-05
1.262398436665534973e-04
1.760385930538177490e-04
2.339826896786689758e-04
2.968506887555122375e-04
3.592493012547492981e-04
4.271231591701507568e-04
5.011130124330520630e-04
5.816500633955001831e-04
6.667440757155418396e-04
7.521202787756919861e-04
8.367719128727912903e-04
9.206570684909820557e-04
1.003572717308998108e-03
1.084183342754840851e-03
1.163365319371223450e-03
1.239814795553684235e-03
1.314321532845497131e-03
1.387166790664196014e-03
1.458334736526012421e-03
1.528215594589710236e-03
1.587223261594772339e-03
1.631240360438823700e-03
1.664914190769195557e-03
1.688612625002861023e-03
1.700179651379585266e-03
1.702542416751384735e-03
1.699202693998813629e-03
1.696334220468997955e-03
1.694117672741413116e-03
1.692215912044048309e-03
1.690512523055076599e-03
1.689054071903228760e-03
1.687667332589626312e-03
1.686476171016693115e-03
1.685352064669132233e-03
1.684324815869331360e-03
1.683338545262813568e-03
1.682496629655361176e-03
1.681596040725708008e-03
1.680796034634113312e-03
1.680048182606697083e-03
1.679311506450176239e-03
1.678633503615856171e-03
1.677953638136386871e-03
1.677271910011768341e-03
1.676692627370357513e-03
1.676114276051521301e-03
1.675581559538841248e-03
1.675081439316272736e-03
1.674538478255271912e-03
1.674040220677852631e-03
1.673552207648754120e-03
1.673119142651557922e-03
1.672658137977123260e-03
1.672183163464069366e-03
1.671761274337768555e-03
1.671362668275833130e-03
1.670978963375091553e-03
1.670537516474723816e-03
1.670173369348049164e-03
1.666365191340446472e-03
1.648016273975372314e-03
1.610138453543186188e-03
1.567263156175613403e-03
1.524872146546840668e-03
1.481359824538230896e-03
1.438987441360950470e-03
1.396075822412967682e-03
1.354494132101535797e-03
1.313468441367149353e-03
1.273014582693576813e-03
1.233612187206745148e-03
1.193800941109657288e-03
1.155056059360504150e-03
1.116832718253135681e-03
1.078587956726551056e-03
1.041266135871410370e-03
1.003820449113845825e-03
9.671691805124282837e-04
9.306436404585838318e-04
8.946843445301055908e-04
8.596852421760559082e-04
8.250093087553977966e-04
7.906015962362289429e-04
7.574344053864479065e-04
7.240464910864830017e-04
6.922967731952667236e-04
6.606215611100196838e-04
6.292704492807388306e-04
6.027780473232269287e-04
5.754707381129264832e-04
5.459338426589965820e-04
5.164043977856636047e-04
4.873527213931083679e-04
4.585534334182739258e-04
4.312936216592788696e-04
4.055276513099670410e-04
3.803428262472152710e-04
3.561880439519882202e-04
3.330325707793235779e-04
3.119399771094322205e-04
2.907952293753623962e-04
2.715121954679489136e-04
2.530431374907493591e-04
2.353340387344360352e-04
2.177050337195396423e-04
2.002548426389694214e-04
1.835171133279800415e-04
1.659020781517028809e-04
1.491289585828781128e-04
1.321304589509963989e-04
1.166732981801033020e-04
1.015048474073410034e-04
8.774362504482269287e-05
7.588881999254226685e-05
6.516650319099426270e-05
5.578249692916870117e-05
4.815403372049331665e-05
4.369299858808517456e-05
4.093069583177566528e-05
3.970973193645477295e-05
3.879517316818237305e-05
3.717467188835144043e-05
3.517791628837585449e-05
3.369059413671493530e-05
3.262795507907867432e-05
3.073271363973617554e-05
2.860743552446365356e-05
2.619065344333648682e-05
2.285186201333999634e-05
2.017524093389511108e-05
1.745391637086868286e-05
1.568812876939773560e-05
1.432932913303375244e-05
1.337658613920211792e-05
1.201778650283813477e-05
1.039449125528335571e-05
8.816830813884735107e-06
6.501562893390655518e-06
5.050562322139739990e-06
3.945082426071166992e-06
2.802349627017974854e-06
1.760199666023254395e-06
7.105991244316101074e-07
-5.364418029785156250e-07
-1.603737473487854004e-06
-4.305504262447357178e-06
-4.988163709640502930e-06
-4.989095032215118408e-06
-4.985369741916656494e-06
-4.984438419342041016e-06
-4.996545612812042236e-06
-4.994682967662811279e-06
-4.998408257961273193e-06
-4.996545612812042236e-06
-4.994682967662811279e-06
-4.973262548446655273e-06
-5.005858838558197021e-06
-4.978850483894348145e-06
-4.962086677551269531e-06
-4.997476935386657715e-06
-5.007721483707427979e-06
-5.007721483707427979e-06
-4.969537258148193359e-06
