-8.348375558853149414e-06
-8.339062333106994629e-06
-8.347444236278533936e-06
-8.326023817062377930e-06
-8.326955139636993408e-06
-8.347444236278533936e-06
-8.352100849151611328e-06
-8.331611752510070801e-06
-8.337199687957763672e-06
-8.334405720233917236e-06
-8.324161171913146973e-06
-8.307397365570068359e-06
-8.317641913890838623e-06
-8.329749107360839844e-06
-8.335337042808532715e-06
-8.333474397659301758e-06
-8.314847946166992188e-06
-7.685273885726928711e-06
-6.950460374355316162e-06
-6.399117410182952881e-06
-5.679205060005187988e-06
-4.294328391551971436e-06
-3.416091203689575195e-06
-2.853572368621826172e-06
-2.633780241012573242e-06
-2.974644303321838379e-06
-3.543682396411895752e-06
-3.827735781669616699e-06
-3.986060619354248047e-06
-4.064291715621948242e-06
-4.099681973457336426e-06
-4.179775714874267578e-06
-4.215165972709655762e-06
-4.248693585395812988e-06
-4.285946488380432129e-06
-4.294328391551971436e-06
-4.175119102001190186e-06
-3.047287464141845703e-06
-2.409331500530242920e-06
-2.111308276653289795e-06
-1.828186213970184326e-06
-1.488253474235534668e-06
-1.151114702224731445e-06
-1.022592186927795410e-06
-8.055940270423889160e-07
-6.714835762977600098e-07
1.024454832077026367e-08
2.897344529628753662e-06
4.482455551624298096e-06
5.710870027542114258e-06
7.079914212226867676e-06
8.482486009597778320e-06
9.733252227306365967e-06
1.134723424911499023e-05
1.276191323995590210e-05
1.452490687370300293e-05
1.730863004922866821e-05
1.996941864490509033e-05
2.269074320793151855e-05
2.483185380697250366e-05
2.603232860565185547e-05
2.903584390878677368e-05
3.490038216114044189e-05
4.501827061176300049e-05
5.909055471420288086e-05
7.780455052852630615e-05
1.106457784771919250e-04
1.519061625003814697e-04
1.985225826501846313e-04
2.464149147272109985e-04
2.956734970211982727e-04
3.499677404761314392e-04
4.089279100298881531e-04
4.724236205220222473e-04
5.378015339374542236e-04
6.025889888405799866e-04
6.669526919722557068e-04
7.304139435291290283e-04
7.929643616080284119e-04
8.539669215679168701e-04
9.132307022809982300e-04
9.709196165204048157e-04
1.027060672640800476e-03
1.081912778317928314e-03
1.136536709964275360e-03
1.186308450996875763e-03
1.224888488650321960e-03
1.254220493137836456e-03
1.276330091059207916e-03
1.289247535169124603e-03
1.294445246458053589e-03
1.293146051466464996e-03
1.290561631321907043e-03
1.288723200559616089e-03
1.287163235247135162e-03
1.285810954868793488e-03
1.284621655941009521e-03
1.283518970012664795e-03
1.282580196857452393e-03
1.281647011637687683e-03
1.280833035707473755e-03
1.280044205486774445e-03
1.279284246265888214e-03
1.278609037399291992e-03
1.277972012758255005e-03
1.277359202504158020e-03
1.276806928217411041e-03
1.276251859962940216e-03
1.275774091482162476e-03
1.275254413485527039e-03
1.274830661714076996e-03
1.274338923394680023e-03
1.273930072784423828e-03
1.273472793400287628e-03
1.273061148822307587e-03
1.272655092179775238e-03
1.272292807698249817e-03
1.271934248507022858e-03
1.271572895348072052e-03
1.271260902285575867e-03
1.270945183932781219e-03
1.270620152354240417e-03
1.270326785743236542e-03
1.270004548132419586e-03
1.269741915166378021e-03
1.269226893782615662e-03
1.261519268155097961e-03
1.238805241882801056e-03
1.206347718834877014e-03
1.174107193946838379e-03
1.140946522355079651e-03
1.108495518565177917e-03
1.075589098036289215e-03
1.043464988470077515e-03
1.011824235320091248e-03
9.807180613279342651e-04
9.504146873950958252e-04
9.200349450111389160e-04
8.900742977857589722e-04
8.606323972344398499e-04
8.314829319715499878e-04
8.028503507375717163e-04
7.738349959254264832e-04
7.458347827196121216e-04
7.178336381912231445e-04
6.902962923049926758e-04
6.634518504142761230e-04
6.363494321703910828e-04
6.104446947574615479e-04
5.845464766025543213e-04
5.591064691543579102e-04
5.345894023776054382e-04
5.103759467601776123e-04
4.862556234002113342e-04
4.632184281945228577e-04
4.448164254426956177e-04
4.220902919769287109e-04
3.996836021542549133e-04
3.770338371396064758e-04
3.550024703145027161e-04
3.337953239679336548e-04
3.134189173579216003e-04
2.945279702544212341e-04
2.751648426055908203e-04
2.573272213339805603e-04
2.406490966677665710e-04
2.243546769022941589e-04
2.093221992254257202e-04
1.946706324815750122e-04
1.811664551496505737e-04
1.674909144639968872e-04
1.542717218399047852e-04
1.412667334079742432e-04
1.281071454286575317e-04
1.150770112872123718e-04
1.021437346935272217e-04
8.981302380561828613e-05
7.816497236490249634e-05
6.719678640365600586e-05
5.734246224164962769e-05
4.893541336059570312e-05
4.116911441087722778e-05
3.485474735498428345e-05
3.013387322425842285e-05
2.749171108007431030e-05
2.611521631479263306e-05
2.541113644838333130e-05
2.448726445436477661e-05
2.302601933479309082e-05
2.163834869861602783e-05
2.073496580123901367e-05
1.973286271095275879e-05
1.812633126974105835e-05
1.632049679756164551e-05
1.413002610206604004e-05
1.202523708343505859e-05
9.900890290737152100e-06
8.138827979564666748e-06
6.985850632190704346e-06
6.101094186305999756e-06
5.294568836688995361e-06
3.978610038757324219e-06
2.936460077762603760e-06
1.269392669200897217e-06
-1.778826117515563965e-07
-1.063570380210876465e-06
-1.893378794193267822e-06
-2.748332917690277100e-06
-3.523193299770355225e-06
-4.348345100879669189e-06
-5.383044481277465820e-06
-6.732530891895294189e-06
-8.244067430496215820e-06
-8.270144462585449219e-06
-8.266419172286987305e-06
-8.269213140010833740e-06
-8.281320333480834961e-06
-8.274801075458526611e-06
-8.306466042995452881e-06
-8.267350494861602783e-06
-8.263625204563140869e-06
-8.271075785160064697e-06
-8.272007107734680176e-06
-8.288770914077758789e-06
-8.261762559413909912e-06
-8.310191333293914795e-06
-8.260831236839294434e-06
-8.302740752696990967e-06
-8.288770914077758789e-06
-8.288770914077758789e-06
