-4.591420292854309082e-06
-4.598870873451232910e-06
-4.591420292854309082e-06
-4.571862518787384033e-06
-4.589557647705078125e-06
-4.577450454235076904e-06
-4.581175744533538818e-06
-4.616566002368927002e-06
-4.567205905914306641e-06
-4.608184099197387695e-06
-4.608184099197387695e-06
-4.593282938003540039e-06
-4.567205905914306641e-06
-4.575587809085845947e-06
-4.579313099384307861e-06
-4.578381776809692383e-06
-4.573725163936614990e-06
-4.574656486511230469e-06
-4.562549293041229248e-06
-4.570931196212768555e-06
-4.576519131660461426e-06
-4.583038389682769775e-06
-4.597008228302001953e-06
-4.567205905914306641e-06
-4.590488970279693604e-06
-4.574656486511230469e-06
-4.592351615428924561e-06
-4.590488970279693604e-06
-4.583969712257385254e-06
-4.576519131660461426e-06
-4.579313099384307861e-06
-4.596076905727386475e-06
-4.556030035018920898e-06
-4.584901034832000732e-06
-4.592351615428924561e-06
-4.601664841175079346e-06
-4.571862518787384033e-06
-4.591420292854309082e-06
-4.597939550876617432e-06
-4.580244421958923340e-06
-4.583969712257385254e-06
-4.570931196212768555e-06
-4.585832357406616211e-06
-4.586763679981231689e-06
-4.571862518787384033e-06
-4.569068551063537598e-06
-4.580244421958923340e-06
-4.596076905727386475e-06
-4.584901034832000732e-06
-4.588626325130462646e-06
-4.586763679981231689e-06
-4.574656486511230469e-06
-4.589557647705078125e-06
-4.581175744533538818e-06
-4.569999873638153076e-06
-4.574656486511230469e-06
-4.565343260765075684e-06
-4.574656486511230469e-06
-4.558824002742767334e-06
-4.572793841361999512e-06
-4.589557647705078125e-06
-4.575587809085845947e-06
-4.582107067108154297e-06
-4.593282938003540039e-06
-4.594214260578155518e-06
-4.637055099010467529e-06
-4.577450454235076904e-06
-4.593282938003540039e-06
-4.573725163936614990e-06
-4.561617970466613770e-06
-4.574656486511230469e-06
-3.715977072715759277e-06
-1.670792698860168457e-06
-1.413747668266296387e-06
1.858919858932495117e-06
2.409331500530242920e-06
3.091990947723388672e-06
5.710870027542114258e-06
9.316019713878631592e-06
1.401919871568679810e-05
2.070236951112747192e-05
2.536363899707794189e-05
2.995133399963378906e-05
3.165006637573242188e-05
3.084540367126464844e-05
3.038626164197921753e-05
3.013946115970611572e-05
2.997089177370071411e-05
2.982094883918762207e-05
2.974271774291992188e-05
2.966448664665222168e-05
2.958346158266067505e-05
2.950243651866912842e-05
2.943165600299835205e-05
2.937670797109603882e-05
2.931058406829833984e-05
2.926401793956756592e-05
2.923700958490371704e-05
2.922117710113525391e-05
2.916157245635986328e-05
2.914853394031524658e-05
2.910010516643524170e-05
2.910476177930831909e-05
2.918206155300140381e-05
3.130827099084854126e-05
3.471225500106811523e-05
3.617256879806518555e-05
3.850366920232772827e-05
4.156026989221572876e-05
4.476495087146759033e-05
4.904065281152725220e-05
5.450658500194549561e-05
6.116088479757308960e-05
6.825476884841918945e-05
7.660686969757080078e-05
8.548516780138015747e-05
9.508524090051651001e-05
1.062359660863876343e-04
1.238407567143440247e-04
1.449594274163246155e-04
1.685991883277893066e-04
1.937849447131156921e-04
2.206386998295783997e-04
2.486770972609519958e-04
2.778172492980957031e-04
3.067329525947570801e-04
3.354372456669807434e-04
3.648390993475914001e-04
3.941729664802551270e-04
4.229461774230003357e-04
4.505161195993423462e-04
4.764571785926818848e-04
5.027595907449722290e-04
5.326000973582267761e-04
5.623763427138328552e-04
5.914298817515373230e-04
6.192019209265708923e-04
6.472440436482429504e-04
6.750142201781272888e-04
7.012560963630676270e-04
7.273666560649871826e-04
7.532378658652305603e-04
7.782950997352600098e-04
8.023809641599655151e-04
8.242586627602577209e-04
8.457852527499198914e-04
8.672829717397689819e-04
8.880114182829856873e-04
9.086746722459793091e-04
9.289560839533805847e-04
9.484365582466125488e-04
9.683184325695037842e-04
9.874263778328895569e-04
1.005806028842926025e-03
1.024467870593070984e-03
1.042141579091548920e-03
1.059941947460174561e-03
1.077196560800075531e-03
1.094647683203220367e-03
1.112516969442367554e-03
1.128886826336383820e-03
1.145468093454837799e-03
1.162350177764892578e-03
1.177461817860603333e-03
1.193391159176826477e-03
1.209529116749763489e-03
1.225462183356285095e-03
1.240607351064682007e-03
1.255827024579048157e-03
1.271337270736694336e-03
1.285898499190807343e-03
1.300873234868049622e-03
1.315514557063579559e-03
1.330137252807617188e-03
1.344297081232070923e-03
1.358324661850929260e-03
1.372736878693103790e-03
1.386597752571105957e-03
1.400567591190338135e-03
1.413658261299133301e-03
1.426703296601772308e-03
1.439578831195831299e-03
1.453555189073085785e-03
1.467232592403888702e-03
1.480569131672382355e-03
1.494349911808967590e-03
1.507593318819999695e-03
1.520797610282897949e-03
1.532961614429950714e-03
1.545930281281471252e-03
1.558705233037471771e-03
1.571795903146266937e-03
1.584133133292198181e-03
1.597627066075801849e-03
1.610905863344669342e-03
1.624082215130329132e-03
1.635989174246788025e-03
1.648910343647003174e-03
1.661308109760284424e-03
1.674176193773746490e-03
1.685740426182746887e-03
1.697626896202564240e-03
1.708959229290485382e-03
1.720065250992774963e-03
1.730074174702167511e-03
1.740827225148677826e-03
1.751043833792209625e-03
1.760739833116531372e-03
1.769442111253738403e-03
1.778741367161273956e-03
1.788058318197727203e-03
1.797248609364032745e-03
1.805580221116542816e-03
1.813825219869613647e-03
1.822351478040218353e-03
1.830362714827060699e-03
1.838585361838340759e-03
1.845781691372394562e-03
1.853746362030506134e-03
1.861340366303920746e-03
1.868944615125656128e-03
1.876124180853366852e-03
1.883400604128837585e-03
1.890963874757289886e-03
1.898130401968955994e-03
1.905175857245922089e-03
1.911687664687633514e-03
1.919335685670375824e-03
1.926663331687450409e-03
1.933443360030651093e-03
1.940117217600345612e-03
1.945993863046169281e-03
1.953012309968471527e-03
1.960107125341892242e-03
1.966854557394981384e-03
1.973264850676059723e-03
1.978825777769088745e-03
1.985424198210239410e-03
1.992167904973030090e-03
1.998769119381904602e-03
2.005378715693950653e-03
2.011314965784549713e-03
2.017579041421413422e-03
2.023507840931415558e-03
2.029307186603546143e-03
2.035280689597129822e-03
2.040407620370388031e-03
2.045954577624797821e-03
2.051704563200473785e-03
2.056878991425037384e-03
2.062390558421611786e-03
2.067819237709045410e-03
2.072944305837154388e-03
2.079185098409652710e-03
2.084843814373016357e-03
2.089706249535083771e-03
2.094912342727184296e-03
2.100011333823204041e-03
2.105559222400188446e-03
2.111203968524932861e-03
2.115854062139987946e-03
2.120483666658401489e-03
2.125042490661144257e-03
2.129613421857357025e-03
2.135355956852436066e-03
2.140984870493412018e-03
2.151164226233959198e-03
2.170270308852195740e-03
2.186531201004981995e-03
2.201500348746776581e-03
2.218477427959442139e-03
2.236745320260524750e-03
2.253996208310127258e-03
2.271360717713832855e-03
2.288653515279293060e-03
2.303364686667919159e-03
2.318470738828182220e-03
2.336262725293636322e-03
2.354373224079608917e-03
2.369301393628120422e-03
2.384829334914684296e-03
2.399172633886337280e-03
2.412974834442138672e-03
2.427256666123867035e-03
2.443158067762851715e-03
2.459282055497169495e-03
2.473282627761363983e-03
2.486940473318099976e-03
2.500756643712520599e-03
2.512889914214611053e-03
2.523113973438739777e-03
2.534643746912479401e-03
2.545881085097789764e-03
2.555045299232006073e-03
2.560829743742942810e-03
2.563423477113246918e-03
2.560988068580627441e-03
2.563877031207084656e-03
2.562775276601314545e-03
2.560789696872234344e-03
2.558831125497817993e-03
2.557030878961086273e-03
2.555415965616703033e-03
2.553901635110378265e-03
2.552533522248268127e-03
2.551270648837089539e-03
2.550098113715648651e-03
2.548985183238983154e-03
2.547932788729667664e-03
2.546983771026134491e-03
2.546045929193496704e-03
2.545167692005634308e-03
2.544311806559562683e-03
2.543518319725990295e-03
2.542726695537567139e-03
2.541961148381233215e-03
2.541248686611652374e-03
2.540507353842258453e-03
2.539802342653274536e-03
2.539160661399364471e-03
2.538518980145454407e-03
2.537903375923633575e-03
2.537324093282222748e-03
2.536735497415065765e-03
2.536181360483169556e-03
2.535653300583362579e-03
2.535110339522361755e-03
2.534575760364532471e-03
2.534082159399986267e-03
2.533603459596633911e-03
2.533107064664363861e-03
2.532613463699817657e-03
2.532147802412509918e-03
2.531576901674270630e-03
2.530977129936218262e-03
2.530522644519805908e-03
2.529996447265148163e-03
2.529459074139595032e-03
2.528942190110683441e-03
2.528407610952854156e-03
2.527935430407524109e-03
2.527412958443164825e-03
2.526940777897834778e-03
2.526490017771720886e-03
2.526004798710346222e-03
2.525584772229194641e-03
2.525132149457931519e-03
2.524705603718757629e-03
2.524291165173053741e-03
2.523874863982200623e-03
2.523399889469146729e-03
2.522501163184642792e-03
2.513175830245018005e-03
2.501584589481353760e-03
2.488566562533378601e-03
2.473354339599609375e-03
2.453193068504333496e-03
2.425659447908401489e-03
2.395273186266422272e-03
2.364710904657840729e-03
2.329322509467601776e-03
2.292459830641746521e-03
2.252385951578617096e-03
2.207034267485141754e-03
2.162662334740161896e-03
2.115200273692607880e-03
2.072289586067199707e-03
2.050003036856651306e-03
2.026909030973911285e-03
2.001960761845111847e-03
1.976410858333110809e-03
1.949598081409931183e-03
1.921782270073890686e-03
1.893057487905025482e-03
1.862723380327224731e-03
1.831483095884323120e-03
1.798934303224086761e-03
1.765049993991851807e-03
1.730657182633876801e-03
1.694374717772006989e-03
1.657120883464813232e-03
1.619059592485427856e-03
1.579640433192253113e-03
1.540174707770347595e-03
1.500829122960567474e-03
1.462411135435104370e-03
1.423905603587627411e-03
1.386210322380065918e-03
1.348689198493957520e-03
1.312040723860263824e-03
1.281538978219032288e-03
1.246823929250240326e-03
1.211683265864849091e-03
1.177824102342128754e-03
1.143153756856918335e-03
1.109179109334945679e-03
1.074520871043205261e-03
1.040578819811344147e-03
1.006490550935268402e-03
9.727478027343750000e-04
9.396942332386970520e-04
9.066648781299591064e-04
8.747838437557220459e-04
8.443277329206466675e-04
8.129868656396865845e-04
7.814560085535049438e-04
7.507437840104103088e-04
7.200548425316810608e-04
6.884718313813209534e-04
6.576376035809516907e-04
6.261691451072692871e-04
5.945814773440361023e-04
5.640117451548576355e-04
5.330862477421760559e-04
5.011595785617828369e-04
4.685791209340095520e-04
4.357006400823593140e-04
4.020649939775466919e-04
3.664251416921615601e-04
3.307480365037918091e-04
2.939458936452865601e-04
2.575144171714782715e-04
2.229325473308563232e-04
1.907413825392723083e-04
1.586340367794036865e-04
1.254752278327941895e-04
9.545404464006423950e-05
6.972067058086395264e-05
4.987418651580810547e-05
3.539118915796279907e-05
2.341251820325851440e-05
1.406949013471603394e-05
9.334646165370941162e-06
3.822147846221923828e-06
3.117136657238006592e-06
2.775341272354125977e-07
-2.097338438034057617e-06
-4.239380359649658203e-06
-4.579313099384307861e-06
-4.583969712257385254e-06
-4.576519131660461426e-06
-4.549510776996612549e-06
-4.590488970279693604e-06
-4.569068551063537598e-06
-4.578381776809692383e-06
-4.599802196025848389e-06
-4.579313099384307861e-06
-4.571862518787384033e-06
-4.575587809085845947e-06
-4.592351615428924561e-06
-4.576519131660461426e-06
-4.564411938190460205e-06
