-8.271075785160064697e-06
-8.249655365943908691e-06
-8.278526365756988525e-06
-8.244998753070831299e-06
-8.259899914264678955e-06
-8.236616849899291992e-06
-8.268281817436218262e-06
-8.227303624153137207e-06
-8.236616849899291992e-06
-8.252449333667755127e-06
-8.258037269115447998e-06
-8.236616849899291992e-06
-8.258037269115447998e-06
-8.240342140197753906e-06
-8.258037269115447998e-06
-8.247792720794677734e-06
-8.275732398033142090e-06
-8.280389010906219482e-06
-8.250586688518524170e-06
-8.257105946540832520e-06
-8.223578333854675293e-06
-8.271075785160064697e-06
-8.237548172473907471e-06
-8.270144462585449219e-06
-8.283182978630065918e-06
-8.274801075458526611e-06
-8.242204785346984863e-06
-8.265487849712371826e-06
-8.259899914264678955e-06
-8.235685527324676514e-06
-8.258968591690063477e-06
-8.260831236839294434e-06
-8.261762559413909912e-06
-8.247792720794677734e-06
-8.245930075645446777e-06
-8.266419172286987305e-06
-8.258037269115447998e-06
-8.263625204563140869e-06
-8.257105946540832520e-06
-8.264556527137756348e-06
-8.251518011093139648e-06
-8.252449333667755127e-06
-8.254311978816986084e-06
-8.267350494861602783e-06
-8.243136107921600342e-06
-8.241273462772369385e-06
-8.231960237026214600e-06
-8.252449333667755127e-06
-8.249655365943908691e-06
-8.264556527137756348e-06
-8.277595043182373047e-06
-8.267350494861602783e-06
-8.242204785346984863e-06
-8.255243301391601562e-06
-8.253380656242370605e-06
-8.276663720607757568e-06
-8.266419172286987305e-06
-8.235685527324676514e-06
-8.243136107921600342e-06
-8.242204785346984863e-06
-8.230097591876983643e-06
-8.277595043182373047e-06
-8.275732398033142090e-06
-8.258037269115447998e-06
-8.230097591876983643e-06
-8.234754204750061035e-06
-8.241273462772369385e-06
-8.270144462585449219e-06
-8.256174623966217041e-06
-8.261762559413909912e-06
-8.280389010906219482e-06
-8.252449333667755127e-06
-6.744638085365295410e-06
-5.899928510189056396e-06
-5.465932190418243408e-06
-3.050081431865692139e-06
-2.769753336906433105e-06
-1.768581569194793701e-06
1.041218638420104980e-06
3.661029040813446045e-06
8.727423846721649170e-06
1.270137727260589600e-05
1.632608473300933838e-05
1.896917819976806641e-05
1.927372068166732788e-05
1.855846494436264038e-05
1.832097768783569336e-05
1.817289739847183228e-05
1.802109181880950928e-05
1.796521246433258057e-05
1.791585236787796021e-05
1.782178878784179688e-05
1.777336001396179199e-05
1.771096140146255493e-05
1.766812056303024292e-05
1.764018088579177856e-05
1.758709549903869629e-05
1.755543053150177002e-05
1.751817762851715088e-05
1.751258969306945801e-05
1.748930662870407104e-05
1.747161149978637695e-05
1.744274049997329712e-05
1.743808388710021973e-05
1.769326627254486084e-05
2.084020525217056274e-05
2.224836498498916626e-05
2.364814281463623047e-05
2.576410770416259766e-05
2.815481275320053101e-05
3.087427467107772827e-05
3.456417471170425415e-05
3.925338387489318848e-05
4.462338984012603760e-05
5.037616938352584839e-05
5.704723298549652100e-05
6.414763629436492920e-05
7.181148976087570190e-05
8.241832256317138672e-05
9.769666939973831177e-05
1.147212460637092590e-04
1.332769170403480530e-04
1.531904563307762146e-04
1.741629093885421753e-04
1.958804205060005188e-04
2.183131873607635498e-04
2.401666715741157532e-04
2.624960616230964661e-04
2.850210294127464294e-04
3.072824329137802124e-04
3.286385908722877502e-04
3.492431715130805969e-04
3.681732341647148132e-04
3.902399912476539612e-04
4.130611196160316467e-04
4.359083250164985657e-04
4.575587809085845947e-04
4.785126075148582458e-04
4.999013617634773254e-04
5.206391215324401855e-04
5.406523123383522034e-04
5.605677142739295959e-04
5.797753110527992249e-04
5.988040938973426819e-04
6.165560334920883179e-04
6.327973678708076477e-04
6.490144878625869751e-04
6.655957549810409546e-04
6.812363862991333008e-04
6.966544315218925476e-04
7.122103124856948853e-04
7.271682843565940857e-04
7.418356835842132568e-04
7.565179839730262756e-04
7.704161107540130615e-04
7.843216881155967712e-04
7.981630042195320129e-04
8.110878989100456238e-04
8.246162906289100647e-04
8.381726220250129700e-04
8.510770276188850403e-04
8.638249710202217102e-04
8.765570819377899170e-04
8.888738229870796204e-04
9.005684405565261841e-04
9.127538651227951050e-04
9.253900498151779175e-04
9.368257597088813782e-04
9.486805647611618042e-04
9.603444486856460571e-04
9.718760848045349121e-04
9.831395000219345093e-04
9.943386539816856384e-04
1.005802303552627563e-03
1.016600988805294037e-03
1.027523539960384369e-03
1.038231886923313141e-03
1.049113459885120392e-03
1.059763133525848389e-03
1.070050522685050964e-03
1.080126501619815826e-03
1.089758239686489105e-03
1.100257039070129395e-03
1.110740937292575836e-03
1.121200621128082275e-03
1.131374388933181763e-03
1.141924411058425903e-03
1.151883974671363831e-03
1.161677762866020203e-03
1.171112060546875000e-03
1.181062310934066772e-03
1.190971583127975464e-03
1.200656406581401825e-03
1.210452988743782043e-03
1.220826059579849243e-03
1.231038011610507965e-03
1.240473240613937378e-03
1.249959692358970642e-03
1.259674318134784698e-03
1.269440166652202606e-03
1.278746873140335083e-03
1.287675462663173676e-03
1.296676695346832275e-03
1.305242069065570831e-03
1.313288696110248566e-03
1.321145333349704742e-03
1.329357735812664032e-03
1.336975954473018646e-03
1.343997195363044739e-03
1.350739039480686188e-03
1.358102075755596161e-03
1.365075819194316864e-03
1.372040249407291412e-03
1.378107815980911255e-03
1.384738832712173462e-03
1.391006633639335632e-03
1.397360116243362427e-03
1.403138041496276855e-03
1.408992335200309753e-03
1.414976082742214203e-03
1.420742832124233246e-03
1.426532864570617676e-03
1.431895419955253601e-03
1.437697559595108032e-03
1.443328335881233215e-03
1.448898576200008392e-03
1.453912816941738129e-03
1.459241844713687897e-03
1.465229317545890808e-03
1.470483839511871338e-03
1.475731842219829559e-03
1.480472274124622345e-03
1.485352404415607452e-03
1.490931026637554169e-03
1.496147364377975464e-03
1.501333899796009064e-03
1.505766063928604126e-03
1.510399393737316132e-03
1.515593379735946655e-03
1.520605757832527161e-03
1.525830477476119995e-03
1.530627720057964325e-03
1.535272225737571716e-03
1.539968885481357574e-03
1.544432714581489563e-03
1.549012027680873871e-03
1.553306356072425842e-03
1.557216048240661621e-03
1.561677083373069763e-03
1.565886661410331726e-03
1.569888554513454437e-03
1.574181951582431793e-03
1.578155905008316040e-03
1.582538709044456482e-03
1.587308943271636963e-03
1.591099426150321960e-03
1.595123670995235443e-03
1.599019393324851990e-03
1.603032462298870087e-03
1.607457175850868225e-03
1.611490733921527863e-03
1.614809967577457428e-03
1.618422567844390869e-03
1.621927134692668915e-03
1.625846140086650848e-03
1.630333252251148224e-03
1.634295098483562469e-03
1.636062748730182648e-03
1.637325622141361237e-03
1.638649962842464447e-03
1.640238799154758453e-03
1.642280258238315582e-03
1.644311472773551941e-03
1.646169461309909821e-03
1.648211851716041565e-03
1.650056801736354828e-03
1.651559025049209595e-03
1.653565093874931335e-03
1.655849628150463104e-03
1.657743938267230988e-03
1.659444533288478851e-03
1.661126501858234406e-03
1.662690192461013794e-03
1.664278097450733185e-03
1.666075550019741058e-03
1.668062992393970490e-03
1.669880934059619904e-03
1.671361736953258514e-03
1.673070713877677917e-03
1.674536615610122681e-03
1.675827428698539734e-03
1.676838845014572144e-03
1.678139902651309967e-03
1.679322682321071625e-03
1.680104061961174011e-03
1.680230721831321716e-03
1.679343171417713165e-03
1.678927801549434662e-03
1.678739674389362335e-03
1.678016036748886108e-03
1.677308231592178345e-03
1.676645129919052124e-03
1.676033250987529755e-03
1.675464212894439697e-03
1.674926839768886566e-03
1.674441620707511902e-03
1.673975028097629547e-03
1.673531718552112579e-03
1.673123799264431000e-03
1.672736369073390961e-03
1.672362908720970154e-03
1.671983860433101654e-03
1.671664416790008545e-03
1.671340316534042358e-03
1.670960336923599243e-03
1.670675352215766907e-03
1.670362427830696106e-03
1.670063473284244537e-03
1.669775694608688354e-03
1.669540069997310638e-03
1.669212244451045990e-03
1.668971031904220581e-03
1.668721437454223633e-03
1.668477430939674377e-03
1.668252050876617432e-03
1.668031327426433563e-03
1.667785458266735077e-03
1.667531207203865051e-03
1.667339354753494263e-03
1.667100004851818085e-03
1.666904427111148834e-03
1.666696742177009583e-03
1.666464842855930328e-03
1.666266471147537231e-03
1.666066236793994904e-03
1.665857620537281036e-03
1.665644347667694092e-03
1.665450632572174072e-03
1.665233634412288666e-03
1.665062271058559418e-03
1.664878800511360168e-03
1.664675772190093994e-03
1.664469949901103973e-03
1.664254814386367798e-03
1.664133742451667786e-03
1.663922332227230072e-03
1.663750968873500824e-03
1.663614064455032349e-03
1.663438975811004639e-03
1.663241535425186157e-03
1.663079485297203064e-03
1.662909053266048431e-03
1.661857590079307556e-03
1.660108566284179688e-03
1.658078283071517944e-03
1.655623316764831543e-03
1.652494072914123535e-03
1.648356206715106964e-03
1.643208786845207214e-03
1.638008281588554382e-03
1.632334664463996887e-03
1.625920645892620087e-03
1.619369722902774811e-03
1.611614599823951721e-03
1.603563316166400909e-03
1.594820991158485413e-03
1.585548743605613708e-03
1.570451073348522186e-03
1.552906818687915802e-03
1.534599810838699341e-03
1.515072770416736603e-03
1.494824886322021484e-03
1.473558135330677032e-03
1.451936550438404083e-03
1.428886316716670990e-03
1.405250281095504761e-03
1.380577683448791504e-03
1.355201937258243561e-03
1.328888349235057831e-03
1.301683485507965088e-03
1.273252069950103760e-03
1.244200393557548523e-03
1.214490272104740143e-03
1.184151507914066315e-03
1.153932884335517883e-03
1.123550347983837128e-03
1.094317995011806488e-03
1.065314747393131256e-03
1.036195084452629089e-03
1.007734797894954681e-03
9.819613769650459290e-04
9.573455899953842163e-04
9.304545819759368896e-04
9.042844176292419434e-04
8.777445182204246521e-04
8.517932146787643433e-04
8.258139714598655701e-04
7.991027086973190308e-04
7.730545476078987122e-04
7.476620376110076904e-04
7.217777892947196960e-04
6.965696811676025391e-04
6.720814853906631470e-04
6.483169272541999817e-04
6.246985867619514465e-04
6.012236699461936951e-04
5.774656310677528381e-04
5.539190024137496948e-04
5.306983366608619690e-04
5.066366866230964661e-04
4.830947145819664001e-04
4.591895267367362976e-04
4.356699064373970032e-04
4.121232777833938599e-04
3.882227465510368347e-04
3.641378134489059448e-04
3.388887271285057068e-04
3.135716542601585388e-04
2.875793725252151489e-04
2.604862675070762634e-04
2.325326204299926758e-04
2.045342698693275452e-04
1.781350001692771912e-04
1.524183899164199829e-04
1.279413700103759766e-04
1.030582934617996216e-04
7.886439561843872070e-05
5.760230123996734619e-05
3.972742706537246704e-05
2.732221037149429321e-05
1.785159111022949219e-05
8.441507816314697266e-06
4.103407263755798340e-06
-1.564621925354003906e-07
-2.411194145679473877e-06
-2.365559339523315430e-06
-5.632638931274414062e-06
-7.536262273788452148e-06
-8.271075785160064697e-06
-8.285045623779296875e-06
-8.295290172100067139e-06
-8.302740752696990967e-06
-8.275732398033142090e-06
-8.279457688331604004e-06
-8.287839591503143311e-06
-8.280389010906219482e-06
-8.280389010906219482e-06
-8.299946784973144531e-06
-8.294358849525451660e-06
-8.259899914264678955e-06
-8.283182978630065918e-06
-8.272938430309295654e-06
-8.274801075458526611e-06
