-8.317641913890838623e-06
-8.302740752696990967e-06
-8.293427526950836182e-06
-8.278526365756988525e-06
-8.277595043182373047e-06
-8.285045623779296875e-06
-8.332543075084686279e-06
-8.286908268928527832e-06
-8.281320333480834961e-06
-8.288770914077758789e-06
-8.293427526950836182e-06
-8.284114301204681396e-06
-8.292496204376220703e-06
-6.283633410930633545e-06
-4.935078322887420654e-06
-3.774650394916534424e-06
-3.047287464141845703e-06
-2.580694854259490967e-06
-2.138316631317138672e-06
-1.368112862110137939e-06
-6.156042218208312988e-07
5.029141902923583984e-08
1.921318471431732178e-06
3.219582140445709229e-06
4.298053681850433350e-06
5.391426384449005127e-06
6.580725312232971191e-06
8.105300366878509521e-06
9.406358003616333008e-06
1.097377389669418335e-05
1.290626823902130127e-05
1.502875238656997681e-05
1.685973256826400757e-05
1.900643110275268555e-05
2.159923315048217773e-05
2.410169690847396851e-05
2.674572169780731201e-05
3.190618008375167847e-05
4.098005592823028564e-05
5.337875336408615112e-05
7.117353379726409912e-05
1.046685501933097839e-04
1.447210088372230530e-04
1.897616311907768250e-04
2.349531278014183044e-04
2.846708521246910095e-04
3.385338932275772095e-04
3.958931192755699158e-04
4.562567919492721558e-04
5.174595862627029419e-04
5.771517753601074219e-04
6.367219612002372742e-04
6.956839933991432190e-04
7.537594065070152283e-04
8.107442408800125122e-04
8.663516491651535034e-04
9.196512401103973389e-04
9.715594351291656494e-04
1.021717675030231476e-03
1.071157865226268768e-03
1.119975000619888306e-03
1.168858259916305542e-03
1.217265613377094269e-03
1.264252699911594391e-03
1.310213468968868256e-03
1.356117427349090576e-03
1.401788555085659027e-03
1.447082497179508209e-03
1.491668634116649628e-03
1.535706222057342529e-03
1.578631810843944550e-03
1.589245162904262543e-03
1.577328890562057495e-03
1.559098251163959503e-03
1.540218479931354523e-03
1.521689817309379578e-03
1.503607258200645447e-03
1.486908644437789917e-03
1.471237279474735260e-03
1.455210149288177490e-03
1.439037732779979706e-03
1.422526314854621887e-03
1.406661234796047211e-03
1.390136778354644775e-03
1.374305225908756256e-03
1.358254812657833099e-03
1.342782750725746155e-03
1.326959580183029175e-03
1.311410218477249146e-03
1.296098344027996063e-03
1.280239783227443695e-03
1.264610327780246735e-03
1.249364577233791351e-03
1.234688796103000641e-03
1.219372265040874481e-03
1.204521395266056061e-03
1.189766451716423035e-03
1.174732111394405365e-03
1.159986481070518494e-03
1.145746558904647827e-03
1.131922937929630280e-03
1.117156818509101868e-03
1.102760434150695801e-03
1.088490709662437439e-03
1.074573956429958344e-03
1.060242764651775360e-03
1.045947894454002380e-03
1.032032072544097900e-03
1.017768867313861847e-03
1.004047691822052002e-03
9.902101010084152222e-04
9.768670424818992615e-04
9.626913815736770630e-04
9.487522765994071960e-04
9.356066584587097168e-04
9.222812950611114502e-04
9.088180959224700928e-04
8.950792253017425537e-04
8.823461830615997314e-04
8.688811212778091431e-04
8.557448163628578186e-04
8.425815030932426453e-04
8.299816399812698364e-04
8.171349763870239258e-04
8.047120645642280579e-04
7.926039397716522217e-04
7.804781198501586914e-04
7.680598646402359009e-04
7.550017908215522766e-04
7.428554818034172058e-04
7.306644693017005920e-04
7.189968600869178772e-04
7.063010707497596741e-04
6.946707144379615784e-04
6.825411692261695862e-04
6.706630811095237732e-04
6.585102528333663940e-04
6.471546366810798645e-04
6.353780627250671387e-04
6.237439811229705811e-04
6.125355139374732971e-04
6.014555692672729492e-04
5.902843549847602844e-04
5.785534158349037170e-04
5.675600841641426086e-04
5.564037710428237915e-04
5.455771461129188538e-04
5.339300259947776794e-04
5.234042182564735413e-04
5.138339474797248840e-04
5.015535280108451843e-04
4.904139786958694458e-04
4.801973700523376465e-04
4.695607349276542664e-04
4.615075886249542236e-04
4.547480493783950806e-04
4.441924393177032471e-04
4.343884065747261047e-04
4.250891506671905518e-04
4.155626520514488220e-04
4.033008590340614319e-04
3.971951082348823547e-04
3.874208778142929077e-04
3.783171996474266052e-04
3.681965172290802002e-04
3.586634993553161621e-04
3.488138318061828613e-04
3.392407670617103577e-04
3.294721245765686035e-04
3.208005800843238831e-04
3.118328750133514404e-04
3.032023087143898010e-04
2.945475280284881592e-04
2.872608602046966553e-04
2.794200554490089417e-04
2.713436260819435120e-04
2.630678936839103699e-04
2.556899562478065491e-04
2.479618415236473083e-04
2.407934516668319702e-04
2.333736047148704529e-04
2.266541123390197754e-04
2.198498696088790894e-04
2.132561057806015015e-04
2.064052969217300415e-04
1.996150240302085876e-04
1.933062449097633362e-04
1.868326216936111450e-04
1.804027706384658813e-04
1.739459112286567688e-04
1.684604212641716003e-04
1.625362783670425415e-04
1.570116728544235229e-04
1.512700691819190979e-04
1.459168270230293274e-04
1.406120136380195618e-04
1.348303630948066711e-04
1.296550035476684570e-04
1.244610175490379333e-04
1.197000965476036072e-04
1.143468543887138367e-04
1.091174781322479248e-04
1.037213951349258423e-04
9.868294000625610352e-05
9.401608258485794067e-05
8.901022374629974365e-05
8.453335613012313843e-05
7.964111864566802979e-05
7.524993270635604858e-05
7.083453238010406494e-05
6.654299795627593994e-05
6.269291043281555176e-05
5.896948277950286865e-05
5.594640970230102539e-05
5.264300853013992310e-05
4.965905100107192993e-05
4.660151898860931396e-05
4.383549094200134277e-05
4.133023321628570557e-05
3.878679126501083374e-05
3.643054515123367310e-05
3.428105264902114868e-05
3.290828317403793335e-05
3.195740282535552979e-05
3.134272992610931396e-05
3.102794289588928223e-05
3.091339021921157837e-05
3.091711550951004028e-05
3.078859299421310425e-05
3.061536699533462524e-05
3.023352473974227905e-05
2.972502261400222778e-05
2.924259752035140991e-05
2.864841371774673462e-05
2.811849117279052734e-05
2.748426049947738647e-05
2.713967114686965942e-05
2.693012356758117676e-05
2.667680382728576660e-05
2.650078386068344116e-05
2.605933696031570435e-05
2.547167241573333740e-05
2.477597445249557495e-05
2.358388155698776245e-05
2.198014408349990845e-05
2.074055373668670654e-05
1.952145248651504517e-05
1.839082688093185425e-05
1.702643930912017822e-05
1.565553247928619385e-05
1.482293009757995605e-05
1.378543674945831299e-05
1.310184597969055176e-05
1.217052340507507324e-05
1.127086579799652100e-05
1.038610935211181641e-05
9.617768228054046631e-06
8.800067007541656494e-06
8.237548172473907471e-06
7.758848369121551514e-06
7.293187081813812256e-06
6.806105375289916992e-06
6.408430635929107666e-06
6.110407412052154541e-06
5.804002285003662109e-06
5.463138222694396973e-06
4.950910806655883789e-06
4.370696842670440674e-06
3.771856427192687988e-06
3.253109753131866455e-06
2.810731530189514160e-06
2.536922693252563477e-06
1.802109181880950928e-06
1.031905412673950195e-06
3.473833203315734863e-07
-2.458691596984863281e-07
-6.277114152908325195e-07
-9.220093488693237305e-07
-1.296401023864746094e-06
-1.649372279644012451e-06
-2.007000148296356201e-06
-2.383254468441009521e-06
-2.757646143436431885e-06
-3.175809979438781738e-06
-3.483146429061889648e-06
-3.788620233535766602e-06
-4.177913069725036621e-06
-4.590488970279693604e-06
-5.004927515983581543e-06
-5.443580448627471924e-06
-5.764886736869812012e-06
-5.838461220264434814e-06
-5.912035703659057617e-06
-5.957670509815216064e-06
-6.035901606082916260e-06
-6.126239895820617676e-06
-6.275251507759094238e-06
-6.472691893577575684e-06
-6.662681698799133301e-06
-6.889924407005310059e-06
-7.052905857563018799e-06
-7.133930921554565430e-06
-7.251277565956115723e-06
-7.579103112220764160e-06
-7.812865078449249268e-06
-7.952563464641571045e-06
-8.279457688331604004e-06
-8.288770914077758789e-06
-8.317641913890838623e-06
-8.296221494674682617e-06
-8.318573236465454102e-06
-8.303672075271606445e-06
-8.283182978630065918e-06
-8.290633559226989746e-06
-8.312985301017761230e-06
-8.326955139636993408e-06
-8.317641913890838623e-06
-8.318573236465454102e-06
-8.299015462398529053e-06
-8.308328688144683838e-06
-8.291564881801605225e-06
-8.294358849525451660e-06
-8.308328688144683838e-06
-8.271075785160064697e-06
-8.318573236465454102e-06
