-5.031004548072814941e-06
-5.038455128669738770e-06
-5.012378096580505371e-06
-5.043111741542816162e-06
-5.044974386692047119e-06
-5.008652806282043457e-06
-5.030073225498199463e-06
-5.021691322326660156e-06
-5.013309419155120850e-06
-5.021691322326660156e-06
-5.003996193408966064e-06
-5.003064870834350586e-06
-2.908520400524139404e-06
-1.602806150913238525e-06
3.147870302200317383e-07
1.437962055206298828e-06
2.205371856689453125e-06
2.751126885414123535e-06
3.313645720481872559e-06
4.587695002555847168e-06
5.518086254596710205e-06
6.438232958316802979e-06
9.352341294288635254e-06
1.073721796274185181e-05
1.221802085638046265e-05
1.368299126625061035e-05
1.553259789943695068e-05
1.729186624288558960e-05
1.923087984323501587e-05
2.143438905477523804e-05
2.417247742414474487e-05
2.690125256776809692e-05
2.936087548732757568e-05
3.244355320930480957e-05
3.592763096094131470e-05
3.911741077899932861e-05
4.403293132781982422e-05
5.278270691633224487e-05
6.710458546876907349e-05
8.610077202320098877e-05
1.192716881632804871e-04
1.675421372056007385e-04
2.243090420961380005e-04
2.834741026163101196e-04
3.456184640526771545e-04
4.129456356167793274e-04
4.854546859860420227e-04
5.631186068058013916e-04
6.431592628359794617e-04
7.225461304187774658e-04
8.010435849428176880e-04
8.781943470239639282e-04
9.554056450724601746e-04
1.030970364809036255e-03
1.104583963751792908e-03
1.176293939352035522e-03
1.244873739778995514e-03
1.311341300606727600e-03
1.377255655825138092e-03
1.441179774701595306e-03
1.505557447671890259e-03
1.569398678839206696e-03
1.631509512662887573e-03
1.691752113401889801e-03
1.752235926687717438e-03
1.812161877751350403e-03
1.871603541076183319e-03
1.930451951920986176e-03
1.988697797060012817e-03
2.046394161880016327e-03
2.090354450047016144e-03
2.082934603095054626e-03
2.062775194644927979e-03
2.037418074905872345e-03
2.013485878705978394e-03
1.988768577575683594e-03
1.966551877558231354e-03
1.945204101502895355e-03
1.924904063344001770e-03
1.903582364320755005e-03
1.882233656942844391e-03
1.861034892499446869e-03
1.839863136410713196e-03
1.818758435547351837e-03
1.797727309167385101e-03
1.777299679815769196e-03
1.756628975272178650e-03
1.736178994178771973e-03
1.715907827019691467e-03
1.695896498858928680e-03
1.674912869930267334e-03
1.654681749641895294e-03
1.635324209928512573e-03
1.615569926798343658e-03
1.595943234860897064e-03
1.576486043632030487e-03
1.557289622724056244e-03
1.537185162305831909e-03
1.518539153039455414e-03
1.500112004578113556e-03
1.481603831052780151e-03
1.462384127080440521e-03
1.443407498300075531e-03
1.425326801836490631e-03
1.406528986990451813e-03
1.388181932270526886e-03
1.369296573102474213e-03
1.351235434412956238e-03
1.332552172243595123e-03
1.314480789005756378e-03
1.296964474022388458e-03
1.278729178011417389e-03
1.260555349290370941e-03
1.242367550730705261e-03
1.225561834871768951e-03
1.207709312438964844e-03
1.190097071230411530e-03
1.172548159956932068e-03
1.155543141067028046e-03
1.138083636760711670e-03
1.120445318520069122e-03
1.104040071368217468e-03
1.087058335542678833e-03
1.070884987711906433e-03
1.054205931723117828e-03
1.038961112499237061e-03
1.022487878799438477e-03
1.006255857646465302e-03
9.890580549836158752e-04
9.735543280839920044e-04
9.577488526701927185e-04
9.419657289981842041e-04
9.258678182959556580e-04
9.102988988161087036e-04
8.946945890784263611e-04
8.785314857959747314e-04
8.635707199573516846e-04
8.481191471219062805e-04
8.330903947353363037e-04
8.174646645784378052e-04
8.034659549593925476e-04
7.885014638304710388e-04
7.739383727312088013e-04
7.584411650896072388e-04
7.444415241479873657e-04
7.297834381461143494e-04
7.152343168854713440e-04
7.004849612712860107e-04
6.868159398436546326e-04
6.725713610649108887e-04
6.576497107744216919e-04
6.437525153160095215e-04
6.298162043094635010e-04
6.166594102978706360e-04
6.102509796619415283e-04
5.965977907180786133e-04
5.828775465488433838e-04
5.707889795303344727e-04
5.585029721260070801e-04
5.454793572425842285e-04
5.282117053866386414e-04
5.214577540755271912e-04
5.093375220894813538e-04
4.967451095581054688e-04
4.834616556763648987e-04
4.710238426923751831e-04
4.581529647111892700e-04
4.454711452126502991e-04
4.334067925810813904e-04
4.220027476549148560e-04
4.103137180209159851e-04
3.988463431596755981e-04
3.884537145495414734e-04
3.786915913224220276e-04
3.680782392621040344e-04
3.573196008801460266e-04
3.469763323664665222e-04
3.372337669134140015e-04
3.271978348493576050e-04
3.178268671035766602e-04
3.084158524870872498e-04
2.997564151883125305e-04
2.906899899244308472e-04
2.820985391736030579e-04
2.728290855884552002e-04
2.645766362547874451e-04
2.559637650847434998e-04
2.475725486874580383e-04
2.389615401625633240e-04
2.312660217285156250e-04
2.238117158412933350e-04
2.161469310522079468e-04
2.089152112603187561e-04
2.013249322772026062e-04
1.947348937392234802e-04
1.871567219495773315e-04
1.800777390599250793e-04
1.732399687170982361e-04
1.666676253080368042e-04
1.602051779627799988e-04
1.530293375253677368e-04
1.462604850530624390e-04
1.390818506479263306e-04
1.329630613327026367e-04
1.264801248908042908e-04
1.202514395117759705e-04
1.142304390668869019e-04
1.079645007848739624e-04
1.022974029183387756e-04
9.640399366617202759e-05
9.116623550653457642e-05
8.609052747488021851e-05
8.172076195478439331e-05
7.766485214233398438e-05
7.341895252466201782e-05
6.958004087209701538e-05
6.551947444677352905e-05
6.220955401659011841e-05
5.883164703845977783e-05
5.566608160734176636e-05
5.264952778816223145e-05
5.023740231990814209e-05
4.874728620052337646e-05
4.767719656229019165e-05
4.716776311397552490e-05
4.686322063207626343e-05
4.677474498748779297e-05
4.667416214942932129e-05
4.649907350540161133e-05
4.619080573320388794e-05
4.557333886623382568e-05
4.489067941904067993e-05
4.423223435878753662e-05
4.348903894424438477e-05
4.265457391738891602e-05
4.206132143735885620e-05
4.167389124631881714e-05
4.137586802244186401e-05
4.114676266908645630e-05
4.078075289726257324e-05
4.006270319223403931e-05
3.925431519746780396e-05
3.800448030233383179e-05
3.620795905590057373e-05
3.421679139137268066e-05
3.262888640165328979e-05
3.104470670223236084e-05
2.960301935672760010e-05
2.747308462858200073e-05
2.624839544296264648e-05
2.495478838682174683e-05
2.384837716817855835e-05
2.286490052938461304e-05
2.157874405384063721e-05
2.046022564172744751e-05
1.936685293912887573e-05
1.834519207477569580e-05
1.731421798467636108e-05
1.674704253673553467e-05
1.608021557331085205e-05
1.546461135149002075e-05
1.485552638769149780e-05
1.446250826120376587e-05
1.397822052240371704e-05
1.362431794404983521e-05
1.314561814069747925e-05
1.231860369443893433e-05
1.150090247392654419e-05
1.076981425285339355e-05
1.018214970827102661e-05
9.770505130290985107e-06
9.184703230857849121e-06
8.026137948036193848e-06
7.132999598979949951e-06
6.227754056453704834e-06
5.634501576423645020e-06
5.164183676242828369e-06
4.732050001621246338e-06
4.195608198642730713e-06
3.790482878684997559e-06
3.268942236900329590e-06
2.810731530189514160e-06
2.275221049785614014e-06
1.830980181694030762e-06
1.378357410430908203e-06
9.862706065177917480e-07
4.079192876815795898e-07
-1.117587089538574219e-07
-7.022172212600708008e-07
-1.183710992336273193e-06
-1.437030732631683350e-06
-1.527369022369384766e-06
-1.635402441024780273e-06
-1.686625182628631592e-06
-1.770444214344024658e-06
-1.896172761917114258e-06
-2.170912921428680420e-06
-2.459622919559478760e-06
-2.752058207988739014e-06
-3.007240593433380127e-06
-3.163702785968780518e-06
-3.209337592124938965e-06
-3.534369170665740967e-06
-3.909692168235778809e-06
-4.178844392299652100e-06
-4.482455551624298096e-06
-4.728324711322784424e-06
-4.734843969345092773e-06
-4.725530743598937988e-06
-4.732981324195861816e-06
-4.733912646770477295e-06
-4.702247679233551025e-06
-4.737637937068939209e-06
-4.751607775688171387e-06
-4.723668098449707031e-06
-4.723668098449707031e-06
-4.705041646957397461e-06
-4.730187356472015381e-06
-4.732050001621246338e-06
-4.711560904979705811e-06
-4.750676453113555908e-06
-4.727393388748168945e-06
-4.732981324195861816e-06
-4.736706614494323730e-06
-4.735775291919708252e-06
