-8.272938430309295654e-06
-8.293427526950836182e-06
-8.304603397846221924e-06
-8.274801075458526611e-06
-8.260831236839294434e-06
-8.286908268928527832e-06
-8.278526365756988525e-06
-8.295290172100067139e-06
-8.285045623779296875e-06
-8.285045623779296875e-06
-8.262693881988525391e-06
-8.282251656055450439e-06
-8.293427526950836182e-06
-8.300878107547760010e-06
-8.301809430122375488e-06
-8.276663720607757568e-06
-8.264556527137756348e-06
-8.293427526950836182e-06
-8.275732398033142090e-06
-8.293427526950836182e-06
-8.258037269115447998e-06
-8.297152817249298096e-06
-8.286908268928527832e-06
-8.270144462585449219e-06
-8.327886462211608887e-06
-8.295290172100067139e-06
-8.288770914077758789e-06
-8.272938430309295654e-06
-8.305534720420837402e-06
-8.247792720794677734e-06
-8.286908268928527832e-06
-8.285045623779296875e-06
-8.272938430309295654e-06
-8.283182978630065918e-06
-8.291564881801605225e-06
-8.286908268928527832e-06
-8.291564881801605225e-06
-8.297152817249298096e-06
-8.279457688331604004e-06
-8.313916623592376709e-06
-8.257105946540832520e-06
-8.296221494674682617e-06
-8.292496204376220703e-06
-8.282251656055450439e-06
-8.284114301204681396e-06
-8.293427526950836182e-06
-8.272007107734680176e-06
-8.260831236839294434e-06
-8.288770914077758789e-06
-8.286908268928527832e-06
-6.227754056453704834e-06
-5.194917321205139160e-06
-3.435648977756500244e-06
-1.940876245498657227e-06
3.528781235218048096e-06
8.645467460155487061e-06
1.189671456813812256e-05
1.387204974889755249e-05
1.856032758951187134e-05
2.255290746688842773e-05
2.756994217634201050e-05
3.389362245798110962e-05
4.109926521778106689e-05
5.008652806282043457e-05
5.231983959674835205e-05
5.188304930925369263e-05
5.140155553817749023e-05
5.112029612064361572e-05
5.091819912195205688e-05
5.075614899396896362e-05
5.064345896244049072e-05
5.052890628576278687e-05
5.044415593147277832e-05
5.037058144807815552e-05
5.031842738389968872e-05
5.023553967475891113e-05
5.017407238483428955e-05
5.016848444938659668e-05
5.024950951337814331e-05
5.035195499658584595e-05
5.043298006057739258e-05
5.051679909229278564e-05
5.055218935012817383e-05
5.062576383352279663e-05
5.075614899396896362e-05
5.279667675495147705e-05
5.631614476442337036e-05
5.943048745393753052e-05
6.255879998207092285e-05
6.642565131187438965e-05
7.046293467283248901e-05
7.502455264329910278e-05
8.156429976224899292e-05
8.858181536197662354e-05
9.649433195590972900e-05
1.065563410520553589e-04
1.177620142698287964e-04
1.297891139984130859e-04
1.427512615919113159e-04
1.567229628562927246e-04
1.715049147605895996e-04
1.871194690465927124e-04
2.038190141320228577e-04
2.214964479207992554e-04
2.395082265138626099e-04
2.575730904936790466e-04
2.755476161837577820e-04
2.934429794549942017e-04
3.115022554993629456e-04
3.291629254817962646e-04
3.466689959168434143e-04
3.632558509707450867e-04
3.798687830567359924e-04
3.975555300712585449e-04
4.154397174715995789e-04
4.331385716795921326e-04
4.508541896939277649e-04
4.683434963226318359e-04
4.861410707235336304e-04
5.038678646087646484e-04
5.214624106884002686e-04
5.389293655753135681e-04
5.564494058489799500e-04
5.738316103816032410e-04
5.910163745284080505e-04
6.081331521272659302e-04
6.249928846955299377e-04
6.415750831365585327e-04
6.572762504220008850e-04
6.728926673531532288e-04
6.887912750244140625e-04
7.044179365038871765e-04
7.203696295619010925e-04
7.360354065895080566e-04
7.513565942645072937e-04
7.662028074264526367e-04
7.807780057191848755e-04
7.957387715578079224e-04
8.101062849164009094e-04
8.243247866630554199e-04
8.386522531509399414e-04
8.524525910615921021e-04
8.663004264235496521e-04
8.799247443675994873e-04
8.931504562497138977e-04
9.071100503206253052e-04
9.202230721712112427e-04
9.329160675406455994e-04
9.460123255848884583e-04
9.583169594407081604e-04
9.702499955892562866e-04
9.830603376030921936e-04
9.952615946531295776e-04
1.006735488772392273e-03
1.018485985696315765e-03
1.029666513204574585e-03
1.039807684719562531e-03
1.049726270139217377e-03
1.060018315911293030e-03
1.070038415491580963e-03
1.079456880688667297e-03
1.089218072593212128e-03
1.098852604627609253e-03
1.107950694859027863e-03
1.116272993385791779e-03
1.123754307627677917e-03
1.131587661802768707e-03
1.138195395469665527e-03
1.143742352724075317e-03
1.148526556789875031e-03
1.152690500020980835e-03
1.155946403741836548e-03
1.159800216555595398e-03
1.164117828011512756e-03
1.167560927569866180e-03
1.169998198747634888e-03
1.171968877315521240e-03
1.172092743217945099e-03
1.174753531813621521e-03
1.175689511001110077e-03
1.177258789539337158e-03
1.176536083221435547e-03
1.175948418676853180e-03
1.176262274384498596e-03
1.178467646241188049e-03
1.178327016532421112e-03
1.177917234599590302e-03
1.177542842924594879e-03
1.177203841507434845e-03
1.176948659121990204e-03
1.176745630800724030e-03
1.177649945020675659e-03
1.179821789264678955e-03
1.179827377200126648e-03
1.179554499685764313e-03
1.179299317300319672e-03
1.179017126560211182e-03
1.178778707981109619e-03
1.178502105176448822e-03
1.178334467113018036e-03
1.178065314888954163e-03
1.177888363599777222e-03
1.177646219730377197e-03
1.177411526441574097e-03
1.177232712507247925e-03
1.177039928734302521e-03
1.176871359348297119e-03
1.176682300865650177e-03
1.176516525447368622e-03
1.176324672996997833e-03
1.176160760223865509e-03
1.175981946289539337e-03
1.175827346742153168e-03
1.175618730485439301e-03
1.175464130938053131e-03
1.175301149487495422e-03
1.175132580101490021e-03
1.174978911876678467e-03
1.174821518361568451e-03
1.174609176814556122e-03
1.174414530396461487e-03
1.174054108560085297e-03
1.170567236840724945e-03
1.163615845143795013e-03
1.153726130723953247e-03
1.141551882028579712e-03
1.128867268562316895e-03
1.114018261432647705e-03
1.098405569791793823e-03
1.083530485630035400e-03
1.067431643605232239e-03
1.049578189849853516e-03
1.031445339322090149e-03
1.012023538351058960e-03
9.905863553285598755e-04
9.686686098575592041e-04
9.465217590332031250e-04
9.233290329575538635e-04
8.985418826341629028e-04
8.729798719286918640e-04
8.464157581329345703e-04
8.197017014026641846e-04
7.916614413261413574e-04
7.632588967680931091e-04
7.341876626014709473e-04
7.047997787594795227e-04
6.743483245372772217e-04
6.492314860224723816e-04
6.187735125422477722e-04
5.881311371922492981e-04
5.575949326157569885e-04
5.288766697049140930e-04
5.009453743696212769e-04
4.735477268695831299e-04
4.467824473977088928e-04
4.211915656924247742e-04
3.960570320487022400e-04
3.714933991432189941e-04
3.474289551377296448e-04
3.238525241613388062e-04
3.006542101502418518e-04
2.780575305223464966e-04
2.563837915658950806e-04
2.361396327614784241e-04
2.160267904400825500e-04
1.961877569556236267e-04
1.764167100191116333e-04
1.572798937559127808e-04
1.378078013658523560e-04
1.184614375233650208e-04
9.880866855382919312e-05
7.969327270984649658e-05
6.156414747238159180e-05
4.705786705017089844e-05
3.450177609920501709e-05
2.594105899333953857e-05
1.786369830369949341e-05
8.343718945980072021e-06
3.592111170291900635e-06
-8.596107363700866699e-07
-1.715496182441711426e-06
-5.933456122875213623e-06
-7.488764822483062744e-06
-8.280389010906219482e-06
-8.307397365570068359e-06
-8.293427526950836182e-06
-8.289702236652374268e-06
-8.262693881988525391e-06
-8.267350494861602783e-06
-8.308328688144683838e-06
-8.299946784973144531e-06
-8.280389010906219482e-06
-8.281320333480834961e-06
-8.291564881801605225e-06
-8.296221494674682617e-06
-8.285045623779296875e-06
