-4.640780389308929443e-06
-4.624947905540466309e-06
-4.605390131473541260e-06
-4.636123776435852051e-06
-4.611909389495849609e-06
-4.625879228115081787e-06
-4.595145583152770996e-06
-4.601664841175079346e-06
-4.611909389495849609e-06
-4.625879228115081787e-06
-4.625879228115081787e-06
-4.584901034832000732e-06
-4.638917744159698486e-06
-4.621222615242004395e-06
-4.636123776435852051e-06
-4.588626325130462646e-06
-4.610046744346618652e-06
-4.598870873451232910e-06
-4.590488970279693604e-06
-4.610978066921234131e-06
-4.610978066921234131e-06
-4.611909389495849609e-06
-4.623085260391235352e-06
-4.610978066921234131e-06
-4.613772034645080566e-06
-4.594214260578155518e-06
-4.600733518600463867e-06
-4.611909389495849609e-06
-4.622153937816619873e-06
-4.631467163562774658e-06
-4.618428647518157959e-06
-4.609115421772003174e-06
-4.601664841175079346e-06
-4.621222615242004395e-06
-4.600733518600463867e-06
-4.623085260391235352e-06
-4.610046744346618652e-06
-4.624016582965850830e-06
-4.613772034645080566e-06
-4.605390131473541260e-06
-4.714354872703552246e-06
-4.612840712070465088e-06
-4.613772034645080566e-06
-4.618428647518157959e-06
-4.627741873264312744e-06
-4.610046744346618652e-06
-4.610046744346618652e-06
-4.603527486324310303e-06
-4.610046744346618652e-06
-4.605390131473541260e-06
-2.336688339710235596e-06
-1.780688762664794922e-06
1.127831637859344482e-06
2.353452146053314209e-06
6.222166121006011963e-06
1.534167677164077759e-05
1.955870538949966431e-05
2.309866249561309814e-05
2.683605998754501343e-05
3.322958946228027344e-05
3.883056342601776123e-05
4.653912037611007690e-05
5.485583096742630005e-05
6.656441837549209595e-05
7.459614425897598267e-05
7.465202361345291138e-05
7.392186671495437622e-05
7.345061749219894409e-05
7.316004484891891479e-05
7.292814552783966064e-05
7.273629307746887207e-05
7.257796823978424072e-05
7.248949259519577026e-05
7.236376404762268066e-05
7.224921137094497681e-05
7.217284291982650757e-05
7.210578769445419312e-05
7.206015288829803467e-05
7.210485637187957764e-05
7.220543920993804932e-05
7.235072553157806396e-05
7.245503365993499756e-05
7.252302020788192749e-05
7.257331162691116333e-05
7.272139191627502441e-05
7.321592420339584351e-05
7.776729762554168701e-05
8.215848356485366821e-05
8.596945554018020630e-05
9.066052734851837158e-05
9.585358202457427979e-05
1.011835411190986633e-04
1.087309792637825012e-04
1.174909994006156921e-04
1.272941008210182190e-04
1.388611271977424622e-04
1.528738066554069519e-04
1.681363210082054138e-04
1.844502985477447510e-04
2.019666135311126709e-04
2.210047096014022827e-04
2.408735454082489014e-04
2.621524035930633545e-04
2.844864502549171448e-04
3.083860501646995544e-04
3.316439688205718994e-04
3.554131835699081421e-04
3.788135945796966553e-04
4.024757072329521179e-04
4.258658736944198608e-04
4.488639533519744873e-04
4.713591188192367554e-04
4.928018897771835327e-04
5.153035745024681091e-04
5.389340221881866455e-04
5.622394382953643799e-04
5.853865295648574829e-04
6.085895001888275146e-04
6.315829232335090637e-04
6.548855453729629517e-04
6.779246032238006592e-04
7.008602842688560486e-04
7.237959653139114380e-04
7.468163967132568359e-04
7.695071399211883545e-04
7.919957861304283142e-04
8.142245933413505554e-04
8.361488580703735352e-04
8.573625236749649048e-04
8.778842166066169739e-04
8.985213935375213623e-04
9.190645068883895874e-04
9.398274123668670654e-04
9.605903178453445435e-04
9.809955954551696777e-04
1.000714488327503204e-03
1.019892282783985138e-03
1.039386726915836334e-03
1.058642752468585968e-03
1.077064312994480133e-03
1.096104271709918976e-03
1.114513725042343140e-03
1.132423058152198792e-03
1.150615513324737549e-03
1.168161630630493164e-03
1.185976900160312653e-03
1.203638501465320587e-03
1.220592297613620758e-03
1.237512566149234772e-03
1.254131086170673370e-03
1.270014792680740356e-03
1.286162063479423523e-03
1.302624121308326721e-03
1.318210735917091370e-03
1.333254389464855194e-03
1.348538324236869812e-03
1.362543553113937378e-03
1.375318504869937897e-03
1.388835720717906952e-03
1.402144320309162140e-03
1.414858736097812653e-03
1.427227631211280823e-03
1.440246589481830597e-03
1.452294178307056427e-03
1.463959924876689911e-03
1.474095508456230164e-03
1.484144479036331177e-03
1.493857242166996002e-03
1.501483842730522156e-03
1.508466899394989014e-03
1.514385454356670380e-03
1.519177109003067017e-03
1.523860730230808258e-03
1.528965309262275696e-03
1.534326002001762390e-03
1.538462005555629730e-03
1.540477387607097626e-03
1.542455516755580902e-03
1.544598489999771118e-03
1.545996405184268951e-03
1.549166627228260040e-03
1.548834145069122314e-03
1.547960564494132996e-03
1.547344028949737549e-03
1.549875363707542419e-03
1.550897955894470215e-03
1.550440676510334015e-03
1.549934037029743195e-03
1.549457199871540070e-03
1.549085602164268494e-03
1.548759639263153076e-03
1.548652537167072296e-03
1.551680266857147217e-03
1.552743837237358093e-03
1.552503556013107300e-03
1.552139408886432648e-03
1.551786437630653381e-03
1.551464200019836426e-03
1.551120541989803314e-03
1.550843007862567902e-03
1.550559885799884796e-03
1.550275832414627075e-03
1.550024375319480896e-03
1.549731008708477020e-03
1.549432054162025452e-03
1.549193635582923889e-03
1.548969186842441559e-03
1.548688858747482300e-03
1.548476517200469971e-03
1.548255793750286102e-03
1.548019237816333771e-03
1.547770574688911438e-03
1.547581516206264496e-03
1.547347754240036011e-03
1.547147519886493683e-03
1.546914689242839813e-03
1.546688377857208252e-03
1.546509563922882080e-03
1.546266488730907440e-03
1.546021550893783569e-03
1.545775681734085083e-03
1.545442268252372742e-03
1.544104889035224915e-03
1.536874100565910339e-03
1.525790430605411530e-03
1.511185429990291595e-03
1.494867727160453796e-03
1.477343030273914337e-03
1.456419937312602997e-03
1.437447965145111084e-03
1.416826620697975159e-03
1.395169645547866821e-03
1.371190883219242096e-03
1.346772536635398865e-03
1.320595853030681610e-03
1.291806809604167938e-03
1.263061538338661194e-03
1.233427785336971283e-03
1.202036626636981964e-03
1.168912276625633240e-03
1.135117374360561371e-03
1.100123859941959381e-03
1.064667478203773499e-03
1.027829945087432861e-03
9.896792471408843994e-04
9.517855942249298096e-04
9.122937917709350586e-04
8.756536990404129028e-04
8.393144235014915466e-04
7.994184270501136780e-04
7.591573521494865417e-04
7.207794114947319031e-04
6.828876212239265442e-04
6.468789651989936829e-04
6.117466837167739868e-04
5.769683048129081726e-04
5.433615297079086304e-04
5.114525556564331055e-04
4.792250692844390869e-04
4.477798938751220703e-04
4.172520712018013000e-04
3.873603418469429016e-04
3.574779257178306580e-04
3.308430314064025879e-04
3.042500466108322144e-04
2.776766195893287659e-04
2.515390515327453613e-04
2.264836803078651428e-04
2.004839479923248291e-04
1.750793308019638062e-04
1.498814672231674194e-04
1.241089776158332825e-04
9.921565651893615723e-05
7.793772965669631958e-05
5.976017564535140991e-05
4.570931196212768555e-05
3.644451498985290527e-05
2.296268939971923828e-05
1.275818794965744019e-05
6.488524377346038818e-06
4.723668098449707031e-06
1.205131411552429199e-06
-1.908279955387115479e-06
-4.403293132781982422e-06
-4.599802196025848389e-06
-4.581175744533538818e-06
-4.588626325130462646e-06
-4.606321454048156738e-06
-4.576519131660461426e-06
-4.597939550876617432e-06
-4.600733518600463867e-06
-4.595145583152770996e-06
-4.596076905727386475e-06
-4.605390131473541260e-06
-4.585832357406616211e-06
-4.583969712257385254e-06
