-8.268281817436218262e-06
-8.266419172286987305e-06
-8.266419172286987305e-06
-8.295290172100067139e-06
-8.283182978630065918e-06
-8.261762559413909912e-06
-8.274801075458526611e-06
-8.267350494861602783e-06
-8.262693881988525391e-06
-8.273869752883911133e-06
-8.278526365756988525e-06
-8.270144462585449219e-06
-8.286908268928527832e-06
-8.261762559413909912e-06
-8.286908268928527832e-06
-8.279457688331604004e-06
-8.279457688331604004e-06
-8.272007107734680176e-06
-8.246861398220062256e-06
-8.278526365756988525e-06
-8.259899914264678955e-06
-8.244067430496215820e-06
-8.250586688518524170e-06
-8.244067430496215820e-06
-8.250586688518524170e-06
-8.299946784973144531e-06
-8.261762559413909912e-06
-8.261762559413909912e-06
-8.279457688331604004e-06
-8.271075785160064697e-06
-8.282251656055450439e-06
-8.282251656055450439e-06
-8.276663720607757568e-06
-8.279457688331604004e-06
-8.253380656242370605e-06
-8.269213140010833740e-06
-8.274801075458526611e-06
-8.285976946353912354e-06
-8.279457688331604004e-06
-8.286908268928527832e-06
-8.271075785160064697e-06
-8.266419172286987305e-06
-8.272938430309295654e-06
-8.271075785160064697e-06
-8.264556527137756348e-06
-8.281320333480834961e-06
-8.263625204563140869e-06
-8.248724043369293213e-06
-8.272938430309295654e-06
-8.263625204563140869e-06
-8.286908268928527832e-06
-8.278526365756988525e-06
-8.249655365943908691e-06
-8.281320333480834961e-06
-8.272007107734680176e-06
-8.272938430309295654e-06
-8.287839591503143311e-06
-8.260831236839294434e-06
-8.284114301204681396e-06
-8.262693881988525391e-06
-8.266419172286987305e-06
-8.260831236839294434e-06
-8.285976946353912354e-06
-8.272938430309295654e-06
-8.243136107921600342e-06
-8.271075785160064697e-06
-8.292496204376220703e-06
-8.256174623966217041e-06
-6.776303052902221680e-06
-5.217269062995910645e-06
-4.432164132595062256e-06
-3.797002136707305908e-06
-3.183260560035705566e-06
-2.821907401084899902e-06
-2.832151949405670166e-06
-3.389082849025726318e-06
-3.690831363201141357e-06
-3.870576620101928711e-06
-4.006549715995788574e-06
-4.097819328308105469e-06
-4.159286618232727051e-06
-4.206784069538116455e-06
-4.230067133903503418e-06
-4.272907972335815430e-06
-4.322268068790435791e-06
-4.241243004798889160e-06
-3.406777977943420410e-06
-2.767890691757202148e-06
-2.466142177581787109e-06
-2.135522663593292236e-06
-1.804903149604797363e-06
-1.480802893638610840e-06
-1.239590346813201904e-06
-1.008622348308563232e-06
-7.078051567077636719e-07
-6.593763828277587891e-07
1.968815922737121582e-06
3.376044332981109619e-06
5.064532160758972168e-06
6.214715540409088135e-06
7.431022822856903076e-06
8.772127330303192139e-06
1.024082303047180176e-05
1.200661063194274902e-05
1.346319913864135742e-05
1.575984060764312744e-05
1.839362084865570068e-05
2.106279134750366211e-05
2.345722168684005737e-05
2.618692815303802490e-05
2.499576658010482788e-05
2.930127084255218506e-05
3.621447831392288208e-05
4.695076495409011841e-05
6.088428199291229248e-05
8.210539817810058594e-05
1.167003065347671509e-04
1.581832766532897949e-04
2.049095928668975830e-04
2.513453364372253418e-04
2.998178824782371521e-04
3.527654334902763367e-04
4.111090674996376038e-04
4.739938303828239441e-04
5.382159724831581116e-04
6.020087748765945435e-04
6.651449948549270630e-04
7.274542003870010376e-04
7.893685251474380493e-04
8.499054238200187683e-04
9.094774723052978516e-04
9.673787280917167664e-04
1.023816876113414764e-03
1.078857108950614929e-03
1.133888959884643555e-03
1.188208349049091339e-03
1.241420395672321320e-03
1.291519962251186371e-03
1.343069598078727722e-03
1.396924257278442383e-03
1.450505107641220093e-03
1.503285020589828491e-03
1.555803231894969940e-03
1.606924459338188171e-03
1.651144586503505707e-03
1.687694340944290161e-03
1.714092679321765900e-03
1.719052903354167938e-03
1.720738597214221954e-03
1.719252206385135651e-03
1.716449856758117676e-03
1.714248210191726685e-03
1.712481491267681122e-03
1.710968092083930969e-03
1.709645614027976990e-03
1.708457246422767639e-03
1.707412302494049072e-03
1.706394366919994354e-03
1.705487258732318878e-03
1.704663969576358795e-03
1.703878864645957947e-03
1.703163608908653259e-03
1.702472567558288574e-03
1.701838336884975433e-03
1.701185479760169983e-03
1.700657419860363007e-03
1.700144261121749878e-03
1.699606887996196747e-03
1.699091866612434387e-03
1.698615960776805878e-03
1.698156818747520447e-03
1.697710715234279633e-03
1.697303727269172668e-03
1.696899533271789551e-03
1.696499064564704895e-03
1.696106046438217163e-03
1.695773564279079437e-03
1.695414073765277863e-03
1.695065759122371674e-03
1.694732345640659332e-03
1.694458536803722382e-03
1.694089733064174652e-03
1.693822443485260010e-03
1.693533733487129211e-03
1.692787744104862213e-03
1.688061282038688660e-03
1.672904938459396362e-03
1.647601835429668427e-03
1.619447022676467896e-03
1.589279621839523315e-03
1.559411175549030304e-03
1.529835164546966553e-03
1.500135287642478943e-03
1.471296884119510651e-03
1.442424952983856201e-03
1.414128579199314117e-03
1.385517418384552002e-03
1.357574015855789185e-03
1.329967752099037170e-03
1.302670687437057495e-03
1.275360584259033203e-03
1.248504966497421265e-03
1.221770420670509338e-03
1.194925047457218170e-03
1.169219613075256348e-03
1.142038963735103607e-03
1.115988940000534058e-03
1.089810393750667572e-03
1.063586212694644928e-03
1.038158312439918518e-03
1.012042164802551270e-03
9.868023917078971863e-04
9.610708802938461304e-04
9.359922260046005249e-04
9.107794612646102905e-04
8.860267698764801025e-04
8.614826947450637817e-04
8.368883281946182251e-04
8.120806887745857239e-04
7.876884192228317261e-04
7.637403905391693115e-04
7.396573200821876526e-04
7.162755355238914490e-04
6.924904882907867432e-04
6.693052127957344055e-04
6.456272676587104797e-04
6.221150979399681091e-04
5.989568307995796204e-04
5.758767947554588318e-04
5.532046779990196228e-04
5.312217399477958679e-04
5.131540820002555847e-04
4.885727539658546448e-04
4.697879776358604431e-04
4.524467512965202332e-04
4.315283149480819702e-04
4.107356071472167969e-04
3.904663026332855225e-04
3.708498552441596985e-04
3.515640273690223694e-04
3.330418840050697327e-04
3.149956464767456055e-04
2.979664131999015808e-04
2.817269414663314819e-04
2.654697746038436890e-04
2.499958500266075134e-04
2.345591783523559570e-04
2.204570919275283813e-04
2.063764259219169617e-04
1.936517655849456787e-04
1.807939261198043823e-04
1.680944114923477173e-04
1.552198082208633423e-04
1.431265845894813538e-04
1.310678198933601379e-04
1.188619062304496765e-04
1.069046556949615479e-04
9.520724415779113770e-05
8.392147719860076904e-05
7.351301610469818115e-05
6.377696990966796875e-05
5.548074841499328613e-05
4.788581281900405884e-05
4.112999886274337769e-05
3.545545041561126709e-05
3.191735595464706421e-05
3.017019480466842651e-05
2.939254045486450195e-05
2.872291952371597290e-05
2.731848508119583130e-05
2.600438892841339111e-05
2.507027238607406616e-05
2.475269138813018799e-05
2.310331910848617554e-05
2.076383680105209351e-05
1.870654523372650146e-05
1.607835292816162109e-05
1.411605626344680786e-05
1.212488859891891479e-05
1.024454832077026367e-05
9.030103683471679688e-06
8.081085979938507080e-06
7.316470146179199219e-06
6.010755896568298340e-06
4.868023097515106201e-06
3.496184945106506348e-06
1.709908246994018555e-06
6.752088665962219238e-07
-1.210719347000122070e-07
-1.095235347747802734e-06
-1.981854438781738281e-06
-2.849847078323364258e-06
-3.902241587638854980e-06
-4.764646291732788086e-06
-6.085261702537536621e-06
-8.150935173034667969e-06
-8.274801075458526611e-06
-8.258968591690063477e-06
-8.304603397846221924e-06
-8.268281817436218262e-06
-8.314847946166992188e-06
-8.288770914077758789e-06
-8.258968591690063477e-06
-8.263625204563140869e-06
-8.274801075458526611e-06
-8.293427526950836182e-06
-8.281320333480834961e-06
-8.301809430122375488e-06
-8.276663720607757568e-06
-8.269213140010833740e-06
-8.298084139823913574e-06
-8.298084139823913574e-06
-8.272007107734680176e-06
