-4.947185516357421875e-06
-4.947185516357421875e-06
-4.934147000312805176e-06
-4.941597580909729004e-06
-4.923902451992034912e-06
-4.929490387439727783e-06
-4.938803613185882568e-06
-4.917383193969726562e-06
-4.917383193969726562e-06
-4.925765097141265869e-06
-4.934147000312805176e-06
-4.936940968036651611e-06
-4.929490387439727783e-06
-4.943460226058959961e-06
-4.953704774379730225e-06
-4.933215677738189697e-06
-4.925765097141265869e-06
-4.933215677738189697e-06
-4.916451871395111084e-06
-4.925765097141265869e-06
-4.930421710014343262e-06
-4.916451871395111084e-06
-4.904344677925109863e-06
-4.936940968036651611e-06
-4.923902451992034912e-06
-4.910863935947418213e-06
-4.916451871395111084e-06
-4.896894097328186035e-06
-4.911795258522033691e-06
-4.914589226245880127e-06
-4.906207323074340820e-06
-4.950910806655883789e-06
-4.929490387439727783e-06
-4.927627742290496826e-06
-4.936940968036651611e-06
-4.929490387439727783e-06
-4.905276000499725342e-06
-4.936009645462036133e-06
-4.963949322700500488e-06
-4.921108484268188477e-06
-4.931353032588958740e-06
-4.914589226245880127e-06
-4.938803613185882568e-06
-4.931353032588958740e-06
-4.918314516544342041e-06
-4.927627742290496826e-06
-4.949048161506652832e-06
-4.924833774566650391e-06
-4.915520548820495605e-06
-4.936940968036651611e-06
-4.912726581096649170e-06
-4.926696419715881348e-06
-4.922039806842803955e-06
-4.936009645462036133e-06
-4.913657903671264648e-06
-4.934147000312805176e-06
-4.918314516544342041e-06
-4.919245839118957520e-06
-4.942528903484344482e-06
-4.932284355163574219e-06
-4.936009645462036133e-06
-4.935078322887420654e-06
-4.914589226245880127e-06
-4.970468580722808838e-06
-4.922039806842803955e-06
-4.898756742477416992e-06
-4.926696419715881348e-06
-4.496425390243530273e-06
-1.992098987102508545e-06
-2.970919013023376465e-07
4.433095455169677734e-07
1.355074346065521240e-06
2.033077180385589600e-06
2.335757017135620117e-06
1.894310116767883301e-06
1.254491508007049561e-06
9.238719940185546875e-07
7.450580596923828125e-07
6.034970283508300781e-07
5.271285772323608398e-07
4.116445779800415039e-07
3.268942236900329590e-07
3.045424818992614746e-07
2.654269337654113770e-07
2.551823854446411133e-07
7.078051567077636719e-07
1.987442374229431152e-06
2.482905983924865723e-06
2.939254045486450195e-06
3.322958946228027344e-06
3.772787749767303467e-06
4.212372004985809326e-06
4.468485713005065918e-06
4.812143743038177490e-06
4.993751645088195801e-06
6.982125341892242432e-06
9.438954293727874756e-06
1.148134469985961914e-05
1.334771513938903809e-05
1.490302383899688721e-05
1.660734415054321289e-05
1.841969788074493408e-05
2.067070454359054565e-05
2.270191907882690430e-05
2.517644315958023071e-05
2.835411578416824341e-05
3.199279308319091797e-05
3.516580909490585327e-05
3.859866410493850708e-05
3.421679139137268066e-05
4.259776324033737183e-05
4.869140684604644775e-05
6.016809493303298950e-05
7.682759314775466919e-05
9.812042117118835449e-05
1.358091831207275391e-04
1.864386722445487976e-04
2.448670566082000732e-04
3.065969794988632202e-04
3.679990768432617188e-04
4.348438233137130737e-04
5.074534565210342407e-04
5.876095965504646301e-04
6.714630872011184692e-04
7.556164637207984924e-04
8.385479450225830078e-04
9.209197014570236206e-04
1.002580858767032623e-03
1.082237809896469116e-03
1.161586493253707886e-03
1.238228753209114075e-03
1.312991604208946228e-03
1.385871320962905884e-03
1.457624137401580811e-03
1.529184170067310333e-03
1.599765382707118988e-03
1.667707227170467377e-03
1.732778735458850861e-03
1.802763901650905609e-03
1.873362809419631958e-03
1.942839473485946655e-03
2.011931501328945160e-03
2.079679630696773529e-03
2.142823301255702972e-03
2.195498906075954437e-03
2.237037755548954010e-03
2.285602502524852753e-03
2.326070331037044525e-03
2.339872531592845917e-03
2.335733734071254730e-03
2.328493632376194000e-03
2.322964370250701904e-03
2.318514510989189148e-03
2.314635552465915680e-03
2.311165444552898407e-03
2.308056689798831940e-03
2.305270172655582428e-03
2.302736975252628326e-03
2.300373278558254242e-03
2.298138104379177094e-03
2.296099439263343811e-03
2.294181846082210541e-03
2.292376011610031128e-03
2.290644682943820953e-03
2.289040945470333099e-03
2.287521958351135254e-03
2.286047674715518951e-03
2.284640446305274963e-03
2.283303998410701752e-03
2.282059751451015472e-03
2.280804328620433807e-03
2.279658801853656769e-03
2.278496511280536652e-03
2.277418039739131927e-03
2.276389859616756439e-03
2.275392413139343262e-03
2.274363301694393158e-03
2.273434773087501526e-03
2.272556535899639130e-03
2.271628938615322113e-03
2.270721830427646637e-03
2.269901335239410400e-03
2.269129268825054169e-03
2.268215641379356384e-03
2.256087027490139008e-03
2.215567044913768768e-03
2.182305790483951569e-03
2.147154882550239563e-03
2.108339220285415649e-03
2.069300040602684021e-03
2.030122093856334686e-03
1.991682685911655426e-03
1.953049562871456146e-03
1.915626227855682373e-03
1.878174021840095520e-03
1.841062679886817932e-03
1.804122701287269592e-03
1.767282374203205109e-03
1.732189208269119263e-03
1.695610582828521729e-03
1.661037094891071320e-03
1.625237055122852325e-03
1.590654253959655762e-03
1.556304283440113068e-03
1.521383412182331085e-03
1.486789435148239136e-03
1.452163793146610260e-03
1.418356783688068390e-03
1.383921131491661072e-03
1.350649632513523102e-03
1.316626556217670441e-03
1.283654011785984039e-03
1.249956898391246796e-03
1.217301003634929657e-03
1.184621825814247131e-03
1.152151264250278473e-03
1.119900494813919067e-03
1.087391749024391174e-03
1.055543310940265656e-03
1.023709774017333984e-03
9.922925382852554321e-04
9.614247828722000122e-04
9.301202371716499329e-04
8.994610980153083801e-04
8.683605119585990906e-04
8.377311751246452332e-04
8.071810007095336914e-04
7.768021896481513977e-04
7.470715790987014771e-04
7.167933508753776550e-04
6.943941116333007812e-04
6.600078195333480835e-04
6.337566301226615906e-04
6.143180653452873230e-04
5.863793194293975830e-04
5.583381280303001404e-04
5.319751799106597900e-04
5.053095519542694092e-04
4.801647737622261047e-04
4.551308229565620422e-04
4.310691729187965393e-04
4.083607345819473267e-04
3.862837329506874084e-04
3.654193133115768433e-04
3.439290449023246765e-04
3.237957134842872620e-04
3.042798489332199097e-04
2.859756350517272949e-04
2.685273066163063049e-04
2.517793327569961548e-04
2.350844442844390869e-04
2.181772142648696899e-04
2.018688246607780457e-04
1.859534531831741333e-04
1.701125875115394592e-04
1.538889482617378235e-04
1.386497169733047485e-04
1.231785863637924194e-04
1.091789454221725464e-04
9.577162563800811768e-05
8.407607674598693848e-05
7.361825555562973022e-05
6.429571658372879028e-05
5.596876144409179688e-05
4.974566400051116943e-05
4.653260111808776855e-05
4.501361399888992310e-05
4.421640187501907349e-05
4.280358552932739258e-05
4.100333899259567261e-05
3.935303539037704468e-05
3.870017826557159424e-05
3.752484917640686035e-05
3.494415432214736938e-05
3.172457218170166016e-05
2.879183739423751831e-05
2.547539770603179932e-05
2.312473952770233154e-05
2.047885209321975708e-05
1.840479671955108643e-05
1.701898872852325439e-05
1.601129770278930664e-05
1.491885632276535034e-05
1.309160143136978149e-05
1.180730760097503662e-05
9.218230843544006348e-06
7.384456694126129150e-06
6.325542926788330078e-06
5.076639354228973389e-06
3.922730684280395508e-06
2.764165401458740234e-06
1.562759280204772949e-06
2.589076757431030273e-07
-7.534399628639221191e-07
-3.468245267868041992e-06
-4.896894097328186035e-06
-4.905276000499725342e-06
-4.883855581283569336e-06
-4.878267645835876465e-06
-4.948116838932037354e-06
-4.891306161880493164e-06
-4.914589226245880127e-06
-4.881061613559722900e-06
-4.890374839305877686e-06
-4.874542355537414551e-06
-4.881992936134338379e-06
-4.886649549007415771e-06
-4.880130290985107422e-06
-4.898756742477416992e-06
-4.920177161693572998e-06
-4.884786903858184814e-06
-4.883855581283569336e-06
-4.898756742477416992e-06
