-4.622153937816619873e-06
-4.608184099197387695e-06
-4.642643034458160400e-06
-4.625879228115081787e-06
-4.640780389308929443e-06
-4.607252776622772217e-06
-4.603527486324310303e-06
-4.614703357219696045e-06
-4.619359970092773438e-06
-4.629604518413543701e-06
-4.604458808898925781e-06
-4.608184099197387695e-06
-4.624016582965850830e-06
-4.615634679794311523e-06
-4.619359970092773438e-06
-4.602596163749694824e-06
-4.613772034645080566e-06
-4.634261131286621094e-06
-4.637986421585083008e-06
-4.621222615242004395e-06
-4.622153937816619873e-06
-4.621222615242004395e-06
-4.597939550876617432e-06
-4.607252776622772217e-06
-4.627741873264312744e-06
-4.617497324943542480e-06
-4.647299647331237793e-06
-4.590488970279693604e-06
-4.583969712257385254e-06
-4.636123776435852051e-06
-4.608184099197387695e-06
-4.608184099197387695e-06
-4.603527486324310303e-06
-4.596076905727386475e-06
-4.616566002368927002e-06
-4.618428647518157959e-06
-4.621222615242004395e-06
-4.622153937816619873e-06
-4.605390131473541260e-06
-4.617497324943542480e-06
-4.607252776622772217e-06
-4.614703357219696045e-06
-4.626810550689697266e-06
-4.632398486137390137e-06
-4.631467163562774658e-06
-4.627741873264312744e-06
-4.620291292667388916e-06
-4.590488970279693604e-06
-4.616566002368927002e-06
-4.631467163562774658e-06
-4.593282938003540039e-06
-4.611909389495849609e-06
-4.589557647705078125e-06
-4.620291292667388916e-06
-4.617497324943542480e-06
-4.613772034645080566e-06
-4.636123776435852051e-06
-4.618428647518157959e-06
-4.610978066921234131e-06
-4.585832357406616211e-06
-4.622153937816619873e-06
-4.609115421772003174e-06
-4.597008228302001953e-06
-4.632398486137390137e-06
-4.619359970092773438e-06
-4.617497324943542480e-06
-4.615634679794311523e-06
-4.597008228302001953e-06
-4.622153937816619873e-06
-4.616566002368927002e-06
-2.238899469375610352e-06
-1.911073923110961914e-06
3.129243850708007812e-07
1.570209860801696777e-06
2.511776983737945557e-06
5.767680704593658447e-06
1.253932714462280273e-05
1.731235533952713013e-05
2.061482518911361694e-05
2.321880310773849487e-05
2.490635961294174194e-05
2.743396908044815063e-05
2.741441130638122559e-05
2.709496766328811646e-05
2.692732959985733032e-05
2.684444189071655273e-05
2.677179872989654541e-05
2.672523260116577148e-05
2.668052911758422852e-05
2.663955092430114746e-05
2.661161124706268311e-05
2.661906182765960693e-05
2.658367156982421875e-05
2.653803676366806030e-05
2.653431147336959839e-05
2.654176205396652222e-05
2.655386924743652344e-05
2.663303166627883911e-05
2.666749060153961182e-05
2.672430127859115601e-05
2.679415047168731689e-05
2.688728272914886475e-05
2.693478018045425415e-05
2.703629434108734131e-05
2.752989530563354492e-05
3.036484122276306152e-05
3.104750066995620728e-05
3.246963024139404297e-05
3.405194729566574097e-05
3.571808338165283203e-05
3.785453736782073975e-05
4.025083035230636597e-05
4.370324313640594482e-05
4.732143133878707886e-05
5.112960934638977051e-05
5.578715354204177856e-05
6.186030805110931396e-05
6.926711648702621460e-05
7.853098213672637939e-05
8.923374116420745850e-05
1.013074070215225220e-04
1.188442111015319824e-04
1.378143206238746643e-04
1.595849171280860901e-04
1.822635531425476074e-04
2.052299678325653076e-04
2.284655347466468811e-04
2.515558153390884399e-04
2.752076834440231323e-04
2.986202016472816467e-04
3.220066428184509277e-04
3.448538482189178467e-04
3.674300387501716614e-04
3.900742158293724060e-04
4.128571599721908569e-04
4.351027309894561768e-04
4.570540040731430054e-04
4.785573109984397888e-04
4.998957738280296326e-04
5.218498408794403076e-04
5.443980917334556580e-04
5.665570497512817383e-04
5.890317261219024658e-04
6.114495918154716492e-04
6.337547674775123596e-04
6.564687937498092651e-04
6.788596510887145996e-04
7.012216374278068542e-04
7.234262302517890930e-04
7.459307089447975159e-04
7.682545110583305359e-04
7.902262732386589050e-04
8.117360994219779968e-04
8.330577984452247620e-04
8.542882278561592102e-04
8.749179542064666748e-04
8.952431380748748779e-04
9.151929989457130432e-04
9.348336607217788696e-04
9.548319503664970398e-04
9.741792455315589905e-04
9.934473782777786255e-04
1.012329012155532837e-03
1.030419021844863892e-03
1.049368642270565033e-03
1.067659817636013031e-03
1.085574738681316376e-03
1.103929243981838226e-03
1.121314242482185364e-03
1.138519495725631714e-03
1.155942678451538086e-03
1.172505319118499756e-03
1.189299859106540680e-03
1.206039451062679291e-03
1.221884973347187042e-03
1.237662509083747864e-03
1.254162751138210297e-03
1.269344240427017212e-03
1.283897086977958679e-03
1.299352385103702545e-03
1.313597895205020905e-03
1.326492987573146820e-03
1.340009272098541260e-03
1.353291794657707214e-03
1.366109587252140045e-03
1.379254274070262909e-03
1.392975449562072754e-03
1.406246796250343323e-03
1.419108361005783081e-03
1.433045603334903717e-03
1.446022652089595795e-03
1.458673737943172455e-03
1.471192575991153717e-03
1.484062522649765015e-03
1.496281474828720093e-03
1.508545130491256714e-03
1.521222293376922607e-03
1.534167677164077759e-03
1.546296291053295135e-03
1.558457501232624054e-03
1.570713706314563751e-03
1.583573408424854279e-03
1.595834270119667053e-03
1.607850193977355957e-03
1.619861461222171783e-03
1.632221043109893799e-03
1.642596907913684845e-03
1.652193255722522736e-03
1.660075969994068146e-03
1.666812226176261902e-03
1.672534272074699402e-03
1.678114756941795349e-03
1.683122478425502777e-03
1.685142517089843750e-03
1.687852665781974792e-03
1.687122508883476257e-03
1.686184667050838470e-03
1.685330644249916077e-03
1.684604212641716003e-03
1.683972775936126709e-03
1.683419570326805115e-03
1.682897098362445831e-03
1.682389527559280396e-03
1.681946218013763428e-03
1.681507565081119537e-03
1.681106165051460266e-03
1.680742949247360229e-03
1.680388115346431732e-03
1.680084504187107086e-03
1.679757609963417053e-03
1.679436303675174713e-03
1.679153181612491608e-03
1.678885892033576965e-03
1.678620465099811554e-03
1.678362488746643066e-03
1.678148284554481506e-03
1.677928492426872253e-03
1.677727326750755310e-03
1.677504740655422211e-03
1.677292399108409882e-03
1.677107997238636017e-03
1.676931045949459076e-03
1.676772721111774445e-03
1.676584593951702118e-03
1.676425337791442871e-03
1.676234416663646698e-03
1.676078885793685913e-03
1.675917766988277435e-03
1.675728708505630493e-03
1.675462350249290466e-03
1.675297506153583527e-03
1.675159670412540436e-03
1.675007864832878113e-03
1.674798317253589630e-03
1.674634404480457306e-03
1.674467697739601135e-03
1.674293540418148041e-03
1.674124971032142639e-03
1.673943363130092621e-03
1.673789694905281067e-03
1.673637889325618744e-03
1.673449762165546417e-03
1.673275604844093323e-03
1.673151738941669464e-03
1.672963611781597137e-03
1.672766171395778656e-03
1.672585494816303253e-03
1.672365702688694000e-03
1.671406440436840057e-03
1.664920710027217865e-03
1.654999330639839172e-03
1.642264425754547119e-03
1.625895500183105469e-03
1.609256491065025330e-03
1.591462641954421997e-03
1.573657616972923279e-03
1.555494032800197601e-03
1.534321345388889313e-03
1.512278802692890167e-03
1.488713547587394714e-03
1.462914049625396729e-03
1.436593011021614075e-03
1.409247517585754395e-03
1.380315050482749939e-03
1.350986771285533905e-03
1.319843344390392303e-03
1.288167200982570648e-03
1.254456117749214172e-03
1.220217905938625336e-03
1.184572465717792511e-03
1.148345880210399628e-03
1.110117882490158081e-03
1.071112230420112610e-03
1.031482592225074768e-03
9.910622611641883850e-04
9.507592767477035522e-04
9.091794490814208984e-04
8.692182600498199463e-04
8.370745927095413208e-04
7.990384474396705627e-04
7.620640099048614502e-04
7.256073877215385437e-04
6.914585828781127930e-04
6.568199023604393005e-04
6.232000887393951416e-04
5.903868004679679871e-04
5.583427846431732178e-04
5.260901525616645813e-04
4.950938746333122253e-04
4.654312506318092346e-04
4.375912249088287354e-04
4.114927724003791809e-04
3.853151574730873108e-04
3.587827086448669434e-04
3.331229090690612793e-04
3.073383122682571411e-04
2.813367173075675964e-04
2.566436305642127991e-04
2.319915220141410828e-04
2.071997150778770447e-04
1.828391104936599731e-04
1.582959666848182678e-04
1.331642270088195801e-04
1.086965203285217285e-04
8.607190102338790894e-05
6.778351962566375732e-05
5.229748785495758057e-05
4.088878631591796875e-05
3.275088965892791748e-05
2.545770257711410522e-05
2.108514308929443359e-05
1.577474176883697510e-05
1.153815537691116333e-05
5.228444933891296387e-06
4.335306584835052490e-06
-8.232891559600830078e-07
-2.596527338027954102e-06
-4.633329808712005615e-06
-4.618428647518157959e-06
-4.580244421958923340e-06
-4.650093615055084229e-06
-4.601664841175079346e-06
-4.597008228302001953e-06
-4.583969712257385254e-06
-4.630535840988159180e-06
-4.583969712257385254e-06
-4.597008228302001953e-06
-4.600733518600463867e-06
-4.595145583152770996e-06
-4.579313099384307861e-06
-4.605390131473541260e-06
