-8.267350494861602783e-06
-8.270144462585449219e-06
-8.258968591690063477e-06
-8.239410817623138428e-06
-8.263625204563140869e-06
-8.272938430309295654e-06
-8.260831236839294434e-06
-8.257105946540832520e-06
-8.271075785160064697e-06
-8.251518011093139648e-06
-8.260831236839294434e-06
-8.270144462585449219e-06
-8.264556527137756348e-06
-8.277595043182373047e-06
-8.250586688518524170e-06
-8.282251656055450439e-06
-8.263625204563140869e-06
-8.245930075645446777e-06
-8.276663720607757568e-06
-8.274801075458526611e-06
-8.279457688331604004e-06
-8.259899914264678955e-06
-8.254311978816986084e-06
-8.279457688331604004e-06
-8.289702236652374268e-06
-8.265487849712371826e-06
-8.274801075458526611e-06
-8.259899914264678955e-06
-8.271075785160064697e-06
-8.221715688705444336e-06
-8.247792720794677734e-06
-8.267350494861602783e-06
-8.276663720607757568e-06
-8.266419172286987305e-06
-8.271075785160064697e-06
-8.239410817623138428e-06
-8.270144462585449219e-06
-8.260831236839294434e-06
-8.252449333667755127e-06
-8.266419172286987305e-06
-8.265487849712371826e-06
-8.270144462585449219e-06
-8.245930075645446777e-06
-8.265487849712371826e-06
-8.275732398033142090e-06
-8.235685527324676514e-06
-8.257105946540832520e-06
-8.238479495048522949e-06
-8.266419172286987305e-06
-8.257105946540832520e-06
-8.280389010906219482e-06
-8.272938430309295654e-06
-8.276663720607757568e-06
-8.260831236839294434e-06
-8.267350494861602783e-06
-8.267350494861602783e-06
-8.260831236839294434e-06
-8.248724043369293213e-06
-8.248724043369293213e-06
-8.257105946540832520e-06
-8.252449333667755127e-06
-8.253380656242370605e-06
-8.265487849712371826e-06
-8.240342140197753906e-06
-8.254311978816986084e-06
-8.275732398033142090e-06
-8.244067430496215820e-06
-8.279457688331604004e-06
-8.259899914264678955e-06
-8.276663720607757568e-06
-6.821006536483764648e-06
-6.302259862422943115e-06
-6.029382348060607910e-06
-3.871507942676544189e-06
-3.224238753318786621e-06
-1.695938408374786377e-06
2.189539372920989990e-06
7.563270628452301025e-06
9.655952453613281250e-06
1.210067421197891235e-05
1.349113881587982178e-05
1.549627631902694702e-05
1.624133437871932983e-05
1.597404479980468750e-05
1.585669815540313721e-05
1.576449722051620483e-05
1.567881554365158081e-05
1.565553247928619385e-05
1.558754593133926392e-05
1.560803502798080444e-05
1.555215567350387573e-05
1.555122435092926025e-05
1.550000160932540894e-05
1.548510044813156128e-05
1.549813896417617798e-05
1.548416912555694580e-05
1.549627631902694702e-05
1.552700996398925781e-05
1.555215567350387573e-05
1.561641693115234375e-05
1.567136496305465698e-05
1.572631299495697021e-05
1.575704663991928101e-05
1.582223922014236450e-05
1.597125083208084106e-05
1.773890107870101929e-05
1.864135265350341797e-05
1.950934529304504395e-05
2.061109989881515503e-05
2.188142389059066772e-05
2.326909452676773071e-05
2.502091228961944580e-05
2.724863588809967041e-05
3.001186996698379517e-05
3.278627991676330566e-05
3.600306808948516846e-05
4.005804657936096191e-05
4.528462886810302734e-05
5.164556205272674561e-05
5.926843732595443726e-05
6.832927465438842773e-05
7.916335016489028931e-05
9.317416697740554810e-05
1.088185235857963562e-04
1.260396093130111694e-04
1.433053985238075256e-04
1.611644402146339417e-04
1.785419881343841553e-04
1.965835690498352051e-04
2.143410965800285339e-04
2.324851229786872864e-04
2.498878166079521179e-04
2.672364935278892517e-04
2.842983230948448181e-04
3.017894923686981201e-04
3.188420087099075317e-04
3.357427194714546204e-04
3.523910418152809143e-04
3.687599673867225647e-04
3.852201625704765320e-04
4.022773355245590210e-04
4.192339256405830383e-04
4.361141473054885864e-04
4.533622413873672485e-04
4.702666774392127991e-04
4.876255989074707031e-04
5.048913881182670593e-04
5.220277234911918640e-04
5.389451980590820312e-04
5.558468401432037354e-04
5.730483680963516235e-04
5.899881944060325623e-04
6.066337227821350098e-04
6.228592246770858765e-04
6.391722708940505981e-04
6.550997495651245117e-04
6.707413122057914734e-04
6.860913708806037903e-04
7.010484114289283752e-04
7.163099944591522217e-04
7.314002141356468201e-04
7.460126653313636780e-04
7.605412974953651428e-04
7.746750488877296448e-04
7.888246327638626099e-04
8.031111210584640503e-04
8.167168125510215759e-04
8.307797834277153015e-04
8.443584665656089783e-04
8.573066443204879761e-04
8.706897497177124023e-04
8.838213980197906494e-04
8.961986750364303589e-04
9.092995896935462952e-04
9.217429906129837036e-04
9.334497153759002686e-04
9.460831061005592346e-04
9.582638740539550781e-04
9.692534804344177246e-04
9.810039773583412170e-04
9.922208264470100403e-04
1.002563163638114929e-03
1.012493856251239777e-03
1.022851094603538513e-03
1.032914035022258759e-03
1.042509451508522034e-03
1.053036190569400787e-03
1.063293777406215668e-03
1.073218882083892822e-03
1.083401963114738464e-03
1.093823462724685669e-03
1.103637740015983582e-03
1.113031990826129913e-03
1.122932881116867065e-03
1.132317818701267242e-03
1.141845248639583588e-03
1.151090487837791443e-03
1.161288470029830933e-03
1.170501112937927246e-03
1.180082559585571289e-03
1.189126633107662201e-03
1.198973506689071655e-03
1.208329573273658752e-03
1.217849552631378174e-03
1.226828433573246002e-03
1.236383803188800812e-03
1.245079562067985535e-03
1.252676360309123993e-03
1.259469427168369293e-03
1.264875754714012146e-03
1.269302330911159515e-03
1.274254173040390015e-03
1.278098672628402710e-03
1.281176693737506866e-03
1.282497309148311615e-03
1.283150166273117065e-03
1.282355748116970062e-03
1.281662844121456146e-03
1.281051896512508392e-03
1.280510798096656799e-03
1.280080527067184448e-03
1.279641874134540558e-03
1.279262825846672058e-03
1.278895884752273560e-03
1.278576441109180450e-03
1.278262585401535034e-03
1.277932897210121155e-03
1.277652569115161896e-03
1.277399249374866486e-03
1.277135685086250305e-03
1.276900060474872589e-03
1.276697963476181030e-03
1.276477240025997162e-03
1.276251859962940216e-03
1.276083290576934814e-03
1.275868155062198639e-03
1.275734044611454010e-03
1.275530084967613220e-03
1.275397837162017822e-03
1.275228336453437805e-03
1.275054179131984711e-03
1.274919137358665466e-03
1.274814829230308533e-03
1.274638809263706207e-03
1.274508424103260040e-03
1.274383626878261566e-03
1.274262554943561554e-03
1.274123787879943848e-03
1.273989677429199219e-03
1.273830421268939972e-03
1.273673027753829956e-03
1.273568719625473022e-03
1.273403875529766083e-03
1.273311674594879150e-03
1.273140311241149902e-03
1.273022964596748352e-03
1.272897236049175262e-03
1.272756606340408325e-03
1.272639259696006775e-03
1.272522844374179840e-03
1.272358000278472900e-03
1.272251829504966736e-03
1.272123306989669800e-03
1.271991990506649017e-03
1.271872781217098236e-03
1.271744258701801300e-03
1.271587796509265900e-03
1.271439716219902039e-03
1.271173357963562012e-03
1.268205232918262482e-03
1.262029632925987244e-03
1.253321766853332520e-03
1.242043450474739075e-03
1.229093410074710846e-03
1.216277480125427246e-03
1.201981678605079651e-03
1.188877038657665253e-03
1.173606142401695251e-03
1.157089136540889740e-03
1.139491796493530273e-03
1.120735891163349152e-03
1.100718975067138672e-03
1.080051995813846588e-03
1.058160327374935150e-03
1.036136411130428314e-03
1.013146713376045227e-03
9.890999644994735718e-04
9.641060605645179749e-04
9.379917755722999573e-04
9.111464023590087891e-04
8.838642388582229614e-04
8.548879995942115784e-04
8.256463333964347839e-04
7.956419140100479126e-04
7.648598402738571167e-04
7.337657734751701355e-04
7.025413215160369873e-04
6.716642528772354126e-04
6.428826600313186646e-04
6.173150613903999329e-04
5.889395251870155334e-04
5.610985681414604187e-04
5.337409675121307373e-04
5.077440291643142700e-04
4.819771274924278259e-04
4.564784467220306396e-04
4.315571859478950500e-04
4.075067117810249329e-04
3.832001239061355591e-04
3.599599003791809082e-04
3.381539136171340942e-04
3.178613260388374329e-04
2.977903932332992554e-04
2.780864015221595764e-04
2.579418942332267761e-04
2.382742241024971008e-04
2.188142389059066772e-04
1.992387697100639343e-04
1.805583015084266663e-04
1.619951799511909485e-04
1.431545242667198181e-04
1.244517043232917786e-04
1.057730987668037415e-04
8.687190711498260498e-05
6.853975355625152588e-05
5.324557423591613770e-05
4.027131944894790649e-05
3.015995025634765625e-05
2.309214323759078979e-05
1.698080450296401978e-05
1.281406730413436890e-05
9.242445230484008789e-06
5.522742867469787598e-06
8.018687367439270020e-07
-1.237727701663970947e-06
-3.746710717678070068e-06
-6.164424121379852295e-06
-7.970258593559265137e-06
-8.272007107734680176e-06
-8.258968591690063477e-06
-8.287839591503143311e-06
-8.257105946540832520e-06
-8.266419172286987305e-06
-8.263625204563140869e-06
-8.291564881801605225e-06
-8.261762559413909912e-06
-8.274801075458526611e-06
-8.279457688331604004e-06
-8.275732398033142090e-06
-8.271075785160064697e-06
-8.292496204376220703e-06
-8.282251656055450439e-06
