-8.238479495048522949e-06
-8.239410817623138428e-06
-8.217059075832366943e-06
-8.236616849899291992e-06
-8.228234946727752686e-06
-8.241273462772369385e-06
-8.230097591876983643e-06
-8.232891559600830078e-06
-8.235685527324676514e-06
-8.218921720981597900e-06
-8.261762559413909912e-06
-8.238479495048522949e-06
-8.250586688518524170e-06
-8.213333785533905029e-06
-8.223578333854675293e-06
-8.223578333854675293e-06
-8.230097591876983643e-06
-8.244998753070831299e-06
-8.240342140197753906e-06
-8.231028914451599121e-06
-6.180256605148315430e-06
-5.399808287620544434e-06
-4.624016582965850830e-06
-3.874301910400390625e-06
-2.790242433547973633e-06
-2.299435436725616455e-06
-1.873821020126342773e-06
-1.649372279644012451e-06
-1.441687345504760742e-06
-1.245178282260894775e-06
-9.145587682723999023e-07
1.480802893638610840e-06
2.759508788585662842e-06
3.585591912269592285e-06
4.221685230731964111e-06
4.988163709640502930e-06
5.896203219890594482e-06
6.779097020626068115e-06
7.634982466697692871e-06
8.579343557357788086e-06
9.532086551189422607e-06
1.042429357767105103e-05
1.144129782915115356e-05
1.229904592037200928e-05
1.338217407464981079e-05
1.439265906810760498e-05
1.518800854682922363e-05
1.608114689588546753e-05
1.709535717964172363e-05
1.819524914026260376e-05
1.918338239192962646e-05
2.034939825534820557e-05
2.247001975774765015e-05
2.490822225809097290e-05
2.729892730712890625e-05
3.005098551511764526e-05
3.384239971637725830e-05
3.877282142639160156e-05
4.028994590044021606e-05
3.830716013908386230e-05
3.677234053611755371e-05
3.584474325180053711e-05
3.512576222419738770e-05
3.459025174379348755e-05
3.411993384361267090e-05
3.373902291059494019e-05
3.339722752571105957e-05
3.308337181806564331e-05
3.284774720668792725e-05
3.258977085351943970e-05
3.235694020986557007e-05
3.211572766304016113e-05
3.192387521266937256e-05
3.176368772983551025e-05
3.155786544084548950e-05
3.150943666696548462e-05
3.143865615129470825e-05
3.133993595838546753e-05
3.122724592685699463e-05
3.116019070148468018e-05
3.119464963674545288e-05
3.344099968671798706e-05
3.630854189395904541e-05
3.947317600250244141e-05
4.220753908157348633e-05
4.454329609870910645e-05
4.679337143898010254e-05
4.920642822980880737e-05
5.243066698312759399e-05
5.600973963737487793e-05
6.007682532072067261e-05
6.472691893577575684e-05
6.964895874261856079e-05
7.596705108880996704e-05
8.372124284505844116e-05
9.360443800687789917e-05
1.043984666466712952e-04
1.164441928267478943e-04
1.292480155825614929e-04
1.435969024896621704e-04
1.585725694894790649e-04
1.751612871885299683e-04
1.920182257890701294e-04
2.090064808726310730e-04
2.268971875309944153e-04
2.460358664393424988e-04
2.670474350452423096e-04
2.887342125177383423e-04
3.123413771390914917e-04
3.370475023984909058e-04
3.634262830018997192e-04
3.916751593351364136e-04
4.222206771373748779e-04
4.541287198662757874e-04
4.868302494287490845e-04
5.204854533076286316e-04
5.546510219573974609e-04
5.889004096388816833e-04
6.221756339073181152e-04
6.541507318615913391e-04
6.848443299531936646e-04
7.141558453440666199e-04
7.426347583532333374e-04
7.698172703385353088e-04
7.950710132718086243e-04
8.190656080842018127e-04
8.419584482908248901e-04
8.635679259896278381e-04
8.835513144731521606e-04
9.020203724503517151e-04
9.194808080792427063e-04
9.360378608107566833e-04
9.504407644271850586e-04
9.639291092753410339e-04
9.769909083843231201e-04
9.887889027595520020e-04
9.992234408855438232e-04
1.009297557175159454e-03
1.018634065985679626e-03
1.026819460093975067e-03
1.034162007272243500e-03
1.040646806359291077e-03
1.046705991029739380e-03
1.051874831318855286e-03
1.055543310940265656e-03
1.057718880474567413e-03
1.058699563145637512e-03
1.060851849615573883e-03
1.060034148395061493e-03
1.059123314917087555e-03
1.058341935276985168e-03
1.057601533830165863e-03
1.056946814060211182e-03
1.056372188031673431e-03
1.055764034390449524e-03
1.055262051522731781e-03
1.054671593010425568e-03
1.054117456078529358e-03
1.053665764629840851e-03
1.053228974342346191e-03
1.052825711667537689e-03
1.052417792379856110e-03
1.052031293511390686e-03
1.051652245223522186e-03
1.051275059580802917e-03
1.050874590873718262e-03
1.050467602908611298e-03
1.050021499395370483e-03
1.049586571753025055e-03
1.049211248755455017e-03
1.048840582370758057e-03
1.048482954502105713e-03
1.048104837536811829e-03
1.047695986926555634e-03
1.045466400682926178e-03
1.038418151438236237e-03
1.027965918183326721e-03
1.018280163407325745e-03
1.009900122880935669e-03
1.000490970909595490e-03
9.907474741339683533e-04
9.825844317674636841e-04
9.750444442033767700e-04
9.668990969657897949e-04
9.587975218892097473e-04
9.516989812254905701e-04
9.440518915653228760e-04
9.353077039122581482e-04
9.275246411561965942e-04
9.203078225255012512e-04
9.120004251599311829e-04
9.037069976329803467e-04
8.961725980043411255e-04
8.883429691195487976e-04
8.799033239483833313e-04
8.726892992854118347e-04
8.654324337840080261e-04
8.573280647397041321e-04
8.494900539517402649e-04
8.421447128057479858e-04
8.342312648892402649e-04
8.262135088443756104e-04
8.195312693715095520e-04
8.126311004161834717e-04
8.053267374634742737e-04
7.983800023794174194e-04
7.915077731013298035e-04
7.841009646654129028e-04
7.759621366858482361e-04
7.690619677305221558e-04
7.619252428412437439e-04
7.541608065366744995e-04
7.469402626156806946e-04
7.399665191769599915e-04
7.321052253246307373e-04
7.242057472467422485e-04
7.177153602242469788e-04
7.109045982360839844e-04
7.034093141555786133e-04
6.966218352317810059e-04
6.902841851115226746e-04
6.829947233200073242e-04
6.758244708180427551e-04
6.699385121464729309e-04
6.634583696722984314e-04
6.561568006873130798e-04
6.494196131825447083e-04
6.428807973861694336e-04
6.354274228215217590e-04
6.281817331910133362e-04
6.221821531653404236e-04
6.157336756587028503e-04
6.085243076086044312e-04
6.020050495862960815e-04
5.957186222076416016e-04
5.884999409317970276e-04
5.815625190734863281e-04
5.760183557868003845e-04
5.698893219232559204e-04
5.629640072584152222e-04
5.566775798797607422e-04
5.507757887244224548e-04
5.440320819616317749e-04
5.373451858758926392e-04
5.317740142345428467e-04
5.256114527583122253e-04
5.188696086406707764e-04
5.127014592289924622e-04
5.066813901066780090e-04
4.999358206987380981e-04
4.931613802909851074e-04
4.876954481005668640e-04
4.840111359953880310e-04
4.812441766262054443e-04
4.747109487652778625e-04
4.691360518336296082e-04
4.631970077753067017e-04
4.561655223369598389e-04
4.462357610464096069e-04
4.402147606015205383e-04
4.385448992252349854e-04
4.338053986430168152e-04
4.282947629690170288e-04
4.229657351970672607e-04
4.169298335909843445e-04
4.115980118513107300e-04
4.063760861754417419e-04
4.005152732133865356e-04
3.948351368308067322e-04
3.897063434123992920e-04
3.845179453492164612e-04
3.789970651268959045e-04
3.733290359377861023e-04
3.685122355818748474e-04
3.631571307778358459e-04
3.574891015887260437e-04
3.523742780089378357e-04
3.476338461041450500e-04
3.429008647799491882e-04
3.377506509423255920e-04
3.332328051328659058e-04
3.287196159362792969e-04
3.241533413529396057e-04
3.189714625477790833e-04
3.146156668663024902e-04
3.103427588939666748e-04
3.059664741158485413e-04
3.013275563716888428e-04
2.971170470118522644e-04
2.930480986833572388e-04
2.888375893235206604e-04
2.839975059032440186e-04
2.801902592182159424e-04
2.764584496617317200e-04
2.727350220084190369e-04
2.682534977793693542e-04
2.645067870616912842e-04
2.609863877296447754e-04
2.570990473031997681e-04
2.531083300709724426e-04
2.490067854523658752e-04
2.460191026329994202e-04
2.429448068141937256e-04
2.392502501606941223e-04
2.356385812163352966e-04
2.323761582374572754e-04
2.290792763233184814e-04
2.254694700241088867e-04
2.215392887592315674e-04
2.179499715566635132e-04
2.153590321540832520e-04
2.127103507518768311e-04
2.094879746437072754e-04
2.062665298581123352e-04
2.035871148109436035e-04
2.008853480219841003e-04
1.977896317839622498e-04
1.943921670317649841e-04
1.909788697957992554e-04
1.881439238786697388e-04
1.855148002505302429e-04
1.825792714953422546e-04
1.793280243873596191e-04
1.767780631780624390e-04
1.745680347084999084e-04
1.721139997243881226e-04
1.691263169050216675e-04
1.660287380218505859e-04
1.636901870369911194e-04
1.615919172763824463e-04
1.591723412275314331e-04
1.563429832458496094e-04
1.533506438136100769e-04
1.510232686996459961e-04
1.488979905843734741e-04
1.466087996959686279e-04
1.439815387129783630e-04
1.411531120538711548e-04
1.390194520354270935e-04
1.370823010802268982e-04
1.347884535789489746e-04
1.320494338870048523e-04
1.293784007430076599e-04
1.272102817893028259e-04
1.252116635441780090e-04
1.229289919137954712e-04
1.201909035444259644e-04
1.171333715319633484e-04
1.149047166109085083e-04
1.128688454627990723e-04
1.104706898331642151e-04
1.076757907867431641e-04
1.051379367709159851e-04
1.031067222356796265e-04
1.012636348605155945e-04
9.905640035867691040e-05
9.651295840740203857e-05
9.397789835929870605e-05
9.208265691995620728e-05
9.035225957632064819e-05
8.849799633026123047e-05
8.637364953756332397e-05
8.400622755289077759e-05
8.195172995328903198e-05
8.042063564062118530e-05
7.879454642534255981e-05
7.676333189010620117e-05
7.451884448528289795e-05
7.242616266012191772e-05
7.063709199428558350e-05
6.889086216688156128e-05
6.700400263071060181e-05
6.496347486972808838e-05
6.324332207441329956e-05
6.199814379215240479e-05
6.080791354179382324e-05
5.932990461587905884e-05
5.757901817560195923e-05
5.583278834819793701e-05
5.449540913105010986e-05
5.342438817024230957e-05
5.219969898462295532e-05
5.091447383165359497e-05
4.950165748596191406e-05
4.818942397832870483e-05
4.723947495222091675e-05
4.624109715223312378e-05
4.492234438657760620e-05
4.359148442745208740e-05
4.220940172672271729e-05
4.116725176572799683e-05
4.020147025585174561e-05
3.905221819877624512e-05
3.790110349655151367e-05
3.701820969581604004e-05
3.650691360235214233e-05
3.601144999265670776e-05
3.554020076990127563e-05
3.502704203128814697e-05
3.448408097028732300e-05
3.418978303670883179e-05
3.396067768335342407e-05
3.370735794305801392e-05
3.355368971824645996e-05
3.337766975164413452e-05
3.327149897813796997e-05
3.323983401060104370e-05
3.317650407552719116e-05
3.307033330202102661e-05
3.295764327049255371e-05
3.284309059381484985e-05
3.277510404586791992e-05
3.273226320743560791e-05
3.265123814344406128e-05
3.251619637012481689e-05
3.230478614568710327e-05
3.207288682460784912e-05
3.190245479345321655e-05
3.170594573020935059e-05
3.024097532033920288e-05
2.162344753742218018e-05
9.487383067607879639e-06
4.387460649013519287e-06
-2.775341272354125977e-07
-4.215165972709655762e-06
-6.346963346004486084e-06
-7.816590368747711182e-06
-8.242204785346984863e-06
-8.308328688144683838e-06
-8.258037269115447998e-06
-8.251518011093139648e-06
-8.277595043182373047e-06
-8.270144462585449219e-06
-8.272007107734680176e-06
-8.254311978816986084e-06
-8.285045623779296875e-06
-8.258037269115447998e-06
-8.286908268928527832e-06
