-4.672445356845855713e-06
-4.639849066734313965e-06
-4.662200808525085449e-06
-4.664063453674316406e-06
-4.653818905353546143e-06
-4.639849066734313965e-06
-4.657544195652008057e-06
-4.636123776435852051e-06
-4.637986421585083008e-06
-4.653818905353546143e-06
-4.643574357032775879e-06
-4.650093615055084229e-06
-4.669651389122009277e-06
-4.681758582592010498e-06
-4.645437002182006836e-06
-4.658475518226623535e-06
-4.649162292480468750e-06
-4.662200808525085449e-06
-4.654750227928161621e-06
-4.676170647144317627e-06
-2.642162144184112549e-06
-1.610256731510162354e-06
-5.085021257400512695e-07
5.019828677177429199e-07
1.843087375164031982e-06
2.849847078323364258e-06
3.452412784099578857e-06
3.893859684467315674e-06
4.137866199016571045e-06
4.370696842670440674e-06
4.734843969345092773e-06
6.687827408313751221e-06
9.131617844104766846e-06
1.032277941703796387e-05
1.122429966926574707e-05
1.210905611515045166e-05
1.330859959125518799e-05
1.446623355150222778e-05
1.561455428600311279e-05
1.678708940744400024e-05
1.793261617422103882e-05
1.932773739099502563e-05
2.056453377008438110e-05
2.168305218219757080e-05
2.293847501277923584e-05
2.444721758365631104e-05
2.563185989856719971e-05
2.668518573045730591e-05
2.789963036775588989e-05
2.928730100393295288e-05
3.075134009122848511e-05
3.206264227628707886e-05
3.404635936021804810e-05
3.717094659805297852e-05
4.045478999614715576e-05
4.376564174890518188e-05
4.781410098075866699e-05
5.357060581445693970e-05
5.915574729442596436e-05
5.801580846309661865e-05
5.537085235118865967e-05
5.381833761930465698e-05
5.272496491670608521e-05
5.193240940570831299e-05
5.127955228090286255e-05
5.072541534900665283e-05
5.026441067457199097e-05
4.983134567737579346e-05
4.947278648614883423e-05
4.910584539175033569e-05
4.879198968410491943e-05
4.851445555686950684e-05
4.822295159101486206e-05
4.801247268915176392e-05
4.775449633598327637e-05
4.753377288579940796e-05
4.752352833747863770e-05
4.738476127386093140e-05
4.724040627479553223e-05
4.713237285614013672e-05
4.708208143711090088e-05
4.772841930389404297e-05
5.171913653612136841e-05
5.595199763774871826e-05
5.981512367725372314e-05
6.308406591415405273e-05
6.600748747587203979e-05
6.901752203702926636e-05
7.268600165843963623e-05
7.713399827480316162e-05
8.225813508033752441e-05
8.778925985097885132e-05
9.421631693840026855e-05
1.010894775390625000e-04
1.105759292840957642e-04
1.220749691128730774e-04
1.354794949293136597e-04
1.505911350250244141e-04
1.667467877268791199e-04
1.846998929977416992e-04
2.037277445197105408e-04
2.245092764496803284e-04
2.464596182107925415e-04
2.688048407435417175e-04
2.915794029831886292e-04
3.153216093778610229e-04
3.421930596232414246e-04
3.698552027344703674e-04
3.993557766079902649e-04
4.309657961130142212e-04
4.646033048629760742e-04
5.003111436963081360e-04
5.386676639318466187e-04
5.797725170850753784e-04
6.221681833267211914e-04
6.658360362052917480e-04
7.103234529495239258e-04
7.551107555627822876e-04
7.993560284376144409e-04
8.425125852227210999e-04
8.834926411509513855e-04
9.226277470588684082e-04
9.607207030057907104e-04
9.973468258976936340e-04
1.031727530062198639e-03
1.063950359821319580e-03
1.094663515686988831e-03
1.123963855206966400e-03
1.151156611740589142e-03
1.176388934254646301e-03
1.199927181005477905e-03
1.222240738570690155e-03
1.242515631020069122e-03
1.260699704289436340e-03
1.278307288885116577e-03
1.294455491006374359e-03
1.309227198362350464e-03
1.322451047599315643e-03
1.335402019321918488e-03
1.346756704151630402e-03
1.357064582407474518e-03
1.365935429930686951e-03
1.374213956296443939e-03
1.381838694214820862e-03
1.387268304824829102e-03
1.390785910189151764e-03
1.393822953104972839e-03
1.395929604768753052e-03
1.396309584379196167e-03
1.395117491483688354e-03
1.393995247781276703e-03
1.393061131238937378e-03
1.392127946019172668e-03
1.391332596540451050e-03
1.390537247061729431e-03
1.389846205711364746e-03
1.389153301715850830e-03
1.388349570333957672e-03
1.387732103466987610e-03
1.387190073728561401e-03
1.386624760925769806e-03
1.386097632348537445e-03
1.385550014674663544e-03
1.385044306516647339e-03
1.384545117616653442e-03
1.384068280458450317e-03
1.383539289236068726e-03
1.382962800562381744e-03
1.382445916533470154e-03
1.381903886795043945e-03
1.381394453346729279e-03
1.380917616188526154e-03
1.380415633320808411e-03
1.379914581775665283e-03
1.379042863845825195e-03
1.373243518173694611e-03
1.361183822154998779e-03
1.347420737147331238e-03
1.335964538156986237e-03
1.324427314102649689e-03
1.311658881604671478e-03
1.299760304391384125e-03
1.289645209908485413e-03
1.279671676456928253e-03
1.268708147108554840e-03
1.258730888366699219e-03
1.249524764716625214e-03
1.238518394529819489e-03
1.227511093020439148e-03
1.218010671436786652e-03
1.207921653985977173e-03
1.196766272187232971e-03
1.186454668641090393e-03
1.176713965833187103e-03
1.165781170129776001e-03
1.155506819486618042e-03
1.146229915320873260e-03
1.136205159127712250e-03
1.125477254390716553e-03
1.115748658776283264e-03
1.105833798646926880e-03
1.095206476747989655e-03
1.085514202713966370e-03
1.076824963092803955e-03
1.067566685378551483e-03
1.057973131537437439e-03
1.049125567078590393e-03
1.039962284266948700e-03
1.029512844979763031e-03
1.019529998302459717e-03
1.010672189295291901e-03
1.000812277197837830e-03
9.907772764563560486e-04
9.817667305469512939e-04
9.720716625452041626e-04
9.614732116460800171e-04
9.520379826426506042e-04
9.436467662453651428e-04
9.340429678559303284e-04
9.245853871107101440e-04
9.162258356809616089e-04
9.073568508028984070e-04
8.975453674793243408e-04
8.890824392437934875e-04
8.813422173261642456e-04
8.720532059669494629e-04
8.626598864793777466e-04
8.542547002434730530e-04
8.451091125607490540e-04
8.352044969797134399e-04
8.264752104878425598e-04
8.187526836991310120e-04
8.095502853393554688e-04
8.003916591405868530e-04
7.922882214188575745e-04
7.834434509277343750e-04
7.738117128610610962e-04
7.657976821064949036e-04
7.584560662508010864e-04
7.496895268559455872e-04
7.408354431390762329e-04
7.331799715757369995e-04
7.247813045978546143e-04
7.157875224947929382e-04
7.077828049659729004e-04
7.003284990787506104e-04
6.917929276823997498e-04
6.830682978034019470e-04
6.754118949174880981e-04
6.670076400041580200e-04
6.579803302884101868e-04
6.499346345663070679e-04
6.434461101889610291e-04
6.404360756278038025e-04
6.332369521260261536e-04
6.258655339479446411e-04
6.183106452226638794e-04
6.100405007600784302e-04
5.987957119941711426e-04
5.874698981642723083e-04
5.823597311973571777e-04
5.803192034363746643e-04
5.719177424907684326e-04
5.652057006955146790e-04
5.575893446803092957e-04
5.500335246324539185e-04
5.433559417724609375e-04
5.359333008527755737e-04
5.283225327730178833e-04
5.213227123022079468e-04
5.145203322172164917e-04
5.076527595520019531e-04
5.001658573746681213e-04
4.931995645165443420e-04
4.867361858487129211e-04
4.794318228960037231e-04
4.721535369753837585e-04
4.656892269849777222e-04
4.597790539264678955e-04
4.531247541308403015e-04
4.466548562049865723e-04
4.408517852425575256e-04
4.350962117314338684e-04
4.285331815481185913e-04
4.220213741064071655e-04
4.167100414633750916e-04
4.109935835003852844e-04
4.050144925713539124e-04
3.990046679973602295e-04
3.939736634492874146e-04
3.884322941303253174e-04
3.824252635240554810e-04
3.764219582080841064e-04
3.717727959156036377e-04
3.671050071716308594e-04
3.614844754338264465e-04
3.560315817594528198e-04
3.510704264044761658e-04
3.466755151748657227e-04
3.414209932088851929e-04
3.359206020832061768e-04
3.314521163702011108e-04
3.272034227848052979e-04
3.228802233934402466e-04
3.181919455528259277e-04
3.133248537778854370e-04
3.092512488365173340e-04
3.050714731216430664e-04
2.997955307364463806e-04
2.948781475424766541e-04
2.909395843744277954e-04
2.872673794627189636e-04
2.833763137459754944e-04
2.793502062559127808e-04
2.752188593149185181e-04
2.716071903705596924e-04
2.680737525224685669e-04
2.640886232256889343e-04
2.591628581285476685e-04
2.553518861532211304e-04
2.519255504012107849e-04
2.479441463947296143e-04
2.439580857753753662e-04
2.402123063802719116e-04
2.368614077568054199e-04
2.337200567126274109e-04
2.302704378962516785e-04
2.265190705657005310e-04
2.228282392024993896e-04
2.198610454797744751e-04
2.168035134673118591e-04
2.133706584572792053e-04
2.097757533192634583e-04
2.061557024717330933e-04
2.031102776527404785e-04
2.002017572522163391e-04
1.970008015632629395e-04
1.936275511980056763e-04
1.902999356389045715e-04
1.875637099146842957e-04
1.846589148044586182e-04
1.814756542444229126e-04
1.781294122338294983e-04
1.747887581586837769e-04
1.719407737255096436e-04
1.691393554210662842e-04
1.658443361520767212e-04
1.622661948204040527e-04
1.587383449077606201e-04
1.557357609272003174e-04
1.527918502688407898e-04
1.496225595474243164e-04
1.461291685700416565e-04
1.428853720426559448e-04
1.402338966727256775e-04
1.376513391733169556e-04
1.347698271274566650e-04
1.315521076321601868e-04
1.285243779420852661e-04
1.262184232473373413e-04
1.238053664565086365e-04
1.210561022162437439e-04
1.179939135909080505e-04
1.153387129306793213e-04
1.132134348154067993e-04
1.111933961510658264e-04
1.088483259081840515e-04
1.059509813785552979e-04
1.026308164000511169e-04
1.000706106424331665e-04
9.793322533369064331e-05
9.574741125106811523e-05
9.323190897703170776e-05
9.041931480169296265e-05
8.833315223455429077e-05
8.668284863233566284e-05
8.500460535287857056e-05
8.297711610794067383e-05
8.089002221822738647e-05
7.897429168224334717e-05
7.745996117591857910e-05
7.592048496007919312e-05
7.417704910039901733e-05
7.216259837150573730e-05
7.027015089988708496e-05
6.883963942527770996e-05
6.757210940122604370e-05
6.618537008762359619e-05
6.460212171077728271e-05
6.281398236751556396e-05
6.105657666921615601e-05
5.970336496829986572e-05
5.821324884891510010e-05
5.678832530975341797e-05
5.550310015678405762e-05
5.453173071146011353e-05
5.387049168348312378e-05
5.325768142938613892e-05
5.252473056316375732e-05
5.189236253499984741e-05
5.142204463481903076e-05
5.108863115310668945e-05
5.080737173557281494e-05
5.050003528594970703e-05
5.020946264266967773e-05
5.002226680517196655e-05
4.992447793483734131e-05
4.987604916095733643e-05
4.980992525815963745e-05
4.970096051692962646e-05
4.959106445312500000e-05
4.944857209920883179e-05
4.934426397085189819e-05
4.923902451992034912e-05
4.905182868242263794e-05
4.880502820014953613e-05
4.852563142776489258e-05
4.826951771974563599e-05
4.798639565706253052e-05
4.737451672554016113e-05
4.372838884592056274e-05
2.526026219129562378e-05
1.503434032201766968e-05
9.884126484394073486e-06
3.091059625148773193e-06
-1.251697540283203125e-06
-3.072433173656463623e-06
-4.582107067108154297e-06
-4.586763679981231689e-06
-4.553236067295074463e-06
-4.603527486324310303e-06
-4.579313099384307861e-06
-4.574656486511230469e-06
-4.593282938003540039e-06
-4.589557647705078125e-06
-4.598870873451232910e-06
-4.607252776622772217e-06
-4.574656486511230469e-06
-4.571862518787384033e-06
