-7.081776857376098633e-06
-7.082708179950714111e-06
-7.110647857189178467e-06
-7.062219083309173584e-06
-7.084570825099945068e-06
-7.064081728458404541e-06
-7.073394954204559326e-06
-7.065944373607635498e-06
-7.039867341518402100e-06
-7.007271051406860352e-06
-6.247311830520629883e-06
-5.608424544334411621e-06
-5.141831934452056885e-06
-4.664063453674316406e-06
-3.389082849025726318e-06
-2.601183950901031494e-06
-2.163462340831756592e-06
-1.912005245685577393e-06
-1.600012183189392090e-06
-1.407228410243988037e-06
-1.317821443080902100e-06
-1.240521669387817383e-06
-1.045875251293182373e-06
-8.838251233100891113e-07
-7.031485438346862793e-07
-6.491318345069885254e-07
-5.317851901054382324e-07
1.703388988971710205e-06
2.712942659854888916e-06
3.457069396972656250e-06
4.074536263942718506e-06
4.553236067295074463e-06
5.056150257587432861e-06
5.659647285938262939e-06
6.246380507946014404e-06
6.976537406444549561e-06
7.517635822296142578e-06
8.017756044864654541e-06
8.568167686462402344e-06
9.245239198207855225e-06
1.003593206405639648e-05
1.089368015527725220e-05
1.175235956907272339e-05
1.273583620786666870e-05
1.382455229759216309e-05
1.475680619478225708e-05
1.581385731697082520e-05
1.665577292442321777e-05
1.749955117702484131e-05
1.845601946115493774e-05
1.948140561580657959e-05
2.049189060926437378e-05
2.164300531148910522e-05
2.264324575662612915e-05
2.378411591053009033e-05
2.562347799539566040e-05
2.782884985208511353e-05
3.024097532033920288e-05
3.362912684679031372e-05
3.787409514188766479e-05
3.958866000175476074e-05
3.752671182155609131e-05
3.584939986467361450e-05
3.478862345218658447e-05
3.408547490835189819e-05
3.352388739585876465e-05
3.308430314064025879e-05
3.267638385295867920e-05
3.232620656490325928e-05
3.199093043804168701e-05
3.170035779476165771e-05
3.144983202219009399e-05
3.119930624961853027e-05
3.099255263805389404e-05
3.074202686548233032e-05
3.055669367313385010e-05
3.035087138414382935e-05
3.018043935298919678e-05
2.999790012836456299e-05
2.985075116157531738e-05
3.037322312593460083e-05
3.287941217422485352e-05
3.498792648315429688e-05
3.689900040626525879e-05
3.912299871444702148e-05
4.136376082897186279e-05
4.294887185096740723e-05
4.441197961568832397e-05
4.633050411939620972e-05
4.854798316955566406e-05
5.137268453836441040e-05
5.455128848552703857e-05
5.826447159051895142e-05
6.230082362890243530e-05
6.669946014881134033e-05
7.167458534240722656e-05
7.858127355575561523e-05
8.661113679409027100e-05
9.677559137344360352e-05
1.075565814971923828e-04
1.199450343847274780e-04
1.330124214291572571e-04
1.477673649787902832e-04
1.630214974284172058e-04
1.800144091248512268e-04
1.972541213035583496e-04
2.146707847714424133e-04
2.328306436538696289e-04
2.523548901081085205e-04
2.736570313572883606e-04
2.961745485663414001e-04
3.201626241207122803e-04
3.456836566329002380e-04
3.727590665221214294e-04
4.019765183329582214e-04
4.334598779678344727e-04
4.660775884985923767e-04
4.995753988623619080e-04
5.337353795766830444e-04
5.687046796083450317e-04
6.044199690222740173e-04
6.409315392374992371e-04
6.776452064514160156e-04
7.142554968595504761e-04
7.504820823669433594e-04
7.849158719182014465e-04
8.174795657396316528e-04
8.489284664392471313e-04
8.787922561168670654e-04
9.064543992280960083e-04
9.330837056040763855e-04
9.579714387655258179e-04
9.814640507102012634e-04
1.003913581371307373e-03
1.025890000164508820e-03
1.046580262482166290e-03
1.066774129867553711e-03
1.085309311747550964e-03
1.102896407246589661e-03
1.118951477110385895e-03
1.133469864726066589e-03
1.147255301475524902e-03
1.160022802650928497e-03
1.171920448541641235e-03
1.183206215500831604e-03
1.193220727145671844e-03
1.201218925416469574e-03
1.208661124110221863e-03
1.216212287545204163e-03
1.222572289407253265e-03
1.228412613272666931e-03
1.232256181538105011e-03
1.234570518136024475e-03
1.236194744706153870e-03
1.238274388015270233e-03
1.240356825292110443e-03
1.239689998328685760e-03
1.240871846675872803e-03
1.240844838321208954e-03
1.239816658198833466e-03
1.238914206624031067e-03
1.238071359694004059e-03
1.237350516021251678e-03
1.236659474670886993e-03
1.236043870449066162e-03
1.235404983162879944e-03
1.234852708876132965e-03
1.234313473105430603e-03
1.233838498592376709e-03
1.233376562595367432e-03
1.232929527759552002e-03
1.232464797794818878e-03
1.232052221894264221e-03
1.231655478477478027e-03
1.231264322996139526e-03
1.230885274708271027e-03
1.230526715517044067e-03
1.230156049132347107e-03
1.229790039360523224e-03
1.229468733072280884e-03
1.229150220751762390e-03
1.228800043463706970e-03
1.228418201208114624e-03
1.227721571922302246e-03
1.223303377628326416e-03
1.215866766870021820e-03
1.206197775900363922e-03
1.196869648993015289e-03
1.188514754176139832e-03
1.179579645395278931e-03
1.169580966234207153e-03
1.160548999905586243e-03
1.152289099991321564e-03
1.142945140600204468e-03
1.134213060140609741e-03
1.126125454902648926e-03
1.117330044507980347e-03
1.108229160308837891e-03
1.100148074328899384e-03
1.091649755835533142e-03
1.082668080925941467e-03
1.074817962944507599e-03
1.067068427801132202e-03
1.058550551533699036e-03
1.050488092005252838e-03
1.042838208377361298e-03
1.034192740917205811e-03
1.025835983455181122e-03
1.018498092889785767e-03
1.010535284876823425e-03
1.002177596092224121e-03
9.947158396244049072e-04
9.869923815131187439e-04
9.786002337932586670e-04
9.711869060993194580e-04
9.641023352742195129e-04
9.557306766510009766e-04
9.477054700255393982e-04
9.404532611370086670e-04
9.324867278337478638e-04
9.241476655006408691e-04
9.170509874820709229e-04
9.094541892409324646e-04
9.013516828417778015e-04
8.941432461142539978e-04
8.872263133525848389e-04
8.792299777269363403e-04
8.719237521290779114e-04
8.650738745927810669e-04
8.575450628995895386e-04
8.499696850776672363e-04
8.434550836682319641e-04
8.363481611013412476e-04
8.285837247967720032e-04
8.217860013246536255e-04
8.154418319463729858e-04
8.079931139945983887e-04
8.005453273653984070e-04
7.939059287309646606e-04
7.868846878409385681e-04
7.790857926011085510e-04
7.722871378064155579e-04
7.659997791051864624e-04
7.590316236019134521e-04
7.523093372583389282e-04
7.460983470082283020e-04
7.393648847937583923e-04
7.317857816815376282e-04
7.251296192407608032e-04
7.186606526374816895e-04
7.114522159099578857e-04
7.047662511467933655e-04
6.982786580920219421e-04
6.911745294928550720e-04
6.836950778961181641e-04
6.775772199034690857e-04
6.710691377520561218e-04
6.640944629907608032e-04
6.579142063856124878e-04
6.519593298435211182e-04
6.448999047279357910e-04
6.379745900630950928e-04
6.323866546154022217e-04
6.261579692363739014e-04
6.192326545715332031e-04
6.131045520305633545e-04
6.071180105209350586e-04
6.001330912113189697e-04
5.933335050940513611e-04
5.877260118722915649e-04
5.815364420413970947e-04
5.747163668274879456e-04
5.685742944478988647e-04
5.626957863569259644e-04
5.557648837566375732e-04
5.492186173796653748e-04
5.440134555101394653e-04
5.381451919674873352e-04
5.314648151397705078e-04
5.255602300167083740e-04
5.199238657951354980e-04
5.134223029017448425e-04
5.069216713309288025e-04
5.016792565584182739e-04
4.958352074027061462e-04
4.893736913800239563e-04
4.836842417716979980e-04
4.781847819685935974e-04
4.717521369457244873e-04
4.652682691812515259e-04
4.611201584339141846e-04
4.597678780555725098e-04
4.536574706435203552e-04
4.481896758079528809e-04
4.431176930665969849e-04
4.373071715235710144e-04
4.315506666898727417e-04
4.262151196599006653e-04
4.205703735351562500e-04
4.145903512835502625e-04
4.094541072845458984e-04
4.045376554131507874e-04
3.994032740592956543e-04
3.940612077713012695e-04
3.891503438353538513e-04
3.844378516077995300e-04
3.788247704505920410e-04
3.734612837433815002e-04
3.690822049975395203e-04
3.641648218035697937e-04
3.589764237403869629e-04
3.538215532898902893e-04
3.492366522550582886e-04
3.443732857704162598e-04
3.389623016119003296e-04
3.346065059304237366e-04
3.303261473774909973e-04
3.259135410189628601e-04
3.210082650184631348e-04
3.167614340782165527e-04
3.127362579107284546e-04
3.083972260355949402e-04
3.037704154849052429e-04
2.998793497681617737e-04
2.960488200187683105e-04
2.917861565947532654e-04
2.873428165912628174e-04
2.832515165209770203e-04
2.795821055769920349e-04
2.754358574748039246e-04
2.710223197937011719e-04
2.676201984286308289e-04
2.642646431922912598e-04
2.607097849249839783e-04
2.563660964369773865e-04
2.527208998799324036e-04
2.494584769010543823e-04
2.458337694406509399e-04
2.420125529170036316e-04
2.382155507802963257e-04
2.355370670557022095e-04
2.327961847186088562e-04
2.294145524501800537e-04
2.260627225041389465e-04
2.232547849416732788e-04
2.203956246376037598e-04
2.171425148844718933e-04
2.136528491973876953e-04
2.103820443153381348e-04
2.080062404274940491e-04
2.056565135717391968e-04
2.027349546551704407e-04
1.992899924516677856e-04
1.965705305337905884e-04
1.938818022608757019e-04
1.908754929900169373e-04
1.877183094620704651e-04
1.847520470619201660e-04
1.823976635932922363e-04
1.799892634153366089e-04
1.772688701748847961e-04
1.742998138070106506e-04
1.715533435344696045e-04
1.694289967417716980e-04
1.673614606261253357e-04
1.649772748351097107e-04
1.619942486286163330e-04
1.593343913555145264e-04
1.572929322719573975e-04
1.550856977701187134e-04
1.525841653347015381e-04
1.495545729994773865e-04
1.470781862735748291e-04
1.451708376407623291e-04
1.431945711374282837e-04
1.408979296684265137e-04
1.382501795887947083e-04
1.360969617962837219e-04
1.342901960015296936e-04
1.323726028203964233e-04
1.300573348999023438e-04
1.273965463042259216e-04
1.248950138688087463e-04
1.229196786880493164e-04
1.209452748298645020e-04
1.186337321996688843e-04
1.160930842161178589e-04
1.135803759098052979e-04
1.117372885346412659e-04
1.097405329346656799e-04
1.073284074664115906e-04
1.047784462571144104e-04
1.023635268211364746e-04
1.004235818982124329e-04
9.861402213573455811e-05
9.641796350479125977e-05
9.403377771377563477e-05
9.190198034048080444e-05
9.028520435094833374e-05
8.873548358678817749e-05
8.696690201759338379e-05
8.494406938552856445e-05
8.267350494861602783e-05
8.066371083259582520e-05
7.924716919660568237e-05
7.798522710800170898e-05
7.626321166753768921e-05
7.410068064928054810e-05
7.185433059930801392e-05
7.017701864242553711e-05
6.877724081277847290e-05
6.718747317790985107e-05
6.543379276990890503e-05
6.337743252515792847e-05
6.176810711622238159e-05
6.058532744646072388e-05
5.953852087259292603e-05
5.808100104331970215e-05
5.648285150527954102e-05
5.501788109540939331e-05
5.386117845773696899e-05
5.277991294860839844e-05
5.156081169843673706e-05
5.013775080442428589e-05
4.855077713727951050e-05
4.732608795166015625e-05
4.638731479644775391e-05
4.543829709291458130e-05
4.424620419740676880e-05
4.294700920581817627e-05
4.167947918176651001e-05
4.069507122039794922e-05
3.974139690399169922e-05
3.866758197546005249e-05
3.772322088479995728e-05
3.706384450197219849e-05
3.661587834358215332e-05
3.626383841037750244e-05
3.585219383239746094e-05
3.538373857736587524e-05
3.492087125778198242e-05
3.463309258222579956e-05
3.446266055107116699e-05
3.432668745517730713e-05
3.418233245611190796e-05
3.404822200536727905e-05
3.396533429622650146e-05
3.393553197383880615e-05
3.386940807104110718e-05
3.379769623279571533e-05
3.366358578205108643e-05
3.355834633111953735e-05
3.345217555761337280e-05
3.336556255817413330e-05
3.324821591377258301e-05
3.310851752758026123e-05
3.289524465799331665e-05
3.262050449848175049e-05
3.131385892629623413e-05
2.341624349355697632e-05
9.922310709953308105e-06
3.959983587265014648e-06
-1.024454832077026367e-08
-4.380941390991210938e-06
-6.788410246372222900e-06
-7.850117981433868408e-06
-8.284114301204681396e-06
-8.270144462585449219e-06
-8.276663720607757568e-06
-8.255243301391601562e-06
-8.269213140010833740e-06
-8.263625204563140869e-06
-8.271075785160064697e-06
-8.249655365943908691e-06
-8.271075785160064697e-06
-8.275732398033142090e-06
-8.296221494674682617e-06
-8.261762559413909912e-06
