-3.126449882984161377e-06
-3.161840140819549561e-06
-3.123655915260314941e-06
-3.137625753879547119e-06
-3.165565431118011475e-06
-3.136694431304931641e-06
-3.153458237648010254e-06
-3.120861947536468506e-06
-3.097578883171081543e-06
-2.738088369369506836e-06
-1.336447894573211670e-06
-8.866190910339355469e-07
-2.738088369369506836e-07
5.783513188362121582e-07
2.273358404636383057e-06
3.073364496231079102e-06
3.477558493614196777e-06
3.868713974952697754e-06
4.170462489128112793e-06
4.352070391178131104e-06
4.439614713191986084e-06
4.651024937629699707e-06
4.989095032215118408e-06
5.094334483146667480e-06
5.204230546951293945e-06
5.338340997695922852e-06
7.241964340209960938e-06
9.153969585895538330e-06
1.020170748233795166e-05
1.109950244426727295e-05
1.186970621347427368e-05
1.247599720954895020e-05
1.319497823715209961e-05
1.394003629684448242e-05
1.489836722612380981e-05
1.571048051118850708e-05
1.639034599065780640e-05
1.699756830930709839e-05
1.780129969120025635e-05
1.878570765256881714e-05
1.997780054807662964e-05
2.113915979862213135e-05
2.221576869487762451e-05
2.357363700866699219e-05
2.495851367712020874e-05
2.635270357131958008e-05
2.750661224126815796e-05
2.850592136383056641e-05
2.983957529067993164e-05
3.114435821771621704e-05
3.240443766117095947e-05
3.376509994268417358e-05
3.531761467456817627e-05
3.661122173070907593e-05
3.830064088106155396e-05
4.125479608774185181e-05
4.428531974554061890e-05
4.802085459232330322e-05
5.289167165756225586e-05
5.825236439704895020e-05
5.714874714612960815e-05
5.415361374616622925e-05
5.249213427305221558e-05
5.138665437698364258e-05
5.054287612438201904e-05
4.991050809621810913e-05
4.932656884193420410e-05
4.885252565145492554e-05
4.838127642869949341e-05
4.798825830221176147e-05
4.762783646583557129e-05
4.728697240352630615e-05
4.697311669588088989e-05
4.668999463319778442e-05
4.639942198991775513e-05
4.617962986230850220e-05
4.592351615428924561e-05
4.567764699459075928e-05
4.548858851194381714e-05
4.536472260951995850e-05
4.794728010892868042e-05
5.071796476840972900e-05
5.315337330102920532e-05
5.605164915323257446e-05
5.898065865039825439e-05
6.166007369756698608e-05
6.341561675071716309e-05
6.568152457475662231e-05
6.840191781520843506e-05
7.166806608438491821e-05
7.557123899459838867e-05
8.012168109416961670e-05
8.523650467395782471e-05
9.078346192836761475e-05
9.699072688817977905e-05
1.043928787112236023e-04
1.143170520663261414e-04
1.262808218598365784e-04
1.400401815772056580e-04
1.552896574139595032e-04
1.720003783702850342e-04
1.902412623167037964e-04
2.099238336086273193e-04
2.310685813426971436e-04
2.535395324230194092e-04
2.764677628874778748e-04
2.997303381562232971e-04
3.238739445805549622e-04
3.511542454361915588e-04
3.796098753809928894e-04
4.101106896996498108e-04
4.423949867486953735e-04
4.769405350089073181e-04
5.139345303177833557e-04
5.539087578654289246e-04
5.959421396255493164e-04
6.391163915395736694e-04
6.838319823145866394e-04
7.291371002793312073e-04
7.757162675261497498e-04
8.226102218031883240e-04
8.706860244274139404e-04
9.189369156956672668e-04
9.669167920947074890e-04
1.013255678117275238e-03
1.056992448866367340e-03
1.098750159144401550e-03
1.139259897172451019e-03
1.176840625703334808e-03
1.212157309055328369e-03
1.246222294867038727e-03
1.277429051697254181e-03
1.307854428887367249e-03
1.336514018476009369e-03
1.364880241453647614e-03
1.391410827636718750e-03
1.416987739503383636e-03
1.440321095287799835e-03
1.462597399950027466e-03
1.482380554080009460e-03
1.501160673797130585e-03
1.518554054200649261e-03
1.534244976937770844e-03
1.549993641674518585e-03
1.563713885843753815e-03
1.575717702507972717e-03
1.585287041962146759e-03
1.595379784703254700e-03
1.604573801159858704e-03
1.612645573914051056e-03
1.619218848645687103e-03
1.623312011361122131e-03
1.626145094633102417e-03
1.628301106393337250e-03
1.630151644349098206e-03
1.631656661629676819e-03
1.630923710763454437e-03
1.632999628782272339e-03
1.631888560950756073e-03
1.630619168281555176e-03
1.629495993256568909e-03
1.628475263714790344e-03
1.627574674785137177e-03
1.626725308597087860e-03
1.625912263989448547e-03
1.625159755349159241e-03
1.624422147870063782e-03
1.623790711164474487e-03
1.623130403459072113e-03
1.622516661882400513e-03
1.621938310563564301e-03
1.621388830244541168e-03
1.620868220925331116e-03
1.620335504412651062e-03
1.619830727577209473e-03
1.619348302483558655e-03
1.618889160454273224e-03
1.618438400328159332e-03
1.617997884750366211e-03
1.617521047592163086e-03
1.617101952433586121e-03
1.616646535694599152e-03
1.616107299923896790e-03
1.612880267202854156e-03
1.605254597961902618e-03
1.593738794326782227e-03
1.580909825861454010e-03
1.569556072354316711e-03
1.558649353682994843e-03
1.545990817248821259e-03
1.533317379653453827e-03
1.522315666079521179e-03
1.510832458734512329e-03
1.498606055974960327e-03
1.487955451011657715e-03
1.477029174566268921e-03
1.465070992708206177e-03
1.453839242458343506e-03
1.443307846784591675e-03
1.431560143828392029e-03
1.420543529093265533e-03
1.410568132996559143e-03
1.399955712258815765e-03
1.388762146234512329e-03
1.378791406750679016e-03
1.368182711303234100e-03
1.356686465442180634e-03
1.346595585346221924e-03
1.336773857474327087e-03
1.325871795415878296e-03
1.315552741289138794e-03
1.305831596255302429e-03
1.295113936066627502e-03
1.284628175199031830e-03
1.275455579161643982e-03
1.265304163098335266e-03
1.254234462976455688e-03
1.244483515620231628e-03
1.234621740877628326e-03
1.223719678819179535e-03
1.213611103594303131e-03
1.204282045364379883e-03
1.193775795400142670e-03
1.183697953820228577e-03
1.174678094685077667e-03
1.164934597909450531e-03
1.154473982751369476e-03
1.145589165389537811e-03
1.136247068643569946e-03
1.126101240515708923e-03
1.116895116865634918e-03
1.108217053115367889e-03
1.098359934985637665e-03
1.088541932404041290e-03
1.080313697457313538e-03
1.071315258741378784e-03
1.061274670064449310e-03
1.052046194672584534e-03
1.043450087308883667e-03
1.033564098179340363e-03
1.023806631565093994e-03
1.015502959489822388e-03
1.006813719868659973e-03
9.976103901863098145e-04
9.892145171761512756e-04
9.809993207454681396e-04
9.714271873235702515e-04
9.619388729333877563e-04
9.536156430840492249e-04
9.446097537875175476e-04
9.352508932352066040e-04
9.268755093216896057e-04
9.180409833788871765e-04
9.081969037652015686e-04
8.993176743388175964e-04
8.913120254874229431e-04
8.823126554489135742e-04
8.735088631510734558e-04
8.658785372972488403e-04
8.573243394494056702e-04
8.478658273816108704e-04
8.397633209824562073e-04
8.323416113853454590e-04
8.234931156039237976e-04
8.147396147251129150e-04
8.071418851613998413e-04
7.985439151525497437e-04
7.892576977610588074e-04
7.811188697814941406e-04
7.737707346677780151e-04
7.650274783372879028e-04
7.563307881355285645e-04
7.487889379262924194e-04
7.403548806905746460e-04
7.312092930078506470e-04
7.236534729599952698e-04
7.166713476181030273e-04
7.082289084792137146e-04
6.997650489211082458e-04
6.925398483872413635e-04
6.845565512776374817e-04
6.758393719792366028e-04
6.680777296423912048e-04
6.611775606870651245e-04
6.528766825795173645e-04
6.446968764066696167e-04
6.377156823873519897e-04
6.298329681158065796e-04
6.211018189787864685e-04
6.138728931546211243e-04
6.103627383708953857e-04
6.065061315894126892e-04
5.978699773550033569e-04
5.914932116866111755e-04
5.842093378305435181e-04
5.764300003647804260e-04
5.692848935723304749e-04
5.621779710054397583e-04
5.544973537325859070e-04
5.469759926199913025e-04
5.406234413385391235e-04
5.340659990906715393e-04
5.270820111036300659e-04
5.204807966947555542e-04
5.141505971550941467e-04
5.074227228760719299e-04
4.999153316020965576e-04
4.937220364809036255e-04
4.875976592302322388e-04
4.810262471437454224e-04
4.741223528981208801e-04
4.676524549722671509e-04
4.618037492036819458e-04
4.548169672489166260e-04
4.482166841626167297e-04
4.428327083587646484e-04
4.371609538793563843e-04
4.309816285967826843e-04
4.247417673468589783e-04
4.197368398308753967e-04
4.140827804803848267e-04
4.081409424543380737e-04
4.022996872663497925e-04
3.978041931986808777e-04
3.922386094927787781e-04
3.865025937557220459e-04
3.807507455348968506e-04
3.760401159524917603e-04
3.706496208906173706e-04
3.650309517979621887e-04
3.595817834138870239e-04
3.556068986654281616e-04
3.511328250169754028e-04
3.457656130194664001e-04
3.403965383768081665e-04
3.357594832777976990e-04
3.317156806588172913e-04
3.266604617238044739e-04
3.215065225958824158e-04
3.175130113959312439e-04
3.137756139039993286e-04
3.097048029303550720e-04
3.054244443774223328e-04
3.010053187608718872e-04
2.974709495902061462e-04
2.938490360975265503e-04
2.892119809985160828e-04
2.845991402864456177e-04
2.812827005982398987e-04
2.782139927148818970e-04
2.744300290942192078e-04
2.702772617340087891e-04
2.661170437932014465e-04
2.623973414301872253e-04
2.590026706457138062e-04
2.550790086388587952e-04
2.505853772163391113e-04
2.473909407854080200e-04
2.445895224809646606e-04
2.410821616649627686e-04
2.370513975620269775e-04
2.334490418434143066e-04
2.304539084434509277e-04
2.277521416544914246e-04
2.245362848043441772e-04
2.208184450864791870e-04
2.173697575926780701e-04
2.145646139979362488e-04
2.117985859513282776e-04
2.083918079733848572e-04
2.046711742877960205e-04
2.011889591813087463e-04
1.982441172003746033e-04
1.956829801201820374e-04
1.926710829138755798e-04
1.894915476441383362e-04
1.865923404693603516e-04
1.842202618718147278e-04
1.817652955651283264e-04
1.787208020687103271e-04
1.752087846398353577e-04
1.719696447253227234e-04
1.693535596132278442e-04
1.669200137257575989e-04
1.640720292925834656e-04
1.605320721864700317e-04
1.568533480167388916e-04
1.541916280984878540e-04
1.518446952104568481e-04
1.491419970989227295e-04
1.457389444112777710e-04
1.421207562088966370e-04
1.393742859363555908e-04
1.370497047901153564e-04
1.345602795481681824e-04
1.316741108894348145e-04
1.283884048461914062e-04
1.257015392184257507e-04
1.237411051988601685e-04
1.216577365994453430e-04
1.191347837448120117e-04
1.161769032478332520e-04
1.134518533945083618e-04
1.113098114728927612e-04
1.094983890652656555e-04
1.074969768524169922e-04
1.050941646099090576e-04
1.023001968860626221e-04
9.961239993572235107e-05
9.768269956111907959e-05
9.563844650983810425e-05
9.331945329904556274e-05
9.071175009012222290e-05
8.844397962093353271e-05
8.687004446983337402e-05
8.546561002731323242e-05
8.378084748983383179e-05
8.180830627679824829e-05
7.954426109790802002e-05
7.760990411043167114e-05
7.614120841026306152e-05
7.461942732334136963e-05
7.291045039892196655e-05
7.102638483047485352e-05
6.936397403478622437e-05
6.811320781707763672e-05
6.688013672828674316e-05
6.540492177009582520e-05
6.370525807142257690e-05
6.175227463245391846e-05
6.015319377183914185e-05
5.891080945730209351e-05
5.770288407802581787e-05
5.652848631143569946e-05
5.543604493141174316e-05
5.462486296892166138e-05
5.408190190792083740e-05
5.357246845960617065e-05
5.296245217323303223e-05
5.233753472566604614e-05
5.193892866373062134e-05
5.170702934265136719e-05
5.154311656951904297e-05
5.140807479619979858e-05
5.119107663631439209e-05
5.092192441225051880e-05
5.079619586467742920e-05
5.071237683296203613e-05
5.066022276878356934e-05
5.054194480180740356e-05
5.041994154453277588e-05
5.026347935199737549e-05
5.018804222345352173e-05
5.004834383726119995e-05
4.987046122550964355e-05
4.965253174304962158e-05
4.936568439006805420e-05
4.867650568485260010e-05
4.541128873825073242e-05
2.766400575637817383e-05
1.556240022182464600e-05
1.013837754726409912e-05
2.685002982616424561e-06
-1.475214958190917969e-06
-2.917833626270294189e-06
-4.590488970279693604e-06
-4.602596163749694824e-06
-4.581175744533538818e-06
-4.579313099384307861e-06
-4.606321454048156738e-06
-4.614703357219696045e-06
-4.575587809085845947e-06
-4.592351615428924561e-06
-4.575587809085845947e-06
-4.601664841175079346e-06
-4.609115421772003174e-06
-4.580244421958923340e-06
