-8.231028914451599121e-06
-8.221715688705444336e-06
-8.238479495048522949e-06
-8.236616849899291992e-06
-8.229166269302368164e-06
-8.238479495048522949e-06
-8.245930075645446777e-06
-8.225440979003906250e-06
-8.241273462772369385e-06
-8.244998753070831299e-06
-8.238479495048522949e-06
-8.255243301391601562e-06
-8.235685527324676514e-06
-8.248724043369293213e-06
-8.258037269115447998e-06
-8.281320333480834961e-06
-8.237548172473907471e-06
-8.245930075645446777e-06
-8.273869752883911133e-06
-8.248724043369293213e-06
-8.252449333667755127e-06
-8.249655365943908691e-06
-8.273869752883911133e-06
-8.242204785346984863e-06
-8.218921720981597900e-06
-8.252449333667755127e-06
-8.245930075645446777e-06
-8.247792720794677734e-06
-8.258037269115447998e-06
-8.252449333667755127e-06
-8.259899914264678955e-06
-8.246861398220062256e-06
-8.242204785346984863e-06
-8.250586688518524170e-06
-8.256174623966217041e-06
-8.233822882175445557e-06
-8.236616849899291992e-06
-8.243136107921600342e-06
-8.275732398033142090e-06
-8.257105946540832520e-06
-8.274801075458526611e-06
-8.253380656242370605e-06
-8.257105946540832520e-06
-8.258968591690063477e-06
-8.252449333667755127e-06
-8.255243301391601562e-06
-8.240342140197753906e-06
-8.230097591876983643e-06
-8.265487849712371826e-06
-8.260831236839294434e-06
-8.269213140010833740e-06
-8.255243301391601562e-06
-8.250586688518524170e-06
-8.247792720794677734e-06
-8.236616849899291992e-06
-8.263625204563140869e-06
-8.289702236652374268e-06
-8.241273462772369385e-06
-8.252449333667755127e-06
-8.259899914264678955e-06
-8.247792720794677734e-06
-8.260831236839294434e-06
-8.244067430496215820e-06
-8.259899914264678955e-06
-8.247792720794677734e-06
-6.251968443393707275e-06
-4.560686647891998291e-06
-3.377906978130340576e-06
-3.010965883731842041e-06
-6.547197699546813965e-07
2.707354724407196045e-06
5.439855158329010010e-06
1.025199890136718750e-05
1.217704266309738159e-05
1.560617238283157349e-05
1.772399991750717163e-05
1.765135675668716431e-05
1.718197017908096313e-05
1.700874418020248413e-05
1.687556505203247070e-05
1.677777618169784546e-05
1.671817153692245483e-05
1.665297895669937134e-05
1.662969589233398438e-05
1.657102257013320923e-05
1.654028892517089844e-05
1.653004437685012817e-05
1.648440957069396973e-05
1.647043973207473755e-05
1.642294228076934814e-05
1.645367592573165894e-05
1.642666757106781006e-05
1.641176640987396240e-05
1.640897244215011597e-05
1.641735434532165527e-05
1.825671643018722534e-05
2.024788409471511841e-05
2.092495560646057129e-05
2.235919237136840820e-05
2.429820597171783447e-05
2.643559128046035767e-05
2.881232649087905884e-05
3.104377537965774536e-05
3.417395055294036865e-05
3.841239959001541138e-05
4.437379539012908936e-05
5.052611231803894043e-05
5.733780562877655029e-05
6.534717977046966553e-05
7.609557360410690308e-05
9.303819388151168823e-05
1.113880425691604614e-04
1.302259042859077454e-04
1.503517851233482361e-04
1.715533435344696045e-04
1.934496685862541199e-04
2.156756818294525146e-04
2.380432561039924622e-04
2.594692632555961609e-04
2.814847975969314575e-04
3.031268715858459473e-04
3.245528787374496460e-04
3.465274348855018616e-04
3.687031567096710205e-04
3.909384831786155701e-04
4.117507487535476685e-04
4.325527697801589966e-04
4.534088075160980225e-04
4.738587886095046997e-04
4.938710480928421021e-04
5.138218402862548828e-04
5.334867164492607117e-04
5.524633452296257019e-04
5.711968988180160522e-04
5.898298695683479309e-04
6.087040528655052185e-04
6.267921999096870422e-04
6.450768560171127319e-04
6.629731506109237671e-04
6.804950535297393799e-04
6.982814520597457886e-04
7.152054458856582642e-04
7.324833422899246216e-04
7.497733458876609802e-04
7.662456482648849487e-04
7.828976958990097046e-04
7.997732609510421753e-04
8.159307762980461121e-04
8.327607065439224243e-04
8.494742214679718018e-04
8.656177669763565063e-04
8.820435032248497009e-04
8.975034579634666443e-04
9.124921634793281555e-04
9.277611970901489258e-04
9.422674775123596191e-04
9.568640962243080139e-04
9.714355692267417908e-04
9.856559336185455322e-04
9.997254237532615662e-04
1.013395376503467560e-03
1.028359867632389069e-03
1.042258925735950470e-03
1.056509092450141907e-03
1.070999540388584137e-03
1.084330491721630096e-03
1.097747124731540680e-03
1.111101359128952026e-03
1.125360839068889618e-03
1.138311810791492462e-03
1.151287928223609924e-03
1.164195127785205841e-03
1.178012229502201080e-03
1.190647482872009277e-03
1.203572377562522888e-03
1.216508448123931885e-03
1.229998655617237091e-03
1.241993159055709839e-03
1.254464499652385712e-03
1.266847364604473114e-03
1.279965043067932129e-03
1.291786320507526398e-03
1.303946599364280701e-03
1.315630972385406494e-03
1.328273676335811615e-03
1.338863745331764221e-03
1.349149271845817566e-03
1.358895562589168549e-03
1.370032317936420441e-03
1.380258239805698395e-03
1.390038989484310150e-03
1.399493776261806488e-03
1.409338787198066711e-03
1.419365406036376953e-03
1.428196206688880920e-03
1.437695696949958801e-03
1.446443609893321991e-03
1.456300728023052216e-03
1.465488225221633911e-03
1.474251970648765564e-03
1.483191736042499542e-03
1.491760835051536560e-03
1.501020975410938263e-03
1.509189605712890625e-03
1.517502591013908386e-03
1.525619067251682281e-03
1.534557901322841644e-03
1.543611288070678711e-03
1.551177352666854858e-03
1.559120602905750275e-03
1.566474325954914093e-03
1.574420370161533356e-03
1.582957804203033447e-03
1.590146683156490326e-03
1.597713679075241089e-03
1.604754477739334106e-03
1.612299121916294098e-03
1.620411872863769531e-03
1.627651043236255646e-03
1.634953543543815613e-03
1.641856506466865540e-03
1.648874953389167786e-03
1.656262204051017761e-03
1.662721857428550720e-03
1.669363118708133698e-03
1.676090992987155914e-03
1.682060770690441132e-03
1.689066179096698761e-03
1.696083694696426392e-03
1.702005043625831604e-03
1.708586700260639191e-03
1.714977435767650604e-03
1.721072942018508911e-03
1.728417351841926575e-03
1.734707504510879517e-03
1.740593463182449341e-03
1.747196540236473083e-03
1.753765158355236053e-03
1.760376617312431335e-03
1.767076551914215088e-03
1.772427931427955627e-03
1.777927391231060028e-03
1.783840358257293701e-03
1.789464615285396576e-03
1.795752905309200287e-03
1.801981590688228607e-03
1.807208172976970673e-03
1.812573522329330444e-03
1.818425953388214111e-03
1.823677681386470795e-03
1.829156652092933655e-03
1.835234463214874268e-03
1.840468496084213257e-03
1.845378428697586060e-03
1.850631088018417358e-03
1.855550333857536316e-03
1.860459335148334503e-03
1.866335980594158173e-03
1.871816813945770264e-03
1.875993795692920685e-03
1.880342140793800354e-03
1.885129138827323914e-03
1.889484003186225891e-03
1.894613727927207947e-03
1.900110393762588501e-03
1.904494129121303558e-03
1.908373087644577026e-03
1.912948675453662872e-03
1.917246729135513306e-03
1.920634880661964417e-03
1.925515010952949524e-03
1.930689439177513123e-03
1.934455707669258118e-03
1.937632448971271515e-03
1.941964030265808105e-03
1.946038566529750824e-03
1.949525438249111176e-03
1.954329200088977814e-03
1.959075219929218292e-03
1.962622627615928650e-03
1.965850591659545898e-03
1.969303004443645477e-03
1.972904428839683533e-03
1.976067200303077698e-03
1.979780383408069611e-03
1.984862610697746277e-03
1.989197917282581329e-03
1.991947181522846222e-03
1.995572820305824280e-03
1.998979598283767700e-03
1.998367719352245331e-03
1.997690647840499878e-03
1.998621039092540741e-03
2.000248059630393982e-03
2.001601271331310272e-03
2.001892775297164917e-03
2.002092078328132629e-03
2.002091147005558014e-03
2.002095803618431091e-03
2.001231536269187927e-03
2.000919543206691742e-03
1.999728381633758545e-03
1.998431049287319183e-03
1.997230574488639832e-03
1.996123231947422028e-03
1.995076425373554230e-03
1.994146034121513367e-03
1.993225887417793274e-03
1.992363482713699341e-03
1.991575583815574646e-03
1.990825869143009186e-03
1.990075223147869110e-03
1.989405602216720581e-03
1.988751813769340515e-03
1.988137140870094299e-03
1.987527124583721161e-03
1.986944116652011871e-03
1.986406743526458740e-03
1.985872164368629456e-03
1.985371112823486328e-03
1.984910108149051666e-03
1.984428614377975464e-03
1.983936876058578491e-03
1.983501948416233063e-03
1.983042806386947632e-03
1.982648856937885284e-03
1.982237212359905243e-03
1.981848850846290588e-03
1.981446519494056702e-03
1.981050707399845123e-03
1.980713568627834320e-03
1.980341039597988129e-03
1.979998312890529633e-03
1.979644410312175751e-03
1.979286782443523407e-03
1.978966407477855682e-03
1.978626474738121033e-03
1.978293992578983307e-03
1.977993175387382507e-03
1.977681182324886322e-03
1.977368257939815521e-03
1.977038569748401642e-03
1.976717263460159302e-03
1.976394094526767731e-03
1.976139843463897705e-03
1.975851133465766907e-03
1.975537277758121490e-03
1.975281164050102234e-03
1.974980346858501434e-03
1.974741928279399872e-03
1.974479295313358307e-03
1.974225044250488281e-03
1.973954960703849792e-03
1.973674632608890533e-03
1.973453909158706665e-03
1.973170787096023560e-03
1.972352154552936554e-03
1.970296725630760193e-03
1.967392861843109131e-03
1.963389106094837189e-03
1.958012580871582031e-03
1.951890066266059875e-03
1.944496296346187592e-03
1.929448917508125305e-03
1.913508400321006775e-03
1.894780434668064117e-03
1.874691806733608246e-03
1.852803863584995270e-03
1.830478198826313019e-03
1.806193962693214417e-03
1.779782585799694061e-03
1.752147451043128967e-03
1.722972840070724487e-03
1.692630350589752197e-03
1.660062931478023529e-03
1.626693643629550934e-03
1.592294313013553619e-03
1.557456329464912415e-03
1.521061174571514130e-03
1.484345644712448120e-03
1.446466892957687378e-03
1.407333649694919586e-03
1.366932876408100128e-03
1.325929537415504456e-03
1.283962279558181763e-03
1.241702586412429810e-03
1.199718564748764038e-03
1.157917082309722900e-03
1.116820611059665680e-03
1.076043583452701569e-03
1.035926863551139832e-03
9.962106123566627502e-04
9.581986814737319946e-04
9.212540462613105774e-04
8.837981149554252625e-04
8.470406755805015564e-04
8.116438984870910645e-04
7.777996361255645752e-04
7.471730932593345642e-04
7.129218429327011108e-04
6.792824715375900269e-04
6.474163383245468140e-04
6.159050390124320984e-04
5.850596353411674500e-04
5.542859435081481934e-04
5.248291417956352234e-04
4.960782825946807861e-04
4.677772521972656250e-04
4.404438659548759460e-04
4.141982644796371460e-04
3.893515095114707947e-04
3.645438700914382935e-04
3.402959555387496948e-04
3.159288316965103149e-04
2.917842939496040344e-04
2.681883051991462708e-04
2.444917336106300354e-04
2.218801528215408325e-04
1.998515799641609192e-04
1.786332577466964722e-04
1.582037657499313354e-04
1.387400552630424500e-04
1.207385212182998657e-04
1.032622531056404114e-04
8.524581789970397949e-05
6.769970059394836426e-05
5.299970507621765137e-05
3.894232213497161865e-05
2.885051071643829346e-05
2.037081867456436157e-05
1.301802694797515869e-05
7.608905434608459473e-06
4.536472260951995850e-06
4.423782229423522949e-07
-9.033828973770141602e-07
-1.757405698299407959e-06
-4.394911229610443115e-06
-5.747191607952117920e-06
-6.913207471370697021e-06
-8.097849786281585693e-06
-8.277595043182373047e-06
-8.292496204376220703e-06
-8.279457688331604004e-06
-8.272938430309295654e-06
-8.263625204563140869e-06
-8.304603397846221924e-06
-8.277595043182373047e-06
-8.289702236652374268e-06
-8.283182978630065918e-06
-8.301809430122375488e-06
-8.283182978630065918e-06
-8.256174623966217041e-06
-8.268281817436218262e-06
