-4.556961357593536377e-06
-4.534609615802764893e-06
-4.547648131847381592e-06
-4.533678293228149414e-06
-4.548579454421997070e-06
-4.546716809272766113e-06
-4.529021680355072021e-06
-4.557892680168151855e-06
-4.546716809272766113e-06
-4.534609615802764893e-06
-4.535540938377380371e-06
-4.530884325504302979e-06
-4.544854164123535156e-06
-4.548579454421997070e-06
-4.542060196399688721e-06
-4.543922841548919678e-06
-4.564411938190460205e-06
-4.538334906101226807e-06
-4.538334906101226807e-06
-4.547648131847381592e-06
-4.573725163936614990e-06
-4.572793841361999512e-06
-4.565343260765075684e-06
-4.537403583526611328e-06
-4.556030035018920898e-06
-4.569999873638153076e-06
-4.550442099571228027e-06
-4.542060196399688721e-06
-4.536472260951995850e-06
-4.545785486698150635e-06
-4.562549293041229248e-06
-4.541128873825073242e-06
-4.542060196399688721e-06
-4.561617970466613770e-06
-4.540197551250457764e-06
-4.538334906101226807e-06
-4.529021680355072021e-06
-4.534609615802764893e-06
-4.542991518974304199e-06
-4.558824002742767334e-06
-4.544854164123535156e-06
-4.564411938190460205e-06
-4.577450454235076904e-06
-4.523433744907379150e-06
-4.552304744720458984e-06
-4.533678293228149414e-06
-4.559755325317382812e-06
-4.535540938377380371e-06
-4.569999873638153076e-06
-4.512257874011993408e-06
-4.542060196399688721e-06
-4.588626325130462646e-06
-4.549510776996612549e-06
-4.569999873638153076e-06
-4.552304744720458984e-06
-4.546716809272766113e-06
-4.549510776996612549e-06
-4.568137228488922119e-06
-4.575587809085845947e-06
-4.569068551063537598e-06
-4.544854164123535156e-06
-4.533678293228149414e-06
-4.529021680355072021e-06
-4.563480615615844727e-06
-4.568137228488922119e-06
-4.480592906475067139e-06
-1.729466021060943604e-06
1.470558345317840576e-06
2.062879502773284912e-06
3.308057785034179688e-06
7.657334208488464355e-06
1.146364957094192505e-05
1.709908246994018555e-05
2.019945532083511353e-05
2.435129135847091675e-05
2.870615571737289429e-05
2.994295209646224976e-05
2.904515713453292847e-05
2.869311720132827759e-05
2.846587449312210083e-05
2.834200859069824219e-05
2.824515104293823242e-05
2.816226333379745483e-05
2.807937562465667725e-05
2.803746610879898071e-05
2.800486981868743896e-05
2.796482294797897339e-05
2.789311110973358154e-05
2.788100391626358032e-05
2.783350646495819092e-05
2.781581133604049683e-05
2.779625356197357178e-05
2.777017652988433838e-05
2.777855843305587769e-05
2.778694033622741699e-05
2.799648791551589966e-05
3.225542604923248291e-05
3.311689943075180054e-05
3.453809767961502075e-05
3.676023334264755249e-05
3.941077739000320435e-05
4.229974001646041870e-05
4.548206925392150879e-05
4.862062633037567139e-05
5.356781184673309326e-05
6.005726754665374756e-05
6.812624633312225342e-05
7.663108408451080322e-05
8.621904999017715454e-05
9.743310511112213135e-05
1.161023974418640137e-04
1.397179439663887024e-04
1.640394330024719238e-04
1.894338056445121765e-04
2.168081700801849365e-04
2.447674050927162170e-04
2.738535404205322266e-04
3.031222149729728699e-04
3.319159150123596191e-04
3.600660711526870728e-04
3.889231011271476746e-04
4.171309992671012878e-04
4.454264417290687561e-04
4.743551835417747498e-04
5.036396905779838562e-04
5.316408351063728333e-04
5.587404593825340271e-04
5.859527736902236938e-04
6.133113056421279907e-04
6.398903205990791321e-04
6.661610677838325500e-04
6.917919963598251343e-04
7.169023156166076660e-04
7.417909801006317139e-04
7.665008306503295898e-04
7.907701656222343445e-04
8.147107437252998352e-04
8.387211710214614868e-04
8.628405630588531494e-04
8.853487670421600342e-04
9.084260091185569763e-04
9.316951036453247070e-04
9.535970166325569153e-04
9.760446846485137939e-04
9.987130761146545410e-04
1.019847579300403595e-03
1.041664741933345795e-03
1.063778996467590332e-03
1.085016876459121704e-03
1.106729730963706970e-03
1.128625124692916870e-03
1.149911433458328247e-03
1.170393079519271851e-03
1.190798357129096985e-03
1.210193149745464325e-03
1.229659654200077057e-03
1.248924992978572845e-03
1.267517916858196259e-03
1.286964863538742065e-03
1.305045560002326965e-03
1.323129981756210327e-03
1.342028379440307617e-03
1.360726542770862579e-03
1.379328779876232147e-03
1.397953368723392487e-03
1.416657119989395142e-03
1.433484256267547607e-03
1.451308839023113251e-03
1.469330862164497375e-03
1.487365923821926117e-03
1.504087820649147034e-03
1.520812511444091797e-03
1.538559794425964355e-03
1.555796712636947632e-03
1.572550274431705475e-03
1.589131541550159454e-03
1.606952399015426636e-03
1.623335294425487518e-03
1.639482565224170685e-03
1.655376516282558441e-03
1.672508195042610168e-03
1.688587479293346405e-03
1.704437658190727234e-03
1.719750463962554932e-03
1.735907047986984253e-03
1.751394942402839661e-03
1.764721237123012543e-03
1.777807250618934631e-03
1.791233196854591370e-03
1.805822364985942841e-03
1.818434335291385651e-03
1.831214874982833862e-03
1.843473874032497406e-03
1.856877468526363373e-03
1.868932507932186127e-03
1.881039701402187347e-03
1.892842352390289307e-03
1.904860138893127441e-03
1.917846500873565674e-03
1.928996294736862183e-03
1.941006630659103394e-03
1.951980404555797577e-03
1.963865011930465698e-03
1.975391991436481476e-03
1.986009068787097931e-03
1.996801234781742096e-03
2.007663249969482422e-03
2.019834704697132111e-03
2.030629664659500122e-03
2.040580846369266510e-03
2.050862647593021393e-03
2.060392871499061584e-03
2.071554772555828094e-03
2.081754617393016815e-03
2.091345377266407013e-03
2.101127989590167999e-03
2.110228873789310455e-03
2.120685763657093048e-03
2.130835317075252533e-03
2.140243537724018097e-03
2.149702981114387512e-03
2.158490009605884552e-03
2.168076112866401672e-03
2.177326940000057220e-03
2.185555174946784973e-03
2.194525673985481262e-03
2.202769741415977478e-03
2.211076207458972931e-03
2.220600843429565430e-03
2.228853292763233185e-03
2.236899919807910919e-03
2.245779149234294891e-03
2.253530547022819519e-03
2.262389287352561951e-03
2.271739766001701355e-03
2.279186621308326721e-03
2.287336625158786774e-03
2.296241931617259979e-03
2.304622903466224670e-03
2.313491888344287872e-03
2.321564592421054840e-03
2.328324131667613983e-03
2.335809171199798584e-03
2.343419007956981659e-03
2.351022325456142426e-03
2.359315752983093262e-03
2.366970293223857880e-03
2.373536117374897003e-03
2.380868420004844666e-03
2.388425171375274658e-03
2.394864335656166077e-03
2.402686513960361481e-03
2.410306595265865326e-03
2.416614443063735962e-03
2.423218451440334320e-03
2.430174499750137329e-03
2.436215057969093323e-03
2.443437464535236359e-03
2.451087348163127899e-03
2.457131631672382355e-03
2.462573349475860596e-03
2.468613907694816589e-03
2.474657259881496429e-03
2.480405382812023163e-03
2.487632445991039276e-03
2.494368702173233032e-03
2.499382011592388153e-03
2.505006268620491028e-03
2.511030063033103943e-03
2.515745349228382111e-03
2.521053887903690338e-03
2.527743577957153320e-03
2.533946186304092407e-03
2.537869848310947418e-03
2.543036825954914093e-03
2.548666670918464661e-03
2.553395926952362061e-03
2.558698877692222595e-03
2.565136179327964783e-03
2.570800483226776123e-03
2.574786543846130371e-03
2.579431980848312378e-03
2.583916299045085907e-03
2.588621340692043304e-03
2.592426724731922150e-03
2.598624676465988159e-03
2.605058252811431885e-03
2.609410323202610016e-03
2.613526768982410431e-03
2.618088386952877045e-03
2.622827887535095215e-03
2.636734396219253540e-03
2.650617621839046478e-03
2.667013555765151978e-03
2.684094943106174469e-03
2.697051502764225006e-03
2.707115374505519867e-03
2.716085873544216156e-03
2.721874043345451355e-03
2.726731821894645691e-03
2.731555141508579254e-03
2.732307650148868561e-03
2.731071785092353821e-03
2.729603089392185211e-03
2.728041261434555054e-03
2.726573497056961060e-03
2.725275233387947083e-03
2.724033780395984650e-03
2.722875215113162994e-03
2.721861936151981354e-03
2.720867283642292023e-03
2.719725482165813446e-03
2.718715928494930267e-03
2.717896364629268646e-03
2.717092633247375488e-03
2.716301009058952332e-03
2.715570852160453796e-03
2.714899368584156036e-03
2.714198082685470581e-03
2.713587135076522827e-03
2.712983638048171997e-03
2.712391316890716553e-03
2.711826935410499573e-03
2.711297012865543365e-03
2.710743807256221771e-03
2.710226923227310181e-03
2.709721215069293976e-03
2.709217369556427002e-03
2.708745189011096954e-03
2.708279527723789215e-03
2.707792446017265320e-03
2.707378938794136047e-03
2.706945873796939850e-03
2.706492319703102112e-03
2.706062048673629761e-03
2.705668099224567413e-03
2.705254592001438141e-03
2.704870887100696564e-03
2.704286947846412659e-03
2.703807316720485687e-03
2.703330479562282562e-03
2.702825702726840973e-03
2.702304162085056305e-03
2.701783552765846252e-03
2.701241523027420044e-03
2.700773067772388458e-03
2.700264565646648407e-03
2.699868753552436829e-03
2.699412405490875244e-03
2.698981203138828278e-03
2.698544412851333618e-03
2.698130905628204346e-03
2.697674557566642761e-03
2.697248943150043488e-03
2.696810290217399597e-03
2.696305513381958008e-03
2.695446833968162537e-03
2.686503343284130096e-03
2.674166113138198853e-03
2.657367847859859467e-03
2.633048221468925476e-03
2.603550441563129425e-03
2.571785822510719299e-03
2.541558817028999329e-03
2.521190792322158813e-03
2.498672343790531158e-03
2.473506145179271698e-03
2.445720136165618896e-03
2.417576499283313751e-03
2.387194894254207611e-03
2.353813499212265015e-03
2.318920567631721497e-03
2.282257191836833954e-03
2.243683673441410065e-03
2.202671952545642853e-03
2.159214578568935394e-03
2.115536481142044067e-03
2.070341259241104126e-03
2.024125307798385620e-03
1.976164057850837708e-03
1.927305012941360474e-03
1.877445727586746216e-03
1.825504936277866364e-03
1.772237941622734070e-03
1.718313433229923248e-03
1.663608476519584656e-03
1.607839018106460571e-03
1.553476788103580475e-03
1.499394886195659637e-03
1.445605419576168060e-03
1.392822712659835815e-03
1.341107301414012909e-03
1.289679668843746185e-03
1.240649260580539703e-03
1.192167401313781738e-03
1.143874600529670715e-03
1.096641644835472107e-03
1.049505546689033508e-03
1.012302935123443604e-03
9.661521762609481812e-04
9.216042235493659973e-04
8.792430162429809570e-04
8.377963677048683167e-04
7.963096722960472107e-04
7.562739774584770203e-04
7.170243188738822937e-04
6.783492863178253174e-04
6.411047652363777161e-04
6.049675866961479187e-04
5.688453093171119690e-04
5.348976701498031616e-04
5.035987123847007751e-04
4.709791392087936401e-04
4.383949562907218933e-04
4.069060087203979492e-04
3.755148500204086304e-04
3.442130982875823975e-04
3.134636208415031433e-04
2.845674753189086914e-04
2.555670216679573059e-04
2.281097695231437683e-04
2.021370455622673035e-04
1.772698014974594116e-04
1.536104828119277954e-04
1.308787614107131958e-04
1.073358580470085144e-04
8.537340909242630005e-05
6.706919521093368530e-05
5.066115409135818481e-05
3.920495510101318359e-05
2.793781459331512451e-05
2.050865441560745239e-05
1.430511474609375000e-05
9.536743164062500000e-06
5.690380930900573730e-06
5.027279257774353027e-06
2.684071660041809082e-06
4.367902874946594238e-07
-1.822598278522491455e-06
-3.005377948284149170e-06
-4.576519131660461426e-06
-4.558824002742767334e-06
-4.534609615802764893e-06
-4.529021680355072021e-06
-4.519708454608917236e-06
-4.543922841548919678e-06
-4.481524229049682617e-06
-4.513189196586608887e-06
-4.541128873825073242e-06
-4.527159035205841064e-06
-4.527159035205841064e-06
-4.520639777183532715e-06
-4.521571099758148193e-06
