-8.277595043182373047e-06
-8.269213140010833740e-06
-8.291564881801605225e-06
-8.285976946353912354e-06
-8.288770914077758789e-06
-8.275732398033142090e-06
-8.277595043182373047e-06
-8.286908268928527832e-06
-8.285045623779296875e-06
-8.269213140010833740e-06
-8.311122655868530273e-06
-8.285045623779296875e-06
-8.253380656242370605e-06
-8.281320333480834961e-06
-8.271075785160064697e-06
-8.274801075458526611e-06
-8.273869752883911133e-06
-8.271075785160064697e-06
-8.289702236652374268e-06
-8.273869752883911133e-06
-8.293427526950836182e-06
-8.291564881801605225e-06
-8.283182978630065918e-06
-8.267350494861602783e-06
-8.275732398033142090e-06
-8.317641913890838623e-06
-8.274801075458526611e-06
-8.312053978443145752e-06
-8.300878107547760010e-06
-8.300878107547760010e-06
-8.300878107547760010e-06
-8.258968591690063477e-06
-8.295290172100067139e-06
-8.281320333480834961e-06
-8.304603397846221924e-06
-8.287839591503143311e-06
-8.292496204376220703e-06
-8.281320333480834961e-06
-8.273869752883911133e-06
-8.286908268928527832e-06
-8.285045623779296875e-06
-8.288770914077758789e-06
-8.277595043182373047e-06
-8.296221494674682617e-06
-8.284114301204681396e-06
-8.287839591503143311e-06
-8.298084139823913574e-06
-8.279457688331604004e-06
-8.274801075458526611e-06
-8.280389010906219482e-06
-6.618909537792205811e-06
-4.976987838745117188e-06
-3.693625330924987793e-06
-2.514570951461791992e-06
2.308748662471771240e-06
8.760020136833190918e-06
1.121964305639266968e-05
1.372396945953369141e-05
1.570675522089004517e-05
2.091564238071441650e-05
2.583116292953491211e-05
3.191549330949783325e-05
3.816746175289154053e-05
4.766322672367095947e-05
5.050469189882278442e-05
4.973169416189193726e-05
4.917941987514495850e-05
4.884880036115646362e-05
4.864763468503952026e-05
4.849117249250411987e-05
4.833098500967025757e-05
4.822667688131332397e-05
4.811398684978485107e-05
4.806462675333023071e-05
4.801619797945022583e-05
4.791468381881713867e-05
4.788953810930252075e-05
4.781596362590789795e-05
4.775915294885635376e-05
4.771444946527481079e-05
4.766788333654403687e-05
4.764087498188018799e-05
4.761200398206710815e-05
4.759617149829864502e-05
4.755612462759017944e-05
4.751887172460556030e-05
4.749745130538940430e-05
4.746485501527786255e-05
4.746951162815093994e-05
4.742946475744247437e-05
4.741922020912170410e-05
4.737172275781631470e-05
4.738755524158477783e-05
4.733353853225708008e-05
4.734098911285400391e-05
4.734378308057785034e-05
4.773214459419250488e-05
5.134195089340209961e-05
5.457177758216857910e-05
5.662720650434494019e-05
5.882605910301208496e-05
6.119254976511001587e-05
6.406754255294799805e-05
6.680842489004135132e-05
6.984919309616088867e-05
7.272977381944656372e-05
7.697287946939468384e-05
8.204951882362365723e-05
8.772034198045730591e-05
9.334459900856018066e-05
9.955652058124542236e-05
1.063086092472076416e-04
1.142108812928199768e-04
1.223562285304069519e-04
1.310892403125762939e-04
1.403950154781341553e-04
1.504346728324890137e-04
1.607285812497138977e-04
1.714583486318588257e-04
1.825587823987007141e-04
1.941369846463203430e-04
2.060132101178169250e-04
2.183830365538597107e-04
2.308264374732971191e-04
2.435315400362014771e-04
2.567367628216743469e-04
2.698795869946479797e-04
2.837534993886947632e-04
2.981768921017646790e-04
3.128033131361007690e-04
3.275210037827491760e-04
3.423867747187614441e-04
3.577666357159614563e-04
3.734631463885307312e-04
3.899279981851577759e-04
4.069032147526741028e-04
4.243915900588035583e-04
4.424415528774261475e-04
4.606246948242187500e-04
4.794662818312644958e-04
4.990762099623680115e-04
5.187699571251869202e-04
5.389079451560974121e-04
5.599493160843849182e-04
5.812738090753555298e-04
6.030993536114692688e-04
6.244918331503868103e-04
6.458340212702751160e-04
6.680935621261596680e-04
6.900886073708534241e-04
7.121469825506210327e-04
7.341774180531501770e-04
7.568988949060440063e-04
7.783342152833938599e-04
7.995171472430229187e-04
8.200416341423988342e-04
8.396832272410392761e-04
8.586887270212173462e-04
8.770143613219261169e-04
8.947225287556648254e-04
9.117592126131057739e-04
9.276997298002243042e-04
9.436784312129020691e-04
9.586326777935028076e-04
9.728604927659034729e-04
9.870380163192749023e-04
1.000192947685718536e-03
1.012748107314109802e-03
1.025178469717502594e-03
1.036432571709156036e-03
1.047219149768352509e-03
1.057958230376243591e-03
1.067793928086757660e-03
1.076506450772285461e-03
1.084675081074237823e-03
1.092568039894104004e-03
1.099887304008007050e-03
1.106838695704936981e-03
1.113155856728553772e-03
1.119849272072315216e-03
1.126252114772796631e-03
1.131771132349967957e-03
1.137090846896171570e-03
1.141771674156188965e-03
1.145543530583381653e-03
1.149964518845081329e-03
1.154257915914058685e-03
1.158127561211585999e-03
1.161096617579460144e-03
1.163601875305175781e-03
1.166160218417644501e-03
1.168079674243927002e-03
1.170450821518898010e-03
1.171370968222618103e-03
1.172668300569057465e-03
1.171854324638843536e-03
1.171152107417583466e-03
1.170580275356769562e-03
1.170034520328044891e-03
1.169587485492229462e-03
1.169161871075630188e-03
1.168827526271343231e-03
1.168462447822093964e-03
1.168107613921165466e-03
1.167820766568183899e-03
1.167533919215202332e-03
1.167235895991325378e-03
1.167003996670246124e-03
1.166740432381629944e-03
1.166407950222492218e-03
1.166140660643577576e-03
1.165915280580520630e-03
1.165727153420448303e-03
1.165512017905712128e-03
1.165316440165042877e-03
1.165138557553291321e-03
1.164975576102733612e-03
1.164784654974937439e-03
1.164667308330535889e-03
1.164481975138187408e-03
1.164316199719905853e-03
1.164135523140430450e-03
1.163998618721961975e-03
1.163845881819725037e-03
1.163705252110958099e-03
1.163558103144168854e-03
1.163417473435401917e-03
1.163245178759098053e-03
1.163110136985778809e-03
1.162960194051265717e-03
1.162862405180931091e-03
1.162694767117500305e-03
1.162559725344181061e-03
1.162429340183734894e-03
1.162318512797355652e-03
1.162158325314521790e-03
1.162016764283180237e-03
1.161900348961353302e-03
1.161744818091392517e-03
1.161621883511543274e-03
1.161482185125350952e-03
1.161348074674606323e-03
1.161211170256137848e-03
1.161095686256885529e-03
1.160979270935058594e-03
1.160819083452224731e-03
1.160683110356330872e-03
1.160528510808944702e-03
1.160319894552230835e-03
1.158419065177440643e-03
1.152484677731990814e-03
1.145359128713607788e-03
1.137072220444679260e-03
1.128147356212139130e-03
1.120285131037235260e-03
1.112651079893112183e-03
1.104312017560005188e-03
1.095098443329334259e-03
1.087793149054050446e-03
1.081369817256927490e-03
1.073946245014667511e-03
1.066350378096103668e-03
1.059572212398052216e-03
1.053051091730594635e-03
1.045491546392440796e-03
1.037510111927986145e-03
1.030441373586654663e-03
1.024139113724231720e-03
1.016698777675628662e-03
1.009419560432434082e-03
1.002913340926170349e-03
9.959721937775611877e-04
9.881490841507911682e-04
9.802952408790588379e-04
9.736288338899612427e-04
9.669102728366851807e-04
9.596152231097221375e-04
9.533967822790145874e-04
9.471457451581954956e-04
9.404523298144340515e-04
9.329151362180709839e-04
9.261975064873695374e-04
9.202631190419197083e-04
9.131375700235366821e-04
9.061172604560852051e-04
8.998746052384376526e-04
8.933199569582939148e-04
8.859056979417800903e-04
8.785957470536231995e-04
8.723158389329910278e-04
8.659353479743003845e-04
8.588936179876327515e-04
8.528763428330421448e-04
8.467501029372215271e-04
8.401107043027877808e-04
8.329953998327255249e-04
8.265301585197448730e-04
8.209878578782081604e-04
8.142692968249320984e-04
8.076149970293045044e-04
8.016899228096008301e-04
7.953112944960594177e-04
7.884921506047248840e-04
7.820194587111473083e-04
7.764324545860290527e-04
7.707783952355384827e-04
7.641399279236793518e-04
7.582912221550941467e-04
7.522348314523696899e-04
7.458450272679328918e-04
7.391721010208129883e-04
7.334100082516670227e-04
7.282495498657226562e-04
7.220478728413581848e-04
7.158350199460983276e-04
7.103029638528823853e-04
7.043397054076194763e-04
6.977878510951995850e-04
6.914036348462104797e-04
6.858240813016891479e-04
6.802706047892570496e-04
6.739217787981033325e-04
6.684437394142150879e-04
6.628101691603660583e-04
6.568692624568939209e-04
6.505465134978294373e-04
6.448784843087196350e-04
6.400477141141891479e-04
6.340965628623962402e-04
6.283391267061233521e-04
6.236787885427474976e-04
6.209909915924072266e-04
6.175246089696884155e-04
6.113518029451370239e-04
6.062369793653488159e-04
6.005316972732543945e-04
5.943728610873222351e-04
5.890093743801116943e-04
5.837827920913696289e-04
5.785422399640083313e-04
5.727903917431831360e-04
5.678646266460418701e-04
5.634240806102752686e-04
5.589267238974571228e-04
5.535511299967765808e-04
5.490770563483238220e-04
5.442919209599494934e-04
5.392944440245628357e-04
5.336739122867584229e-04
5.289809778332710266e-04
5.244249477982521057e-04
5.199490115046501160e-04
5.147950723767280579e-04
5.100583657622337341e-04
5.058590322732925415e-04
5.010608583688735962e-04
4.961676895618438721e-04
4.914877936244010925e-04
4.877764731645584106e-04
4.837596789002418518e-04
4.789959639310836792e-04
4.745218902826309204e-04
4.704575985670089722e-04
4.664389416575431824e-04
4.619946703314781189e-04
4.571862518787384033e-04
4.531703889369964600e-04
4.493249580264091492e-04
4.453547298908233643e-04
4.411367699503898621e-04
4.370203241705894470e-04
4.334198310971260071e-04
4.296591505408287048e-04
4.256088286638259888e-04
4.210080951452255249e-04
4.173722118139266968e-04
4.139756783843040466e-04
4.102671518921852112e-04
4.060370847582817078e-04
4.021506756544113159e-04
3.986600786447525024e-04
3.949701786041259766e-04
3.911107778549194336e-04
3.868909552693367004e-04
3.829058259725570679e-04
3.796583041548728943e-04
3.764061257243156433e-04
3.726948052644729614e-04
3.683697432279586792e-04
3.648698329925537109e-04
3.616753965616226196e-04
3.579538315534591675e-04
3.538141027092933655e-04
3.501949831843376160e-04
3.469139337539672852e-04
3.436766564846038818e-04
3.400910645723342896e-04
3.363098949193954468e-04
3.324812278151512146e-04
3.292281180620193481e-04
3.260243684053421021e-04
3.226026892662048340e-04
3.185691311955451965e-04
3.151111304759979248e-04
3.121169283986091614e-04
3.088684752583503723e-04
3.050426021218299866e-04
3.011254593729972839e-04
2.979636192321777344e-04
2.947980538010597229e-04
2.911509945988655090e-04
2.873465418815612793e-04
2.838671207427978516e-04
2.807518467307090759e-04
2.775844186544418335e-04
2.741618081927299500e-04
2.703107893466949463e-04
2.668779343366622925e-04
2.640495076775550842e-04
2.611186355352401733e-04
2.578292042016983032e-04
2.542221918702125549e-04
2.513555809855461121e-04
2.487367019057273865e-04
2.456493675708770752e-04
2.419361844658851624e-04
2.384101971983909607e-04
2.354886382818222046e-04
2.324646338820457458e-04
2.291472628712654114e-04
2.255262807011604309e-04
2.223039045929908752e-04
2.197585999965667725e-04
2.167588099837303162e-04
2.132486552000045776e-04
2.100663259625434875e-04
2.076262608170509338e-04
2.053203061223030090e-04
2.024834975600242615e-04
1.991540193557739258e-04
1.962948590517044067e-04
1.937914639711380005e-04
1.912033185362815857e-04
1.882715150713920593e-04
1.850547268986701965e-04
1.821452751755714417e-04
1.797024160623550415e-04
1.771077513694763184e-04
1.738369464874267578e-04
1.704590395092964172e-04
1.678653061389923096e-04
1.652771607041358948e-04
1.621246337890625000e-04
1.588799059391021729e-04
1.557916402816772461e-04
1.532649621367454529e-04
1.506227999925613403e-04
1.475745812058448792e-04
1.439666375517845154e-04
1.412406563758850098e-04
1.388909295201301575e-04
1.358725130558013916e-04
1.323847100138664246e-04
1.292256638407707214e-04
1.264084130525588989e-04
1.235520467162132263e-04
1.204805448651313782e-04
1.168195158243179321e-04
1.140227541327476501e-04
1.114122569561004639e-04
1.082494854927062988e-04
1.047709956765174866e-04
1.014387235045433044e-04
9.849015623331069946e-05
9.559188038110733032e-05
9.203422814607620239e-05
8.870102465152740479e-05
8.588563650846481323e-05
8.310098201036453247e-05
8.000899106264114380e-05
7.640291005373001099e-05
7.333420217037200928e-05
7.071346044540405273e-05
6.759073585271835327e-05
6.445311009883880615e-05
6.158277392387390137e-05
5.930382758378982544e-05
5.715433508157730103e-05
5.430262535810470581e-05
5.187187343835830688e-05
4.957988858222961426e-05
4.734750837087631226e-05
4.505179822444915771e-05
4.269089549779891968e-05
4.084780812263488770e-05
3.904104232788085938e-05
3.715790808200836182e-05
3.507826477289199829e-05
3.360863775014877319e-05
3.211107105016708374e-05
3.071408718824386597e-05
2.839975059032440186e-05
1.645460724830627441e-05
7.481314241886138916e-06
2.678483724594116211e-06
-4.600733518600463867e-07
-2.549029886722564697e-06
-5.644746124744415283e-06
-7.663853466510772705e-06
-8.295290172100067139e-06
-8.301809430122375488e-06
-8.286908268928527832e-06
-8.297152817249298096e-06
-8.289702236652374268e-06
-8.288770914077758789e-06
-8.285976946353912354e-06
-8.282251656055450439e-06
-8.326955139636993408e-06
-8.293427526950836182e-06
-8.329749107360839844e-06
-8.305534720420837402e-06
