-4.603527486324310303e-06
-4.583969712257385254e-06
-4.572793841361999512e-06
-4.586763679981231689e-06
-4.580244421958923340e-06
-4.581175744533538818e-06
-4.569999873638153076e-06
-4.594214260578155518e-06
-4.594214260578155518e-06
-4.566274583339691162e-06
-4.603527486324310303e-06
-4.562549293041229248e-06
-4.581175744533538818e-06
-4.583038389682769775e-06
-4.603527486324310303e-06
-4.598870873451232910e-06
-4.558824002742767334e-06
-4.580244421958923340e-06
-4.553236067295074463e-06
-4.584901034832000732e-06
-4.548579454421997070e-06
-4.557892680168151855e-06
-4.572793841361999512e-06
-4.568137228488922119e-06
-4.567205905914306641e-06
-4.597939550876617432e-06
-4.567205905914306641e-06
-4.571862518787384033e-06
-4.578381776809692383e-06
-4.585832357406616211e-06
-4.559755325317382812e-06
-4.569068551063537598e-06
-4.595145583152770996e-06
-4.561617970466613770e-06
-4.536472260951995850e-06
-4.586763679981231689e-06
-4.561617970466613770e-06
-4.571862518787384033e-06
-4.548579454421997070e-06
-4.571862518787384033e-06
-4.558824002742767334e-06
-4.568137228488922119e-06
-4.574656486511230469e-06
-4.580244421958923340e-06
-4.569068551063537598e-06
-4.558824002742767334e-06
-4.579313099384307861e-06
-4.570931196212768555e-06
-4.594214260578155518e-06
-4.571862518787384033e-06
-1.952983438968658447e-06
5.979090929031372070e-07
2.107582986354827881e-06
5.718320608139038086e-06
1.364760100841522217e-05
1.870095729827880859e-05
2.292916178703308105e-05
2.536084502935409546e-05
3.117509186267852783e-05
3.694090992212295532e-05
4.401523619890213013e-05
5.214288830757141113e-05
6.199907511472702026e-05
7.157400250434875488e-05
7.215142250061035156e-05
7.109437137842178345e-05
7.054768502712249756e-05
7.020775228738784790e-05
6.997771561145782471e-05
6.978958845138549805e-05
6.962567567825317383e-05
6.949808448553085327e-05
6.937887519598007202e-05
6.929133087396621704e-05
6.919540464878082275e-05
6.910599768161773682e-05
6.905477494001388550e-05
6.897654384374618530e-05
6.892252713441848755e-05
6.886478513479232788e-05
6.880052387714385986e-05
6.877537816762924194e-05
6.871949881315231323e-05
6.868131458759307861e-05
6.865896284580230713e-05
6.860494613647460938e-05
6.859097629785537720e-05
6.854441016912460327e-05
6.852950900793075562e-05
6.850250065326690674e-05
6.847735494375228882e-05
6.845593452453613281e-05
6.839726120233535767e-05
6.840564310550689697e-05
6.842426955699920654e-05
6.846431642770767212e-05
7.141847163438796997e-05
7.570348680019378662e-05
7.942691445350646973e-05
8.188933134078979492e-05
8.480157703161239624e-05
8.839555084705352783e-05
9.208358824253082275e-05
9.577628225088119507e-05
9.969156235456466675e-05
1.041153445839881897e-04
1.103226095438003540e-04
1.174677163362503052e-04
1.248288899660110474e-04
1.325579360127449036e-04
1.408327370882034302e-04
1.505855470895767212e-04
1.612305641174316406e-04
1.721307635307312012e-04
1.840898767113685608e-04
1.965621486306190491e-04
2.100253477692604065e-04
2.237576991319656372e-04
2.379957586526870728e-04
2.530720084905624390e-04
2.681743353605270386e-04
2.841698005795478821e-04
3.006532788276672363e-04
3.168424591422080994e-04
3.338810056447982788e-04
3.513069823384284973e-04
3.688251599669456482e-04
3.874078392982482910e-04
4.065008834004402161e-04
4.259543493390083313e-04
4.451433196663856506e-04
4.648976027965545654e-04
4.850933328270912170e-04
5.062399432063102722e-04
5.282340571284294128e-04
5.509341135621070862e-04
5.741780623793601990e-04
5.979137495160102844e-04
6.221756339073181152e-04
6.472375243902206421e-04
6.732065230607986450e-04
6.990646943449974060e-04
7.261531427502632141e-04
7.538823410868644714e-04
7.821563631296157837e-04
8.105477318167686462e-04
8.383309468626976013e-04
8.670194074511528015e-04
8.958876132965087891e-04
9.250137954950332642e-04
9.535606950521469116e-04
9.831525385379791260e-04
1.012020744383335114e-03
1.040166243910789490e-03
1.067337580025196075e-03
1.093789935111999512e-03
1.119042746722698212e-03
1.143589615821838379e-03
1.166963018476963043e-03
1.190107315778732300e-03
1.211579889059066772e-03
1.232388429343700409e-03
1.252858899533748627e-03
1.271765679121017456e-03
1.290481537580490112e-03
1.308502629399299622e-03
1.325196586549282074e-03
1.341715455055236816e-03
1.357259228825569153e-03
1.371466554701328278e-03
1.385678537189960480e-03
1.399260014295578003e-03
1.411463133990764618e-03
1.422279514372348785e-03
1.433030702173709869e-03
1.442890614271163940e-03
1.452445052564144135e-03
1.461045816540718079e-03
1.469415612518787384e-03
1.478206366300582886e-03
1.485856249928474426e-03
1.493031159043312073e-03
1.499720849096775055e-03
1.505200751125812531e-03
1.510346308350563049e-03
1.516178250312805176e-03
1.521943137049674988e-03
1.526006497442722321e-03
1.529524102807044983e-03
1.533216796815395355e-03
1.536737196147441864e-03
1.539113000035285950e-03
1.540211029350757599e-03
1.543181948363780975e-03
1.542710699141025543e-03
1.541743986308574677e-03
1.540903933346271515e-03
1.540190540254116058e-03
1.539545133709907532e-03
1.538987271487712860e-03
1.538475975394248962e-03
1.537981443107128143e-03
1.537568867206573486e-03
1.537163741886615753e-03
1.536781899631023407e-03
1.536402851343154907e-03
1.536076888442039490e-03
1.535724848508834839e-03
1.535410061478614807e-03
1.534978859126567841e-03
1.534699462354183197e-03
1.534382812678813934e-03
1.534112729132175446e-03
1.533886417746543884e-03
1.533637754619121552e-03
1.533403061330318451e-03
1.533187925815582275e-03
1.532970927655696869e-03
1.532779075205326080e-03
1.532578840851783752e-03
1.532327383756637573e-03
1.532104797661304474e-03
1.531920395791530609e-03
1.531736925244331360e-03
1.531550660729408264e-03
1.531388610601425171e-03
1.531185582280158997e-03
1.530967652797698975e-03
1.530819572508335114e-03
1.530628651380538940e-03
1.530441455543041229e-03
1.530271023511886597e-03
1.530092209577560425e-03
1.529915258288383484e-03
1.529728062450885773e-03
1.529581844806671143e-03
1.529389992356300354e-03
1.529196277260780334e-03
1.529057510197162628e-03
1.528864726424217224e-03
1.528700813651084900e-03
1.528527587652206421e-03
1.528381370007991791e-03
1.528182998299598694e-03
1.528009772300720215e-03
1.527820713818073273e-03
1.527650281786918640e-03
1.527417451143264771e-03
1.526920124888420105e-03
1.521375961601734161e-03
1.512993127107620239e-03
1.502589322626590729e-03
1.491291448473930359e-03
1.479965634644031525e-03
1.470386981964111328e-03
1.459945924580097198e-03
1.448242925107479095e-03
1.437005586922168732e-03
1.428811810910701752e-03
1.419497653841972351e-03
1.409605145454406738e-03
1.399992033839225769e-03
1.391844823956489563e-03
1.382472924888134003e-03
1.372198574244976044e-03
1.362242735922336578e-03
1.353812403976917267e-03
1.344750635325908661e-03
1.334846019744873047e-03
1.326149329543113708e-03
1.317318528890609741e-03
1.307834871113300323e-03
1.297223381698131561e-03
1.287645660340785980e-03
1.279337331652641296e-03
1.269898377358913422e-03
1.260872930288314819e-03
1.253052614629268646e-03
1.244692131876945496e-03
1.235203817486763000e-03
1.225658692419528961e-03
1.217796467244625092e-03
1.209142617881298065e-03
1.199671998620033264e-03
1.191233284771442413e-03
1.182889565825462341e-03
1.173875294625759125e-03
1.163859851658344269e-03
1.154901459813117981e-03
1.147137023508548737e-03
1.138058491051197052e-03
1.129291951656341553e-03
1.121685840189456940e-03
1.113354228436946869e-03
1.104250550270080566e-03
1.095231622457504272e-03
1.087616197764873505e-03
1.079590991139411926e-03
1.070622354745864868e-03
1.062596216797828674e-03
1.054466702044010162e-03
1.045901328325271606e-03
1.037005335092544556e-03
1.028973609209060669e-03
1.022132113575935364e-03
1.013822853565216064e-03
1.005523838102817535e-03
9.979903697967529297e-04
9.898543357849121094e-04
9.811194613575935364e-04
9.728372097015380859e-04
9.658820927143096924e-04
9.585358202457427979e-04
9.501520544290542603e-04
9.426418691873550415e-04
9.350730106234550476e-04
9.270180016756057739e-04
9.182849898934364319e-04
9.103240445256233215e-04
9.035021066665649414e-04
8.954284712672233582e-04
8.874973282217979431e-04
8.805366232991218567e-04
8.730767294764518738e-04
8.647404611110687256e-04
8.568027988076210022e-04
8.502947166562080383e-04
8.431291207671165466e-04
8.351262658834457397e-04
8.282121270895004272e-04
8.233273401856422424e-04
8.208323270082473755e-04
8.132923394441604614e-04
8.058836683630943298e-04
7.990356534719467163e-04
7.911091670393943787e-04
7.833680137991905212e-04
7.765535265207290649e-04
7.698060944676399231e-04
7.625045254826545715e-04
7.552187889814376831e-04
7.495814934372901917e-04
7.435986772179603577e-04
7.369825616478919983e-04
7.304549217224121094e-04
7.244255393743515015e-04
7.182881236076354980e-04
7.110508158802986145e-04
7.041646167635917664e-04
6.981324404478073120e-04
6.926693022251129150e-04
6.860252469778060913e-04
6.795916706323623657e-04
6.735650822520256042e-04
6.678150966763496399e-04
6.614625453948974609e-04
6.550792604684829712e-04
6.495714187622070312e-04
6.443019956350326538e-04
6.390176713466644287e-04
6.325785070657730103e-04
6.270986050367355347e-04
6.222072988748550415e-04
6.162924692034721375e-04
6.102696061134338379e-04
6.041489541530609131e-04
5.989754572510719299e-04
5.943235009908676147e-04
5.890820175409317017e-04
5.830125883221626282e-04
5.782600492238998413e-04
5.737775936722755432e-04
5.683386698365211487e-04
5.626659840345382690e-04
5.571031942963600159e-04
5.521969869732856750e-04
5.476390942931175232e-04
5.428614094853401184e-04
5.372706800699234009e-04
5.322126671671867371e-04
5.278643220663070679e-04
5.231788381934165955e-04
5.175722762942314148e-04
5.122888833284378052e-04
5.076387897133827209e-04
5.032457411289215088e-04
4.984755069017410278e-04
4.933085292577743530e-04
4.883222281932830811e-04
4.837280139327049255e-04
4.791216924786567688e-04
4.742890596389770508e-04
4.689013585448265076e-04
4.642447456717491150e-04
4.603331908583641052e-04
4.560835659503936768e-04
4.510292783379554749e-04
4.456611350178718567e-04
4.414943978190422058e-04
4.373909905552864075e-04
4.326775670051574707e-04
4.276931285858154297e-04
4.230281338095664978e-04
4.186090081930160522e-04
4.143724218010902405e-04
4.098033532500267029e-04
4.049306735396385193e-04
4.000170156359672546e-04
3.957506269216537476e-04
3.915000706911087036e-04
3.868825733661651611e-04
3.816625103354454041e-04
3.774901852011680603e-04
3.737462684512138367e-04
3.693643957376480103e-04
3.642551600933074951e-04
3.595352172851562500e-04
3.557726740837097168e-04
3.518946468830108643e-04
3.474876284599304199e-04
3.429735079407691956e-04
3.389306366443634033e-04
3.352919593453407288e-04
3.313450142741203308e-04
3.269370645284652710e-04
3.222040832042694092e-04
3.177225589752197266e-04
3.140028566122055054e-04
3.101686015725135803e-04
3.052558749914169312e-04
3.009131178259849548e-04
2.970937639474868774e-04
2.932520583271980286e-04
2.891533076763153076e-04
2.847341820597648621e-04
2.806792035698890686e-04
2.775508910417556763e-04
2.743937075138092041e-04
2.706795930862426758e-04
2.663545310497283936e-04
2.626236528158187866e-04
2.596722915768623352e-04
2.561463043093681335e-04
2.518026158213615417e-04
2.478621900081634521e-04
2.446146681904792786e-04
2.412041649222373962e-04
2.370886504650115967e-04
2.327896654605865479e-04
2.286890521645545959e-04
2.252282574772834778e-04
2.218363806605339050e-04
2.175541594624519348e-04
2.130502834916114807e-04
2.098139375448226929e-04
2.066511660814285278e-04
2.025980502367019653e-04
1.980010420083999634e-04
1.940149813890457153e-04
1.904349774122238159e-04
1.869229599833488464e-04
1.830169931054115295e-04
1.781741157174110413e-04
1.744357869029045105e-04
1.710662618279457092e-04
1.670131459832191467e-04
1.623751595616340637e-04
1.582037657499313354e-04
1.544719561934471130e-04
1.508481800556182861e-04
1.466460525989532471e-04
1.417407765984535217e-04
1.380536705255508423e-04
1.342389732599258423e-04
1.297760754823684692e-04
1.252982765436172485e-04
1.209834590554237366e-04
1.176083460450172424e-04
1.138886436820030212e-04
1.091975718736648560e-04
1.049432903528213501e-04
1.010866835713386536e-04
9.731389582157135010e-05
9.336974471807479858e-05
8.909963071346282959e-05
8.607842028141021729e-05
8.303672075271606445e-05
7.972680032253265381e-05
7.618963718414306641e-05
7.294304668903350830e-05
7.033534348011016846e-05
6.723217666149139404e-05
6.408989429473876953e-05
6.118044257164001465e-05
5.902815610170364380e-05
5.658157169818878174e-05
5.389563739299774170e-05
5.145464092493057251e-05
4.961993545293807983e-05
4.773121327161788940e-05
4.584714770317077637e-05
3.728643059730529785e-05
2.093706279993057251e-05
1.273117959499359131e-05
6.445683538913726807e-06
5.558133125305175781e-06
1.219101250171661377e-06
-1.596286892890930176e-06
-4.237517714500427246e-06
-4.505738615989685059e-06
-4.511326551437377930e-06
-4.519708454608917236e-06
-4.489906132221221924e-06
-4.515983164310455322e-06
-4.534609615802764893e-06
-4.534609615802764893e-06
-4.527159035205841064e-06
-4.519708454608917236e-06
-4.507601261138916016e-06
-4.528090357780456543e-06
-4.529953002929687500e-06
