-8.264556527137756348e-06
-8.272938430309295654e-06
-8.276663720607757568e-06
-8.307397365570068359e-06
-8.290633559226989746e-06
-8.264556527137756348e-06
-8.277595043182373047e-06
-8.284114301204681396e-06
-8.264556527137756348e-06
-8.288770914077758789e-06
-8.283182978630065918e-06
-8.290633559226989746e-06
-8.288770914077758789e-06
-8.287839591503143311e-06
-8.275732398033142090e-06
-8.272938430309295654e-06
-8.272938430309295654e-06
-8.287839591503143311e-06
-8.302740752696990967e-06
-8.297152817249298096e-06
-8.283182978630065918e-06
-8.280389010906219482e-06
-8.284114301204681396e-06
-8.283182978630065918e-06
-8.274801075458526611e-06
-8.284114301204681396e-06
-8.299946784973144531e-06
-8.277595043182373047e-06
-8.269213140010833740e-06
-8.264556527137756348e-06
-8.299015462398529053e-06
-8.260831236839294434e-06
-8.278526365756988525e-06
-8.296221494674682617e-06
-8.278526365756988525e-06
-8.292496204376220703e-06
-8.271075785160064697e-06
-8.294358849525451660e-06
-8.285976946353912354e-06
-8.278526365756988525e-06
-8.283182978630065918e-06
-8.291564881801605225e-06
-8.271075785160064697e-06
-8.298084139823913574e-06
-8.272938430309295654e-06
-8.279457688331604004e-06
-8.290633559226989746e-06
-8.298084139823913574e-06
-8.283182978630065918e-06
-8.293427526950836182e-06
-5.471520125865936279e-06
-4.166737198829650879e-06
-2.557411789894104004e-06
3.087334334850311279e-06
7.893890142440795898e-06
1.102313399314880371e-05
1.311115920543670654e-05
1.741480082273483276e-05
2.149958163499832153e-05
2.632848918437957764e-05
3.268662840127944946e-05
3.939960151910781860e-05
5.000084638595581055e-05
5.460716784000396729e-05
5.393940955400466919e-05
5.338806658983230591e-05
5.305372178554534912e-05
5.283113569021224976e-05
5.265790969133377075e-05
5.249120295047760010e-05
5.238037556409835815e-05
5.230400711297988892e-05
5.219317972660064697e-05
5.210749804973602295e-05
5.207117646932601929e-05
5.197152495384216309e-05
5.193054676055908203e-05
5.188584327697753906e-05
5.184672772884368896e-05
5.189329385757446289e-05
5.200039595365524292e-05
5.208514630794525146e-05
5.211029201745986938e-05
5.216803401708602905e-05
5.220249295234680176e-05
5.231052637100219727e-05
5.342811346054077148e-05
5.761906504631042480e-05
6.185472011566162109e-05
6.520375609397888184e-05
6.902124732732772827e-05
7.321964949369430542e-05
7.980689406394958496e-05
8.742697536945343018e-05
9.561050683259963989e-05
1.049442216753959656e-04
1.162467524409294128e-04
1.280950382351875305e-04
1.410022377967834473e-04
1.550456508994102478e-04
1.697288826107978821e-04
1.853778958320617676e-04
2.017123624682426453e-04
2.189045771956443787e-04
2.365075051784515381e-04
2.547660842537879944e-04
2.736980095505714417e-04
2.935929223895072937e-04
3.142151981592178345e-04
3.351988270878791809e-04
3.569042310118675232e-04
3.794440999627113342e-04
4.035020247101783752e-04
4.286291077733039856e-04
4.546837881207466125e-04
4.818448796868324280e-04
5.103452131152153015e-04
5.396287888288497925e-04
5.705570802092552185e-04
6.023840978741645813e-04
6.340807303786277771e-04
6.671976298093795776e-04
7.002782076597213745e-04
7.328586652874946594e-04
7.666181772947311401e-04
7.997788488864898682e-04
8.312463760375976562e-04
8.614258840680122375e-04
8.902726694941520691e-04
9.176628664135932922e-04
9.437045082449913025e-04
9.683035314083099365e-04
9.919982403516769409e-04
1.014178618788719177e-03
1.035357825458049774e-03
1.054917462170124054e-03
1.073323190212249756e-03
1.089937053620815277e-03
1.105060800909996033e-03
1.119640655815601349e-03
1.133866608142852783e-03
1.146834343671798706e-03
1.159844920039176941e-03
1.171960495412349701e-03
1.183311454951763153e-03
1.194279640913009644e-03
1.204340718686580658e-03
1.213363371789455414e-03
1.221529208123683929e-03
1.229675486683845520e-03
1.237497664988040924e-03
1.243501901626586914e-03
1.248851418495178223e-03
1.253023743629455566e-03
1.256005838513374329e-03
1.258336938917636871e-03
1.259614713490009308e-03
1.259774900972843170e-03
1.258869655430316925e-03
1.258066855370998383e-03
1.257372088730335236e-03
1.256796531379222870e-03
1.256230287253856659e-03
1.255717128515243530e-03
1.255255192518234253e-03
1.254801638424396515e-03
1.254375092685222626e-03
1.254064030945301056e-03
1.253683120012283325e-03
1.253348775207996368e-03
1.253020018339157104e-03
1.252725720405578613e-03
1.252406276762485504e-03
1.252129673957824707e-03
1.251846551895141602e-03
1.251596957445144653e-03
1.251368783414363861e-03
1.251103356480598450e-03
1.250879839062690735e-03
1.250627450644969940e-03
1.250402070581912994e-03
1.250112429261207581e-03
1.249819993972778320e-03
1.248426735401153564e-03
1.242250204086303711e-03
1.234443858265876770e-03
1.225820742547512054e-03
1.216152682900428772e-03
1.205951906740665436e-03
1.196893863379955292e-03
1.188118010759353638e-03
1.178948208689689636e-03
1.170295290648937225e-03
1.162439584732055664e-03
1.154140569269657135e-03
1.145376823842525482e-03
1.137393526732921600e-03
1.129788346588611603e-03
1.121220178902149200e-03
1.112610101699829102e-03
1.105354167520999908e-03
1.097775995731353760e-03
1.089399680495262146e-03
1.081833615899085999e-03
1.074520871043205261e-03
1.066314056515693665e-03
1.058246940374374390e-03
1.051468774676322937e-03
1.044209115207195282e-03
1.036196015775203705e-03
1.028918661177158356e-03
1.021899282932281494e-03
1.013941131532192230e-03
1.006058417260646820e-03
9.995298460125923157e-04
9.924033656716346741e-04
9.844610467553138733e-04
9.772088378667831421e-04
9.700767695903778076e-04
9.621884673833847046e-04
9.544519707560539246e-04
9.476747363805770874e-04
9.406851604580879211e-04
9.332131594419479370e-04
9.263381361961364746e-04
9.197713807225227356e-04
9.123850613832473755e-04
9.051412343978881836e-04
8.988408371806144714e-04
8.920365944504737854e-04
8.845385164022445679e-04
8.777147158980369568e-04
8.709933608770370483e-04
8.634561672806739807e-04
8.561732247471809387e-04
8.496716618537902832e-04
8.429940789937973022e-04
8.358610793948173523e-04
8.294191211462020874e-04
8.229510858654975891e-04
8.157892152667045593e-04
8.089998736977577209e-04
8.029090240597724915e-04
7.964400574564933777e-04
7.893545553088188171e-04
7.826834917068481445e-04
7.761055603623390198e-04
7.690368220210075378e-04
7.624877616763114929e-04
7.565272971987724304e-04
7.502324879169464111e-04
7.434487342834472656e-04
7.371976971626281738e-04
7.306477054953575134e-04
7.236506789922714233e-04
7.175803184509277344e-04
7.118694484233856201e-04
7.056267932057380676e-04
6.990768015384674072e-04
6.931126117706298828e-04
6.868233904242515564e-04
6.800303235650062561e-04
6.737895309925079346e-04
6.681652739644050598e-04
6.621163338422775269e-04
6.558969616889953613e-04
6.502456963062286377e-04
6.442731246352195740e-04
6.388537585735321045e-04
6.365040317177772522e-04
6.322925910353660583e-04
6.264606490731239319e-04
6.197756156325340271e-04
6.118956953287124634e-04
6.062136963009834290e-04
6.029866635799407959e-04
5.972832441329956055e-04
5.918405950069427490e-04
5.861148238182067871e-04
5.798246711492538452e-04
5.742944777011871338e-04
5.692420527338981628e-04
5.635619163513183594e-04
5.579777061939239502e-04
5.535874515771865845e-04
5.486821755766868591e-04
5.434444174170494080e-04
5.383417010307312012e-04
5.337279289960861206e-04
5.285432562232017517e-04
5.230763927102088928e-04
5.183629691600799561e-04
5.137231200933456421e-04
5.091093480587005615e-04
5.035791546106338501e-04
4.989234730601310730e-04
4.942715167999267578e-04
4.894975572824478149e-04
4.844181239604949951e-04
4.800660535693168640e-04
4.759496077895164490e-04
4.716804251074790955e-04
4.665842279791831970e-04
4.624072462320327759e-04
4.581985995173454285e-04
4.538455978035926819e-04
4.488108679652214050e-04
4.446161910891532898e-04
4.404336214065551758e-04
4.361998289823532104e-04
4.315720871090888977e-04
4.274416714906692505e-04
4.240889102220535278e-04
4.202667623758316040e-04
4.157684743404388428e-04
4.114061594009399414e-04
4.071332514286041260e-04
4.032440483570098877e-04
3.988295793533325195e-04
3.943983465433120728e-04
3.908695653080940247e-04
3.871889784932136536e-04
3.833258524537086487e-04
3.791116178035736084e-04
3.749318420886993408e-04
3.714719787240028381e-04
3.676125779747962952e-04
3.632409498095512390e-04
3.591338172554969788e-04
3.555398434400558472e-04
3.521088510751724243e-04
3.484142944216728210e-04
3.441432490944862366e-04
3.407765179872512817e-04
3.376277163624763489e-04
3.338810056447982788e-04
3.297664225101470947e-04
3.259042277932167053e-04
3.224629908800125122e-04
3.191391006112098694e-04
3.155525773763656616e-04
3.114836290478706360e-04
3.081364557147026062e-04
3.050174564123153687e-04
3.014458343386650085e-04
2.976320683956146240e-04
2.939086407423019409e-04
2.906713634729385376e-04
2.876548096537590027e-04
2.841241657733917236e-04
2.805134281516075134e-04
2.778032794594764709e-04
2.748603001236915588e-04
2.714237198233604431e-04
2.678176388144493103e-04
2.643298357725143433e-04
2.614101395010948181e-04
2.584895119071006775e-04
2.551544457674026489e-04
2.516517415642738342e-04
2.489238977432250977e-04
2.460861578583717346e-04
2.426384016871452332e-04
2.389904111623764038e-04
2.353107556700706482e-04
2.323193475604057312e-04
2.292413264513015747e-04
2.254089340567588806e-04
2.219201996922492981e-04
2.187648788094520569e-04
2.157725393772125244e-04
2.124458551406860352e-04
2.087503671646118164e-04
2.061426639556884766e-04
2.037752419710159302e-04
2.010567113757133484e-04
1.980401575565338135e-04
1.951567828655242920e-04
1.925751566886901855e-04
1.899199560284614563e-04
1.868624240159988403e-04
1.830523833632469177e-04
1.798989251255989075e-04
1.770490780472755432e-04
1.739170402288436890e-04
1.708073541522026062e-04
1.677377149462699890e-04
1.653153449296951294e-04
1.625819131731987000e-04
1.589693129062652588e-04
1.555401831865310669e-04
1.525115221738815308e-04
1.495815813541412354e-04
1.462912186980247498e-04
1.427503302693367004e-04
1.400746405124664307e-04
1.373998820781707764e-04
1.342324540019035339e-04
1.306626945734024048e-04
1.273099333047866821e-04
1.245746389031410217e-04
1.213382929563522339e-04
1.177983358502388000e-04
1.143654808402061462e-04
1.115240156650543213e-04
1.085810363292694092e-04
1.048566773533821106e-04
1.014210283756256104e-04
9.821262210607528687e-05
9.510572999715805054e-05
9.141769260168075562e-05
8.800998330116271973e-05
8.493568748235702515e-05
8.204486221075057983e-05
7.861852645874023438e-05
7.497891783714294434e-05
7.189996540546417236e-05
6.890762597322463989e-05
6.577745079994201660e-05
6.259977817535400391e-05
6.008148193359375000e-05
5.772151052951812744e-05
5.515757948160171509e-05
5.227234214544296265e-05
5.006231367588043213e-05
4.771165549755096436e-05
4.544109106063842773e-05
4.299171268939971924e-05
4.105549305677413940e-05
3.920961171388626099e-05
3.718864172697067261e-05
3.519840538501739502e-05
3.350805491209030151e-05
3.210268914699554443e-05
3.053527325391769409e-05
2.666935324668884277e-05
1.418218016624450684e-05
6.093643605709075928e-06
1.514330506324768066e-06
-2.039596438407897949e-07
-2.902001142501831055e-06
-5.478039383888244629e-06
-7.552094757556915283e-06
-8.310191333293914795e-06
-8.308328688144683838e-06
-8.259899914264678955e-06
-8.299015462398529053e-06
-8.305534720420837402e-06
-8.292496204376220703e-06
-8.294358849525451660e-06
-8.317641913890838623e-06
-8.294358849525451660e-06
-8.296221494674682617e-06
-8.328817784786224365e-06
-8.326955139636993408e-06
