-4.554167389869689941e-06
-4.572793841361999512e-06
-4.541128873825073242e-06
-4.536472260951995850e-06
-4.539266228675842285e-06
-4.560686647891998291e-06
-4.540197551250457764e-06
-4.545785486698150635e-06
-4.571862518787384033e-06
-4.532746970653533936e-06
-4.553236067295074463e-06
-4.542991518974304199e-06
-4.566274583339691162e-06
-4.534609615802764893e-06
-4.546716809272766113e-06
-4.547648131847381592e-06
-4.541128873825073242e-06
-4.532746970653533936e-06
-4.564411938190460205e-06
-4.555098712444305420e-06
-4.565343260765075684e-06
-4.543922841548919678e-06
-4.554167389869689941e-06
-4.542060196399688721e-06
-4.549510776996612549e-06
-4.579313099384307861e-06
-4.529953002929687500e-06
-4.555098712444305420e-06
-4.551373422145843506e-06
-4.553236067295074463e-06
-4.565343260765075684e-06
-4.543922841548919678e-06
-4.547648131847381592e-06
-4.524365067481994629e-06
-4.522502422332763672e-06
-4.552304744720458984e-06
-4.550442099571228027e-06
-4.540197551250457764e-06
-4.552304744720458984e-06
-4.571862518787384033e-06
-4.566274583339691162e-06
-4.552304744720458984e-06
-4.579313099384307861e-06
-4.574656486511230469e-06
-4.546716809272766113e-06
-4.551373422145843506e-06
-4.529953002929687500e-06
-4.543922841548919678e-06
-4.566274583339691162e-06
-3.095716238021850586e-06
4.749745130538940430e-08
1.505017280578613281e-06
5.753710865974426270e-06
1.487694680690765381e-05
1.876987516880035400e-05
2.255477011203765869e-05
2.530403435230255127e-05
3.181118518114089966e-05
3.740936517715454102e-05
4.511140286922454834e-05
5.319528281688690186e-05
6.484054028987884521e-05
7.606297731399536133e-05
7.754657417535781860e-05
7.661432027816772461e-05
7.609091699123382568e-05
7.574912160634994507e-05
7.549673318862915039e-05
7.530581206083297729e-05
7.511489093303680420e-05
7.497705519199371338e-05
7.485505193471908569e-05
7.472001016139984131e-05
7.460825145244598389e-05
7.453933358192443848e-05
7.444247603416442871e-05
7.441453635692596436e-05
7.436424493789672852e-05
7.436703890562057495e-05
7.443409413099288940e-05
7.455609738826751709e-05
7.462035864591598511e-05
7.469207048416137695e-05
7.476285099983215332e-05
7.482431828975677490e-05
7.515214383602142334e-05
7.905438542366027832e-05
8.472520858049392700e-05
8.966308087110519409e-05
9.413622319698333740e-05
9.946990758180618286e-05
1.064939424395561218e-04
1.158937811851501465e-04
1.261653378605842590e-04
1.374129205942153931e-04
1.510987058281898499e-04
1.664161682128906250e-04
1.826677471399307251e-04
2.002734690904617310e-04
2.190871164202690125e-04
2.388814464211463928e-04
2.601258456707000732e-04
2.819681540131568909e-04
3.049839287996292114e-04
3.283917903900146484e-04
3.527933731675148010e-04
3.781961277127265930e-04
4.047658294439315796e-04
4.320405423641204834e-04
4.600007086992263794e-04
4.888679832220077515e-04
5.195038393139839172e-04
5.517248064279556274e-04
5.853688344359397888e-04
6.200280040502548218e-04
6.567202508449554443e-04
6.944686174392700195e-04
7.338952273130416870e-04
7.752161473035812378e-04
8.168835192918777466e-04
8.591199293732643127e-04
9.025009348988533020e-04
9.454675018787384033e-04
9.892648085951805115e-04
1.033063977956771851e-03
1.075456850230693817e-03
1.115930266678333282e-03
1.154662109911441803e-03
1.191586256027221680e-03
1.226077787578105927e-03
1.259726472198963165e-03
1.290910877287387848e-03
1.321129500865936279e-03
1.349662430584430695e-03
1.376095227897167206e-03
1.401215791702270508e-03
1.424033194780349731e-03
1.444789581000804901e-03
1.464146189391613007e-03
1.483223401010036469e-03
1.500951126217842102e-03
1.517637632787227631e-03
1.534378156065940857e-03
1.549771986901760101e-03
1.564114354550838470e-03
1.578276976943016052e-03
1.590583473443984985e-03
1.601780764758586884e-03
1.612258143723011017e-03
1.623020507395267487e-03
1.632113941013813019e-03
1.639357767999172211e-03
1.645606942474842072e-03
1.650677993893623352e-03
1.654055900871753693e-03
1.655330881476402283e-03
1.657555811107158661e-03
1.656562089920043945e-03
1.655408181250095367e-03
1.654401421546936035e-03
1.653604209423065186e-03
1.652875915169715881e-03
1.652183942496776581e-03
1.651586964726448059e-03
1.650970429182052612e-03
1.650397665798664093e-03
1.649912446737289429e-03
1.649458892643451691e-03
1.648982986807823181e-03
1.648563891649246216e-03
1.648180186748504639e-03
1.647781580686569214e-03
1.647414639592170715e-03
1.647068187594413757e-03
1.646698452532291412e-03
1.646379008889198303e-03
1.646066084504127502e-03
1.645737327635288239e-03
1.645427197217941284e-03
1.645102165639400482e-03
1.644762232899665833e-03
1.644422300159931183e-03
1.643849536776542664e-03
1.638871617615222931e-03
1.629258506000041962e-03
1.618641428649425507e-03
1.606717705726623535e-03
1.593478024005889893e-03
1.580915413796901703e-03
1.569337211549282074e-03
1.557715237140655518e-03
1.545826904475688934e-03
1.535112038254737854e-03
1.524833962321281433e-03
1.513478346168994904e-03
1.502517610788345337e-03
1.492490060627460480e-03
1.481993123888969421e-03
1.470446586608886719e-03
1.460105180740356445e-03
1.450835727155208588e-03
1.440199092030525208e-03
1.429604366421699524e-03
1.420127227902412415e-03
1.410029828548431396e-03
1.399140805006027222e-03
1.389399170875549316e-03
1.380644738674163818e-03
1.370447687804698944e-03
1.360317692160606384e-03
1.351254060864448547e-03
1.341497525572776794e-03
1.330844126641750336e-03
1.321383751928806305e-03
1.312864944338798523e-03
1.302830874919891357e-03
1.292779110372066498e-03
1.283591613173484802e-03
1.273773610591888428e-03
1.263297162950038910e-03
1.253806985914707184e-03
1.245151273906230927e-03
1.235444098711013794e-03
1.226064749062061310e-03
1.217397861182689667e-03
1.208304427564144135e-03
1.198500394821166992e-03
1.189699396491050720e-03
1.181465573608875275e-03
1.171847805380821228e-03
1.162447035312652588e-03
1.153764314949512482e-03
1.144453883171081543e-03
1.134470105171203613e-03
1.125535927712917328e-03
1.117163337767124176e-03
1.107851974666118622e-03
1.099071465432643890e-03
1.090744510293006897e-03
1.081837341189384460e-03
1.072460785508155823e-03
1.064146868884563446e-03
1.056139357388019562e-03
1.047026365995407104e-03
1.038048416376113892e-03
1.029453240334987640e-03
1.020496711134910583e-03
1.011352986097335815e-03
1.003308221697807312e-03
9.955354034900665283e-04
9.866785258054733276e-04
9.782491251826286316e-04
9.699128568172454834e-04
9.609786793589591980e-04
9.521311149001121521e-04
9.447811171412467957e-04
9.370027109980583191e-04
9.284056723117828369e-04
9.202631190419197083e-04
9.123608469963073730e-04
9.037191048264503479e-04
8.949758484959602356e-04
8.874125778675079346e-04
8.798120543360710144e-04
8.715977892279624939e-04
8.639590814709663391e-04
8.563511073589324951e-04
8.484991267323493958e-04
8.433135226368904114e-04
8.410234004259109497e-04
8.329134434461593628e-04
8.249729871749877930e-04
8.148960769176483154e-04
8.057234808802604675e-04
8.000778034329414368e-04
7.949797436594963074e-04
7.870923727750778198e-04
7.800078019499778748e-04
7.719667628407478333e-04
7.641278207302093506e-04
7.574064657092094421e-04
7.503684610128402710e-04
7.427316159009933472e-04
7.363306358456611633e-04
7.302872836589813232e-04
7.236991077661514282e-04
7.168157026171684265e-04
7.103914394974708557e-04
7.041767239570617676e-04
6.969626992940902710e-04
6.902134045958518982e-04
6.842417642474174500e-04
6.783837452530860901e-04
6.714677438139915466e-04
6.646206602454185486e-04
6.588781252503395081e-04
6.525777280330657959e-04
6.460482254624366760e-04
6.397217512130737305e-04
6.345845758914947510e-04
6.289342418313026428e-04
6.227195262908935547e-04
6.163222715258598328e-04
6.112437695264816284e-04
6.056204438209533691e-04
5.993098020553588867e-04
5.930960178375244141e-04
5.876859650015830994e-04
5.826102569699287415e-04
5.764095112681388855e-04
5.707312375307083130e-04
5.659060552716255188e-04
5.609588697552680969e-04
5.558216944336891174e-04
5.497131496667861938e-04
5.441457033157348633e-04
5.389628931879997253e-04
5.332706496119499207e-04
5.275281146168708801e-04
5.220370367169380188e-04
5.175853148102760315e-04
5.129193887114524841e-04
5.072578787803649902e-04
5.018888041377067566e-04
4.967972636222839355e-04
4.918333142995834351e-04
4.868218675255775452e-04
4.807990044355392456e-04
4.759561270475387573e-04
4.716701805591583252e-04
4.667211323976516724e-04
4.614293575286865234e-04
4.564654082059860229e-04
4.519540816545486450e-04
4.475237801671028137e-04
4.427712410688400269e-04
4.370128735899925232e-04
4.325238987803459167e-04
4.283282905817031860e-04
4.235003143548965454e-04
4.185019060969352722e-04
4.135165363550186157e-04
4.090657457709312439e-04
4.049185663461685181e-04
4.003345966339111328e-04
3.949087113142013550e-04
3.907345235347747803e-04
3.867484629154205322e-04
3.821980208158493042e-04
3.775488585233688354e-04
3.731260076165199280e-04
3.694538027048110962e-04
3.656167536973953247e-04
3.609191626310348511e-04
3.560176119208335876e-04
3.522327169775962830e-04
3.482913598418235779e-04
3.439467400312423706e-04
3.396403044462203979e-04
3.353497013449668884e-04
3.315731883049011230e-04
3.277054056525230408e-04
3.231838345527648926e-04
3.180168569087982178e-04
3.139544278383255005e-04
3.098538145422935486e-04
3.053750842809677124e-04
3.003552556037902832e-04
2.960721030831336975e-04
2.923039719462394714e-04
2.878271043300628662e-04
2.832831814885139465e-04
2.788929268717765808e-04
2.756165340542793274e-04
2.725701779127120972e-04
2.689389511942863464e-04
2.646222710609436035e-04
2.612126991152763367e-04
2.581849694252014160e-04
2.542706206440925598e-04
2.494724467396736145e-04
2.449275925755500793e-04
2.408633008599281311e-04
2.372432500123977661e-04
2.329275012016296387e-04
2.288762480020523071e-04
2.254610881209373474e-04
2.218997105956077576e-04
2.177841961383819580e-04
2.130363136529922485e-04
2.087587490677833557e-04
2.051861956715583801e-04
2.008574083447456360e-04
1.963917165994644165e-04
1.920806244015693665e-04
1.886952668428421021e-04
1.851953566074371338e-04
1.805080100893974304e-04
1.759687438607215881e-04
1.719305291771888733e-04
1.679444685578346252e-04
1.636901870369911194e-04
1.588026061654090881e-04
1.549562439322471619e-04
1.510456204414367676e-04
1.467904075980186462e-04
1.418218016624450684e-04
1.376150175929069519e-04
1.336121931672096252e-04
1.289714127779006958e-04
1.242356374859809875e-04
1.199431717395782471e-04
1.164069399237632751e-04
1.120027154684066772e-04
1.073647290468215942e-04
1.027109101414680481e-04
9.912718087434768677e-05
9.493343532085418701e-05
9.074062108993530273e-05
8.681602776050567627e-05
8.393917232751846313e-05
8.067209273576736450e-05
7.700547575950622559e-05
7.354747503995895386e-05
7.068365812301635742e-05
6.769411265850067139e-05
6.448756903409957886e-05
6.146449595689773560e-05
5.925260484218597412e-05
5.664024502038955688e-05
5.391426384449005127e-05
5.150865763425827026e-05
4.958081990480422974e-05
4.756450653076171875e-05
4.554726183414459229e-05
3.326311707496643066e-05
1.923181116580963135e-05
1.281965523958206177e-05
6.663613021373748779e-06
5.650334060192108154e-06
2.421438694000244141e-08
-2.063810825347900391e-06
-4.509463906288146973e-06
-4.547648131847381592e-06
-4.495494067668914795e-06
-4.483386874198913574e-06
-4.527159035205841064e-06
-4.487112164497375488e-06
-4.538334906101226807e-06
-4.536472260951995850e-06
-4.507601261138916016e-06
-4.504807293415069580e-06
-4.503875970840454102e-06
-4.530884325504302979e-06
