-4.546716809272766113e-06
-4.515051841735839844e-06
-4.516914486885070801e-06
-4.500150680541992188e-06
-4.512257874011993408e-06
-4.525296390056610107e-06
-4.513189196586608887e-06
-4.537403583526611328e-06
-4.509463906288146973e-06
-4.502013325691223145e-06
-4.529953002929687500e-06
-4.496425390243530273e-06
-4.507601261138916016e-06
-4.494562745094299316e-06
-4.506669938564300537e-06
-4.496425390243530273e-06
-4.502013325691223145e-06
-4.521571099758148193e-06
-4.506669938564300537e-06
-4.515051841735839844e-06
-4.515051841735839844e-06
-4.510395228862762451e-06
-4.503875970840454102e-06
-4.492700099945068359e-06
-4.497356712818145752e-06
-4.518777132034301758e-06
-4.539266228675842285e-06
-4.508532583713531494e-06
-4.499219357967376709e-06
-4.513189196586608887e-06
-4.503875970840454102e-06
-4.518777132034301758e-06
-4.518777132034301758e-06
-4.533678293228149414e-06
-4.515983164310455322e-06
-4.515051841735839844e-06
-4.503875970840454102e-06
-4.519708454608917236e-06
-4.523433744907379150e-06
-4.494562745094299316e-06
-4.523433744907379150e-06
-4.497356712818145752e-06
-4.537403583526611328e-06
-4.541128873825073242e-06
-4.531815648078918457e-06
-4.501082003116607666e-06
-4.524365067481994629e-06
-4.507601261138916016e-06
-4.519708454608917236e-06
-4.525296390056610107e-06
-4.504807293415069580e-06
-4.525296390056610107e-06
-4.518777132034301758e-06
-4.509463906288146973e-06
-4.519708454608917236e-06
-4.515983164310455322e-06
-4.525296390056610107e-06
-4.497356712818145752e-06
-4.510395228862762451e-06
-4.508532583713531494e-06
-4.527159035205841064e-06
-4.507601261138916016e-06
-4.537403583526611328e-06
-4.529021680355072021e-06
-4.528090357780456543e-06
-4.529021680355072021e-06
-2.419576048851013184e-06
-1.914799213409423828e-06
1.361593604087829590e-06
1.900829374790191650e-06
4.500150680541992188e-06
8.543021976947784424e-06
1.470278948545455933e-05
1.987814903259277344e-05
2.416782081127166748e-05
2.797413617372512817e-05
2.825539559125900269e-05
2.776551991701126099e-05
2.749450504779815674e-05
2.733059227466583252e-05
2.723094075918197632e-05
2.712104469537734985e-05
2.702791243791580200e-05
2.697389572858810425e-05
2.689845860004425049e-05
2.687610685825347900e-05
2.682209014892578125e-05
2.695806324481964111e-05
2.970453351736068726e-05
3.208406269550323486e-05
3.482028841972351074e-05
3.830157220363616943e-05
4.330463707447052002e-05
5.153287202119827271e-05
6.398838013410568237e-05
7.764063775539398193e-05
9.145867079496383667e-05
1.108525320887565613e-04
1.334697008132934570e-04
1.599006354808807373e-04
1.861890777945518494e-04
2.115629613399505615e-04
2.372246235609054565e-04
2.634515985846519470e-04
2.899672836065292358e-04
3.164531663060188293e-04
3.422209993004798889e-04
3.675464540719985962e-04
3.922916948795318604e-04
4.170108586549758911e-04
4.413239657878875732e-04
4.651183262467384338e-04
4.891324788331985474e-04
5.134837701916694641e-04
5.394639447331428528e-04
5.648024380207061768e-04
5.904873833060264587e-04
6.158687174320220947e-04
6.407042965292930603e-04
6.656227633357048035e-04
6.911568343639373779e-04
7.165344431996345520e-04
7.417416200041770935e-04
7.664943113923072815e-04
7.915059104561805725e-04
8.156560361385345459e-04
8.400278165936470032e-04
8.646007627248764038e-04
8.884016424417495728e-04
9.119678288698196411e-04
9.355787187814712524e-04
9.587407112121582031e-04
9.815366938710212708e-04
1.004165969789028168e-03
1.026846468448638916e-03
1.048503443598747253e-03
1.069425605237483978e-03
1.090710051357746124e-03
1.111982390284538269e-03
1.133635640144348145e-03
1.155388541519641876e-03
1.175965182483196259e-03
1.196003518998622894e-03
1.217120327055454254e-03
1.237245276570320129e-03
1.256976276636123657e-03
1.277638599276542664e-03
1.297505572438240051e-03
1.317323185503482819e-03
1.338248141109943390e-03
1.357296481728553772e-03
1.376203261315822601e-03
1.396014355123043060e-03
1.414663158357143402e-03
1.433135941624641418e-03
1.452171243727207184e-03
1.471186988055706024e-03
1.489163376390933990e-03
1.506937667727470398e-03
1.525923609733581543e-03
1.543470658361911774e-03
1.560583710670471191e-03
1.578328199684619904e-03
1.596175134181976318e-03
1.612808555364608765e-03
1.629758626222610474e-03
1.647360622882843018e-03
1.663986593484878540e-03
1.680171117186546326e-03
1.696474850177764893e-03
1.713582314550876617e-03
1.729855313897132874e-03
1.745421439409255981e-03
1.761329360306262970e-03
1.778500154614448547e-03
1.794070936739444733e-03
1.809323206543922424e-03
1.824383623898029327e-03
1.840399578213691711e-03
1.856055110692977905e-03
1.870991662144660950e-03
1.885593868792057037e-03
1.900957897305488586e-03
1.916687935590744019e-03
1.931574195623397827e-03
1.946354284882545471e-03
1.960807479918003082e-03
1.975355669856071472e-03
1.988969743251800537e-03
2.002540975809097290e-03
2.015588805079460144e-03
2.029264345765113831e-03
2.042913809418678284e-03
2.056037075817584991e-03
2.069266512989997864e-03
2.081965096294879913e-03
2.095739357173442841e-03
2.108902670443058014e-03
2.121800556778907776e-03
2.134639769792556763e-03
2.147323451936244965e-03
2.160034142434597015e-03
2.172298729419708252e-03
2.184205688536167145e-03
2.196309156715869904e-03
2.208109945058822632e-03
2.220282331109046936e-03
2.232319675385951996e-03
2.243462018668651581e-03
2.255016937851905823e-03
2.266708761453628540e-03
2.277859486639499664e-03
2.289934083819389343e-03
2.301687374711036682e-03
2.313142642378807068e-03
2.324713394045829773e-03
2.335265278816223145e-03
2.346152439713478088e-03
2.358722500503063202e-03
2.370642498135566711e-03
2.381614409387111664e-03
2.392774447798728943e-03
2.401348203420639038e-03
2.403108403086662292e-03
2.402594313025474548e-03
2.401103265583515167e-03
2.399811521172523499e-03
2.398677170276641846e-03
2.397721633315086365e-03
2.396774478256702423e-03
2.395925112068653107e-03
2.395127899944782257e-03
2.394364215433597565e-03
2.393678762018680573e-03
2.392980270087718964e-03
2.392340451478958130e-03
2.391738817095756531e-03
2.391160465776920319e-03
2.390612848103046417e-03
2.390106208622455597e-03
2.389607019722461700e-03
2.389124594628810883e-03
2.388626337051391602e-03
2.388191409409046173e-03
2.387765794992446899e-03
2.387360669672489166e-03
2.386927604675292969e-03
2.386518754065036774e-03
2.386209554970264435e-03
2.385806292295455933e-03
2.385440282523632050e-03
2.385102212429046631e-03
2.384749241173267365e-03
2.384434454143047333e-03
2.384099178016185760e-03
2.383795566856861115e-03
2.383508719503879547e-03
2.383200451731681824e-03
2.382888458669185638e-03
2.382620237767696381e-03
2.382331527769565582e-03
2.382080070674419403e-03
2.381788566708564758e-03
2.381436526775360107e-03
2.381005324423313141e-03
2.380576916038990021e-03
2.375717274844646454e-03
2.363643608987331390e-03
2.343375235795974731e-03
2.311454154551029205e-03
2.269743010401725769e-03
2.225084230303764343e-03
2.179564908146858215e-03
2.133800648152828217e-03
2.087915316224098206e-03
2.043952234089374542e-03
1.999902538955211639e-03
1.956285908818244934e-03
1.912596635520458221e-03
1.870138570666313171e-03
1.827853731811046600e-03
1.786747016012668610e-03
1.745097339153289795e-03
1.704216003417968750e-03
1.663495786488056183e-03
1.623976044356822968e-03
1.584454439580440521e-03
1.545453444123268127e-03
1.506419852375984192e-03
1.468707807362079620e-03
1.430086791515350342e-03
1.392806880176067352e-03
1.355746760964393616e-03
1.319471746683120728e-03
1.283843070268630981e-03
1.249119639396667480e-03
1.214225776493549347e-03
1.180427148938179016e-03
1.146978698670864105e-03
1.113967970013618469e-03
1.080853864550590515e-03
1.049050129950046539e-03
1.025063917040824890e-03
9.936904534697532654e-04
9.618839249014854431e-04
9.321207180619239807e-04
9.016953408718109131e-04
8.721603080630302429e-04
8.427100256085395813e-04
8.149147033691406250e-04
7.866593077778816223e-04
7.590167224407196045e-04
7.317243143916130066e-04
7.053175941109657288e-04
6.789015606045722961e-04
6.534326821565628052e-04
6.282422691583633423e-04
6.029587239027023315e-04
5.779098719358444214e-04
5.533043295145034790e-04
5.286466330289840698e-04
5.033416673541069031e-04
4.790760576725006104e-04
4.546893760561943054e-04
4.311185330152511597e-04
4.073716700077056885e-04
3.844769671559333801e-04
3.612954169511795044e-04
3.421502187848091125e-04
3.207474946975708008e-04
3.001503646373748779e-04
2.795727923512458801e-04
2.599246799945831299e-04
2.404153347015380859e-04
2.217711880803108215e-04
2.024080604314804077e-04
1.836270093917846680e-04
1.651700586080551147e-04
1.479238271713256836e-04
1.300955191254615784e-04
1.128260046243667603e-04
9.641144424676895142e-05
8.046627044677734375e-05
6.464868783950805664e-05
5.310494452714920044e-05
4.353001713752746582e-05
3.523193299770355225e-05
2.554990351200103760e-05
2.141110599040985107e-05
1.794751733541488647e-05
1.202244311571121216e-05
5.926936864852905273e-06
4.793517291545867920e-06
2.147629857063293457e-06
4.135072231292724609e-07
-1.610256731510162354e-06
-2.994202077388763428e-06
-4.542060196399688721e-06
-4.488043487071990967e-06
-4.502944648265838623e-06
-4.467554390430450439e-06
-4.517845809459686279e-06
-4.495494067668914795e-06
-4.495494067668914795e-06
-4.503875970840454102e-06
-4.475004971027374268e-06
-4.469417035579681396e-06
-4.477798938751220703e-06
-4.486180841922760010e-06
-4.439614713191986084e-06
