-8.302740752696990967e-06
-8.319504559040069580e-06
-8.307397365570068359e-06
-8.294358849525451660e-06
-8.305534720420837402e-06
-8.286908268928527832e-06
-8.311122655868530273e-06
-8.296221494674682617e-06
-8.312985301017761230e-06
-8.274801075458526611e-06
-8.282251656055450439e-06
-8.274801075458526611e-06
-8.285045623779296875e-06
-8.300878107547760010e-06
-8.286908268928527832e-06
-8.281320333480834961e-06
-8.305534720420837402e-06
-8.281320333480834961e-06
-8.278526365756988525e-06
-8.324161171913146973e-06
-8.283182978630065918e-06
-8.275732398033142090e-06
-8.317641913890838623e-06
-8.299946784973144531e-06
-8.298084139823913574e-06
-8.299946784973144531e-06
-8.279457688331604004e-06
-8.285045623779296875e-06
-8.279457688331604004e-06
-8.285976946353912354e-06
-8.302740752696990967e-06
-8.300878107547760010e-06
-8.274801075458526611e-06
-8.288770914077758789e-06
-8.317641913890838623e-06
-8.294358849525451660e-06
-8.297152817249298096e-06
-8.322298526763916016e-06
-8.292496204376220703e-06
-8.311122655868530273e-06
-8.305534720420837402e-06
-8.302740752696990967e-06
-8.282251656055450439e-06
-8.303672075271606445e-06
-8.280389010906219482e-06
-8.280389010906219482e-06
-8.309260010719299316e-06
-8.320435881614685059e-06
-8.300878107547760010e-06
-8.294358849525451660e-06
-8.313916623592376709e-06
-8.285976946353912354e-06
-8.285045623779296875e-06
-8.336268365383148193e-06
-8.312985301017761230e-06
-8.326955139636993408e-06
-8.290633559226989746e-06
-8.297152817249298096e-06
-8.307397365570068359e-06
-8.295290172100067139e-06
-8.285976946353912354e-06
-8.312985301017761230e-06
-8.300878107547760010e-06
-8.291564881801605225e-06
-8.272938430309295654e-06
-8.278526365756988525e-06
-8.276663720607757568e-06
-6.485730409622192383e-06
-5.652196705341339111e-06
-3.513880074024200439e-06
-3.008171916007995605e-06
1.387670636177062988e-07
4.019588232040405273e-06
8.600763976573944092e-06
1.199916005134582520e-05
1.552887260913848877e-05
1.678057014942169189e-05
1.651607453823089600e-05
1.621618866920471191e-05
1.606810837984085083e-05
1.595914363861083984e-05
1.588836312294006348e-05
1.582410186529159546e-05
1.575890928506851196e-05
1.568533480167388916e-05
1.566484570503234863e-05
1.561082899570465088e-05
1.564156264066696167e-05
1.608114689588546753e-05
1.885928213596343994e-05
2.067629247903823853e-05
2.292543649673461914e-05
2.631638199090957642e-05
3.066565841436386108e-05
3.909785300493240356e-05
4.932750016450881958e-05
5.988311022520065308e-05
7.210485637187957764e-05
8.847936987876892090e-05
1.073339954018592834e-04
1.279339194297790527e-04
1.474572345614433289e-04
1.668697223067283630e-04
1.865737140178680420e-04
2.069426700472831726e-04
2.270676195621490479e-04
2.471236512064933777e-04
2.664616331458091736e-04
2.858024090528488159e-04
3.045517951250076294e-04
3.234455361962318420e-04
3.417665138840675354e-04
3.601461648941040039e-04
3.784745931625366211e-04
3.978321328759193420e-04
4.172157496213912964e-04
4.367372021079063416e-04
4.563024267554283142e-04
4.755314439535140991e-04
4.946514964103698730e-04
5.139624699950218201e-04
5.333581939339637756e-04
5.526058375835418701e-04
5.716821178793907166e-04
5.908794701099395752e-04
6.098495796322822571e-04
6.280886009335517883e-04
6.467755883932113647e-04
6.654383614659309387e-04
6.836103275418281555e-04
7.015895098447799683e-04
7.193600758910179138e-04
7.369229570031166077e-04
7.543489336967468262e-04
7.716780528426170349e-04
7.885852828621864319e-04
8.048526942729949951e-04
8.209701627492904663e-04
8.371286094188690186e-04
8.535366505384445190e-04
8.702883496880531311e-04
8.863834664225578308e-04
9.015807881951332092e-04
9.175995364785194397e-04
9.333342313766479492e-04
9.484300389885902405e-04
9.640594944357872009e-04
9.794216603040695190e-04
9.944662451744079590e-04
1.010266132652759552e-03
1.025415025651454926e-03
1.039980910718441010e-03
1.054495573043823242e-03
1.069524325430393219e-03
1.083547249436378479e-03
1.097708940505981445e-03
1.112622208893299103e-03
1.126555725932121277e-03
1.140102744102478027e-03
1.154175959527492523e-03
1.168202608823776245e-03
1.181464642286300659e-03
1.194556243717670441e-03
1.208546571433544159e-03
1.221392303705215454e-03
1.234374009072780609e-03
1.247497275471687317e-03
1.260818913578987122e-03
1.273048110306262970e-03
1.285593956708908081e-03
1.298270188271999359e-03
1.311273314058780670e-03
1.323247328400611877e-03
1.335119828581809998e-03
1.347912475466728210e-03
1.360636204481124878e-03
1.372149214148521423e-03
1.383848488330841064e-03
1.395626924932003021e-03
1.407912001013755798e-03
1.419492065906524658e-03
1.430818811058998108e-03
1.442039385437965393e-03
1.454205252230167389e-03
1.465762034058570862e-03
1.477227546274662018e-03
1.488178037106990814e-03
1.499422825872898102e-03
1.510141417384147644e-03
1.520509831607341766e-03
1.530770212411880493e-03
1.540744677186012268e-03
1.551416702568531036e-03
1.561486162245273590e-03
1.571608707308769226e-03
1.581491902470588684e-03
1.591596752405166626e-03
1.602073200047016144e-03
1.611801795661449432e-03
1.621619798243045807e-03
1.631510443985462189e-03
1.641085371375083923e-03
1.650815829634666443e-03
1.659803092479705811e-03
1.669110730290412903e-03
1.678223721683025360e-03
1.687329262495040894e-03
1.696614548563957214e-03
1.705509610474109650e-03
1.714122481644153595e-03
1.723008230328559875e-03
1.731679774820804596e-03
1.740637235343456268e-03
1.749740913510322571e-03
1.758500933647155762e-03
1.767399720847606659e-03
1.775944605469703674e-03
1.783758401870727539e-03
1.792936585843563080e-03
1.802543178200721741e-03
1.811090856790542603e-03
1.819593831896781921e-03
1.827588304877281189e-03
1.831058412790298462e-03
1.831683330237865448e-03
1.830472610890865326e-03
1.829400658607482910e-03
1.828446984291076660e-03
1.827621832489967346e-03
1.826867461204528809e-03
1.826176419854164124e-03
1.825488172471523285e-03
1.824899576604366302e-03
1.824299804866313934e-03
1.823788508772850037e-03
1.823259517550468445e-03
1.822780817747116089e-03
1.822319813072681427e-03
1.821862533688545227e-03
1.821445301175117493e-03
1.821045763790607452e-03
1.820698380470275879e-03
1.820295117795467377e-03
1.819935627281665802e-03
1.819578930735588074e-03
1.819256693124771118e-03
1.818898133933544159e-03
1.818608492612838745e-03
1.818303950130939484e-03
1.818000338971614838e-03
1.817748881876468658e-03
1.817464828491210938e-03
1.817175187170505524e-03
1.816920004785060883e-03
1.816675998270511627e-03
1.816432923078536987e-03
1.816195435822010040e-03
1.815937459468841553e-03
1.815701834857463837e-03
1.815524883568286896e-03
1.815277151763439178e-03
1.815054565668106079e-03
1.814832910895347595e-03
1.814659684896469116e-03
1.814289018511772156e-03
1.814019866287708282e-03
1.812987029552459717e-03
1.805924810469150543e-03
1.793763600289821625e-03
1.773487776517868042e-03
1.744899898767471313e-03
1.711187884211540222e-03
1.676445826888084412e-03
1.641452312469482422e-03
1.606218516826629639e-03
1.571557484567165375e-03
1.538090407848358154e-03
1.504328101873397827e-03
1.470840536057949066e-03
1.437719911336898804e-03
1.405410468578338623e-03
1.373362727463245392e-03
1.341796480119228363e-03
1.309948973357677460e-03
1.278752461075782776e-03
1.247869804501533508e-03
1.217771321535110474e-03
1.187769696116447449e-03
1.157514750957489014e-03
1.128465868532657623e-03
1.099087297916412354e-03
1.070009544491767883e-03
1.041288487613201141e-03
1.013561151921749115e-03
9.859083220362663269e-04
9.591132402420043945e-04
9.323805570602416992e-04
9.062699973583221436e-04
8.803224191069602966e-04
8.550696074962615967e-04
8.296919986605644226e-04
8.044792339205741882e-04
7.867971435189247131e-04
7.624821737408638000e-04
7.388321682810783386e-04
7.147612050175666809e-04
6.922725588083267212e-04
6.689969450235366821e-04
6.466861814260482788e-04
6.248103454709053040e-04
6.035733968019485474e-04
5.820924416184425354e-04
5.613910034298896790e-04
5.406942218542098999e-04
5.208589136600494385e-04
5.008336156606674194e-04
4.818961024284362793e-04
4.625385627150535583e-04
4.436885938048362732e-04
4.244400188326835632e-04
4.060491919517517090e-04
3.868425264954566956e-04
3.679525107145309448e-04
3.495067358016967773e-04
3.312621265649795532e-04
3.132484853267669678e-04
2.955142408609390259e-04
2.781562507152557373e-04
2.619773149490356445e-04
2.466654404997825623e-04
2.306504175066947937e-04
2.150945365428924561e-04
1.997733488678932190e-04
1.850295811891555786e-04
1.704907044768333435e-04
1.561418175697326660e-04
1.414557918906211853e-04
1.273844391107559204e-04
1.138132065534591675e-04
1.005399972200393677e-04
8.697714656591415405e-05
7.430184632539749146e-05
6.245169788599014282e-05
4.978664219379425049e-05
3.939401358366012573e-05
3.162119537591934204e-05
2.476666122674942017e-05
1.758243888616561890e-05
1.256261020898818970e-05
1.003965735435485840e-05
6.650574505329132080e-06
9.331852197647094727e-07
-1.187436282634735107e-06
-1.213513314723968506e-06
-4.117377102375030518e-06
-5.550682544708251953e-06
-6.927177309989929199e-06
-7.856637239456176758e-06
-8.284114301204681396e-06
-8.289702236652374268e-06
-8.327886462211608887e-06
-8.316710591316223145e-06
-8.297152817249298096e-06
-8.315779268741607666e-06
-8.328817784786224365e-06
-8.320435881614685059e-06
-8.326955139636993408e-06
-8.323229849338531494e-06
-8.308328688144683838e-06
-8.312053978443145752e-06
