-4.997476935386657715e-06
-4.957430064678192139e-06
-4.967674612998962402e-06
-4.984438419342041016e-06
-4.957430064678192139e-06
-4.969537258148193359e-06
-4.964880645275115967e-06
-4.971399903297424316e-06
-4.968605935573577881e-06
-4.963949322700500488e-06
-4.992820322513580322e-06
-4.967674612998962402e-06
-4.977919161319732666e-06
-4.948116838932037354e-06
-4.971399903297424316e-06
-4.959292709827423096e-06
-4.962086677551269531e-06
-4.357658326625823975e-06
-2.333894371986389160e-06
-1.596286892890930176e-06
-1.062639057636260986e-06
4.237517714500427246e-07
1.465901732444763184e-06
2.218410372734069824e-06
2.632848918437957764e-06
2.498738467693328857e-06
1.898966729640960693e-06
1.311302185058593750e-06
1.074746251106262207e-06
8.903443813323974609e-07
8.335337042808532715e-07
7.189810276031494141e-07
6.621703505516052246e-07
5.923211574554443359e-07
5.196779966354370117e-07
4.712492227554321289e-07
4.414469003677368164e-07
3.948807716369628906e-07
3.613531589508056641e-07
3.483146429061889648e-07
3.324821591377258301e-07
2.942979335784912109e-07
2.561137080192565918e-07
2.542510628700256348e-07
2.672895789146423340e-07
2.430751919746398926e-07
2.114102244377136230e-07
2.430751919746398926e-07
2.793967723846435547e-07
1.152977347373962402e-06
1.604668796062469482e-06
2.005137503147125244e-06
2.297572791576385498e-06
2.458691596984863281e-06
2.596527338027954102e-06
2.765096724033355713e-06
2.845190465450286865e-06
2.981163561344146729e-06
3.125518560409545898e-06
3.264285624027252197e-06
3.425404429435729980e-06
3.563240170478820801e-06
3.696419298648834229e-06
3.821216523647308350e-06
3.965571522712707520e-06
4.045665264129638672e-06
4.132278263568878174e-06
4.234723746776580811e-06
4.347413778305053711e-06
4.411675035953521729e-06
4.522502422332763672e-06
4.704110324382781982e-06
4.771165549755096436e-06
4.815869033336639404e-06
4.866160452365875244e-06
4.938803613185882568e-06
7.976777851581573486e-06
9.087845683097839355e-06
1.009367406368255615e-05
1.120846718549728394e-05
1.235585659742355347e-05
1.280289143323898315e-05
1.362152397632598877e-05
1.452863216400146484e-05
1.553539186716079712e-05
1.663528382778167725e-05
1.760479062795639038e-05
1.853797584772109985e-05
1.977290958166122437e-05
2.099107950925827026e-05
2.191588282585144043e-05
2.322159707546234131e-05
2.575293183326721191e-05
2.785585820674896240e-05
2.995040267705917358e-05
3.228150308132171631e-05
3.467686474323272705e-05
3.733206540346145630e-05
3.996398299932479858e-05
4.281755536794662476e-05
4.568696022033691406e-05
5.270075052976608276e-05
6.313063204288482666e-05
7.657520473003387451e-05
9.354948997497558594e-05
1.239543780684471130e-04
1.659020781517028809e-04
2.148533239960670471e-04
2.696141600608825684e-04
3.259591758251190186e-04
3.842907026410102844e-04
4.492290318012237549e-04
5.207527428865432739e-04
5.997512489557266235e-04
6.824759766459465027e-04
7.665073499083518982e-04
8.503468707203865051e-04
9.333258494734764099e-04
1.015684567391872406e-03
1.095533370971679688e-03
1.172889024019241333e-03
1.247244887053966522e-03
1.320237293839454651e-03
1.391995698213577271e-03
1.461878418922424316e-03
1.530562527477741241e-03
1.593297347426414490e-03
1.654190011322498322e-03
1.720597967505455017e-03
1.786538399755954742e-03
1.848560757935047150e-03
1.908491365611553192e-03
1.966110430657863617e-03
2.021656371653079987e-03
2.076196484267711639e-03
2.129183150827884674e-03
2.181741409003734589e-03
2.234164625406265259e-03
2.327658236026763916e-03
2.437515184283256531e-03
2.544288523495197296e-03
2.648250199854373932e-03
2.748853527009487152e-03
2.846781164407730103e-03
2.941921353340148926e-03
3.033436834812164307e-03
3.122515045106410980e-03
3.208445385098457336e-03
3.289066255092620850e-03
3.368183039128780365e-03
3.440389409661293030e-03
3.507713787257671356e-03
3.568598069250583649e-03
3.625192679464817047e-03
3.675489686429500580e-03
3.722614608705043793e-03
3.749747760593891144e-03
3.770337440073490143e-03
3.792690113186836243e-03
3.812252543866634369e-03
3.829821012914180756e-03
3.846593201160430908e-03
3.858280368149280548e-03
3.866832703351974487e-03
3.877579234540462494e-03
3.889900632202625275e-03
3.897147253155708313e-03
3.895777277648448944e-03
3.897950053215026855e-03
3.893577493727207184e-03
3.890992142260074615e-03
3.892944194376468658e-03
3.889394924044609070e-03
3.885871730744838715e-03
3.882346674799919128e-03
3.878914751112461090e-03
3.875629976391792297e-03
3.872446715831756592e-03
3.869475796818733215e-03
3.866649232804775238e-03
3.863907419145107269e-03
3.861040808260440826e-03
3.858664073050022125e-03
3.856357187032699585e-03
3.854143433272838593e-03
3.851962275803089142e-03
3.849912434816360474e-03
3.847911953926086426e-03
3.845889121294021606e-03
3.844019025564193726e-03
3.842241130769252777e-03
3.840571269392967224e-03
3.838790580630302429e-03
3.837136551737785339e-03
3.835557028651237488e-03
3.834005445241928101e-03
3.832469694316387177e-03
3.831007517874240875e-03
3.829552792012691498e-03
3.827991895377635956e-03
3.819082863628864288e-03
3.815686330199241638e-03
3.814156167209148407e-03
3.812806680798530579e-03
3.811545670032501221e-03
3.810123540461063385e-03
3.799774684011936188e-03
3.794279880821704865e-03
3.792872652411460876e-03
3.791469149291515350e-03
3.784015774726867676e-03
3.773901611566543579e-03
3.764024935662746429e-03
3.748653456568717957e-03
3.726283088326454163e-03
3.702058456838130951e-03
3.674849867820739746e-03
3.649078309535980225e-03
3.620210103690624237e-03
3.586246632039546967e-03
3.552098758518695831e-03
3.513811156153678894e-03
3.475742414593696594e-03
3.440624102950096130e-03
3.403536975383758545e-03
3.367564640939235687e-03
3.328123129904270172e-03
3.291585482656955719e-03
3.256485797464847565e-03
3.219898790121078491e-03
3.183602355420589447e-03
3.144201822578907013e-03
3.108443692326545715e-03
3.072784282267093658e-03
3.037979826331138611e-03
3.001385368406772614e-03
2.963813953101634979e-03
2.929858863353729248e-03
2.894175238907337189e-03
2.860274165868759155e-03
2.824852243065834045e-03
2.791182138025760651e-03
2.759229391813278198e-03
2.725511789321899414e-03
2.694440074265003204e-03
2.660862170159816742e-03
2.630530856549739838e-03
2.600809559226036072e-03
2.570254728198051453e-03
2.540786750614643097e-03
2.508437260985374451e-03
2.478748559951782227e-03
2.449629828333854675e-03
2.419715747237205505e-03
2.391035668551921844e-03
2.360405400395393372e-03
2.333668991923332214e-03
2.306398935616016388e-03
2.279192209243774414e-03
2.253714017570018768e-03
2.226684242486953735e-03
2.202492207288742065e-03
2.178051508963108063e-03
2.152665518224239349e-03
2.129466272890567780e-03
2.112669870257377625e-03
2.099274657666683197e-03
2.086410298943519592e-03
2.072511240839958191e-03
2.059856429696083069e-03
2.046154811978340149e-03
2.032872289419174194e-03
2.020305022597312927e-03
2.006648108363151550e-03
1.993867568671703339e-03
1.980450004339218140e-03
1.967486925423145294e-03
1.954891718924045563e-03
1.941560767590999603e-03
1.929027959704399109e-03
1.915860921144485474e-03
1.903103664517402649e-03
1.891355961561203003e-03
1.883239485323429108e-03
1.873335801064968109e-03
1.859769225120544434e-03
1.842324621975421906e-03
1.830954104661941528e-03
1.818276010453701019e-03
1.806283369660377502e-03
1.794717274606227875e-03
1.785987988114356995e-03
1.778682693839073181e-03
1.765565946698188782e-03
1.747798174619674683e-03
1.737195998430252075e-03
1.725930720567703247e-03
1.715442165732383728e-03
1.704142428934574127e-03
1.693396829068660736e-03
1.684022136032581329e-03
1.674330793321132660e-03
1.662347465753555298e-03
1.651349477469921112e-03
1.641323789954185486e-03
1.630705781280994415e-03
1.620233990252017975e-03
1.606271602213382721e-03
1.596082933247089386e-03
1.584426499903202057e-03
1.574073918163776398e-03
1.564244739711284637e-03
1.557701267302036285e-03
1.548144966363906860e-03
1.536715775728225708e-03
1.520316116511821747e-03
1.510731875896453857e-03
1.500082202255725861e-03
1.490493305027484894e-03
1.484283246099948883e-03
1.474060118198394775e-03
1.464121043682098389e-03
1.453366130590438843e-03
1.443863846361637115e-03
1.433051191270351410e-03
1.416608691215515137e-03
1.407249830663204193e-03
1.397198997437953949e-03
1.387103460729122162e-03
1.376922242343425751e-03
1.366038806736469269e-03
1.355749554932117462e-03
1.345271244645118713e-03
1.334831118583679199e-03
1.324859447777271271e-03
1.313637942075729370e-03
1.303400844335556030e-03
1.293075270950794220e-03
1.282623969018459320e-03
1.272562891244888306e-03
1.261227764189243317e-03
1.251077279448509216e-03
1.240924932062625885e-03
1.230614259839057922e-03
1.220461912453174591e-03
1.208927482366561890e-03
1.198404468595981598e-03
1.187629066407680511e-03
1.177096739411354065e-03
1.166645437479019165e-03
1.154946163296699524e-03
1.144161447882652283e-03
1.132845878601074219e-03
1.121946610510349274e-03
1.111279241740703583e-03
1.099622808396816254e-03
1.089011318981647491e-03
1.077739521861076355e-03
1.067076809704303741e-03
1.055686734616756439e-03
1.044318079948425293e-03
1.033418811857700348e-03
1.022185198962688446e-03
1.011380925774574280e-03
9.993221610784530640e-04
9.883455932140350342e-04
9.764991700649261475e-04
9.651686996221542358e-04
9.538447484374046326e-04
9.423727169632911682e-04
9.311512112617492676e-04
9.196363389492034912e-04
9.087966755032539368e-04
8.968180045485496521e-04
8.857697248458862305e-04
8.740741759538650513e-04
8.636768907308578491e-04
8.523315191268920898e-04
8.411519229412078857e-04
8.300794288516044617e-04
8.192127570509910583e-04
8.086087182164192200e-04
7.973117753863334656e-04
7.866937667131423950e-04
7.750848308205604553e-04
7.649669423699378967e-04
7.540024816989898682e-04
7.445039227604866028e-04
7.348489016294479370e-04
7.257657125592231750e-04
7.148357108235359192e-04
7.041301578283309937e-04
6.934870034456253052e-04
6.830515339970588684e-04
6.724847480654716492e-04
6.608748808503150940e-04
6.498089060187339783e-04
6.381338462233543396e-04
6.281509995460510254e-04
6.240243092179298401e-04
6.134491413831710815e-04
5.965577438473701477e-04
5.864370614290237427e-04
5.830880254507064819e-04
5.714660510420799255e-04
5.604466423392295837e-04
5.508111789822578430e-04
5.412418395280838013e-04
5.307029932737350464e-04
5.215918645262718201e-04
5.122944712638854980e-04
5.027474835515022278e-04
4.938272759318351746e-04
4.848120734095573425e-04
4.770457744598388672e-04
4.682950675487518311e-04
4.599420353770256042e-04
4.512444138526916504e-04
4.430674016475677490e-04
4.353411495685577393e-04
4.269964993000030518e-04
4.187785089015960693e-04
4.103006795048713684e-04
4.025017842650413513e-04
3.950791433453559875e-04
3.869794309139251709e-04
3.798482939600944519e-04
3.722785040736198425e-04
3.653401508927345276e-04
3.590416163206100464e-04
3.517922013998031616e-04
3.450913354754447937e-04
3.379089757800102234e-04
3.312528133392333984e-04
3.254059702157974243e-04
3.187265247106552124e-04
3.121774643659591675e-04
3.058202564716339111e-04
2.995105460286140442e-04
2.944096922874450684e-04
2.887900918722152710e-04
2.828752622008323669e-04
2.778349444270133972e-04
2.720868214964866638e-04
2.669459208846092224e-04
2.623302862048149109e-04
2.566073089838027954e-04
2.510678023099899292e-04
2.455785870552062988e-04
2.399077638983726501e-04
2.354541793465614319e-04
2.309456467628479004e-04
2.258308231830596924e-04
2.210950478911399841e-04
2.161832526326179504e-04
2.110023051500320435e-04
2.064798027276992798e-04
2.020429819822311401e-04
1.971535384654998779e-04
1.927865669131278992e-04
1.886188983917236328e-04
1.841615885496139526e-04
1.799743622541427612e-04
1.762593165040016174e-04
1.720460131764411926e-04
1.676315441727638245e-04
1.642033457756042480e-04
1.664133742451667786e-04
1.620380207896232605e-04
1.593232154846191406e-04
1.582521945238113403e-04
1.572519540786743164e-04
1.549944281578063965e-04
1.521883532404899597e-04
1.490078866481781006e-04
1.466190442442893982e-04
1.453002914786338806e-04
1.436118036508560181e-04
1.418562605977058411e-04
1.394953578710556030e-04
1.358883455395698547e-04
1.325719058513641357e-04
1.300945878028869629e-04
1.276908442378044128e-04
1.244619488716125488e-04
1.207543537020683289e-04
1.178132370114326477e-04
1.156991347670555115e-04
1.131864264607429504e-04
1.097768545150756836e-04
1.065786927938461304e-04
1.040566712617874146e-04
1.016864553093910217e-04
9.889900684356689453e-05
9.563937783241271973e-05
9.347125887870788574e-05
9.177345782518386841e-05
8.938740938901901245e-05
8.650217205286026001e-05
8.366070687770843506e-05
8.186884224414825439e-05
7.962994277477264404e-05
7.697474211454391479e-05
7.459148764610290527e-05
7.296167314052581787e-05
7.092207670211791992e-05
6.846617907285690308e-05
6.610248237848281860e-05
6.448384374380111694e-05
6.253179162740707397e-05
6.034504622220993042e-05
5.853641778230667114e-05
5.694665014743804932e-05
5.527958273887634277e-05
5.341786891222000122e-05
5.217082798480987549e-05
5.118642002344131470e-05
5.023274570703506470e-05
4.952680319547653198e-05
4.918687045574188232e-05
4.883855581283569336e-05
4.857126623392105103e-05
4.851259291172027588e-05
4.851538687944412231e-05
4.848185926675796509e-05
4.842877388000488281e-05
4.840921610593795776e-05
4.822015762329101562e-05
4.786252975463867188e-05
4.736706614494323730e-05
4.689767956733703613e-05
4.640594124794006348e-05
4.584155976772308350e-05
4.541408270597457886e-05
4.500430077314376831e-05
4.450604319572448730e-05
4.422105848789215088e-05
4.399474710226058960e-05
4.362780600786209106e-05
4.335585981607437134e-05
4.319380968809127808e-05
4.304759204387664795e-05
4.277378320693969727e-05
4.233978688716888428e-05
4.175584763288497925e-05
4.100613296031951904e-05
4.000123590230941772e-05
3.871414810419082642e-05
3.712344914674758911e-05
3.592390567064285278e-05
3.483984619379043579e-05
3.367103636264801025e-05
3.233272582292556763e-05
3.083050251007080078e-05
2.940371632575988770e-05
2.856273204088211060e-05
2.770218998193740845e-05
2.657156437635421753e-05
2.545770257711410522e-05
2.441555261611938477e-05
2.341996878385543823e-05
2.269167453050613403e-05
2.229213714599609375e-05
2.167839556932449341e-05
2.099480479955673218e-05
2.035032957792282104e-05
1.954380422830581665e-05
1.880712807178497314e-05
1.803040504455566406e-05
1.725368201732635498e-05
1.670699566602706909e-05
1.618172973394393921e-05
1.563038676977157593e-05
1.528393477201461792e-05
1.482199877500534058e-05
1.448765397071838379e-05
1.433584839105606079e-05
1.404434442520141602e-05
1.387018710374832153e-05
1.355540007352828979e-05
1.298543065786361694e-05
1.243967562913894653e-05
1.186970621347427368e-05
1.123361289501190186e-05
1.070369035005569458e-05
1.023802906274795532e-05
9.894371032714843750e-06
9.215436875820159912e-06
8.283182978630065918e-06
7.538124918937683105e-06
6.819143891334533691e-06
6.265006959438323975e-06
5.804002285003662109e-06
5.387701094150543213e-06
5.063600838184356689e-06
4.605390131473541260e-06
4.245899617671966553e-06
3.799796104431152344e-06
3.393739461898803711e-06
3.004446625709533691e-06
2.617016434669494629e-06
2.248212695121765137e-06
1.860782504081726074e-06
1.540407538414001465e-06
9.275972843170166016e-07
-1.174397766590118408e-06
-3.407709300518035889e-06
-4.616566002368927002e-06
-4.611909389495849609e-06
-4.597008228302001953e-06
-4.635192453861236572e-06
-4.574656486511230469e-06
-4.625879228115081787e-06
-4.614703357219696045e-06
-4.620291292667388916e-06
-4.622153937816619873e-06
-4.622153937816619873e-06
-4.618428647518157959e-06
-4.607252776622772217e-06
-4.613772034645080566e-06
-4.591420292854309082e-06
-4.590488970279693604e-06
-4.628673195838928223e-06
-4.602596163749694824e-06
