-8.270144462585449219e-06
-8.251518011093139648e-06
-8.287839591503143311e-06
-8.241273462772369385e-06
-8.269213140010833740e-06
-8.249655365943908691e-06
-8.267350494861602783e-06
-8.253380656242370605e-06
-8.269213140010833740e-06
-8.236616849899291992e-06
-8.283182978630065918e-06
-8.251518011093139648e-06
-8.295290172100067139e-06
-8.261762559413909912e-06
-8.284114301204681396e-06
-8.255243301391601562e-06
-8.244067430496215820e-06
-8.234754204750061035e-06
-6.692484021186828613e-06
-5.998648703098297119e-06
-5.507841706275939941e-06
-4.732981324195861816e-06
-3.719702363014221191e-06
-2.988614141941070557e-06
-2.577900886535644531e-06
-2.420507371425628662e-06
-2.806074917316436768e-06
-3.352761268615722656e-06
-3.601424396038055420e-06
-3.746710717678070068e-06
-3.817491233348846436e-06
-3.891997039318084717e-06
-3.962777554988861084e-06
-4.004687070846557617e-06
-4.084780812263488770e-06
-4.082918167114257812e-06
-4.150904715061187744e-06
-4.177913069725036621e-06
-4.191882908344268799e-06
-4.243105649948120117e-06
-4.229135811328887939e-06
-4.256144165992736816e-06
-4.297122359275817871e-06
-4.298985004425048828e-06
-4.311092197895050049e-06
-4.314817488193511963e-06
-4.315748810768127441e-06
-4.325993359088897705e-06
-4.301778972148895264e-06
-4.092231392860412598e-06
-3.386288881301879883e-06
-3.100372850894927979e-06
-2.841465175151824951e-06
-2.651475369930267334e-06
-2.570450305938720703e-06
-2.435408532619476318e-06
-2.342276275157928467e-06
-2.264045178890228271e-06
-2.189539372920989990e-06
-2.066604793071746826e-06
-1.938082277774810791e-06
-1.836568117141723633e-06
-1.713633537292480469e-06
-1.632608473300933838e-06
-1.493841409683227539e-06
-1.400709152221679688e-06
-1.360662281513214111e-06
-1.289881765842437744e-06
-1.219101250171661377e-06
-1.139007508754730225e-06
-1.092441380023956299e-06
-9.946525096893310547e-07
-8.521601557731628418e-07
-8.177012205123901367e-07
-7.739290595054626465e-07
-7.664784789085388184e-07
8.288770914077758789e-07
2.057291567325592041e-06
2.900138497352600098e-06
3.685243427753448486e-06
4.511326551437377930e-06
4.931353032588958740e-06
5.534850060939788818e-06
6.210990250110626221e-06
6.931833922863006592e-06
7.753260433673858643e-06
8.587725460529327393e-06
9.227544069290161133e-06
1.005455851554870605e-05
1.109205186367034912e-05
1.188833266496658325e-05
1.264456659555435181e-05
1.421570777893066406e-05
1.603271812200546265e-05
1.746695488691329956e-05
1.913588494062423706e-05
2.108421176671981812e-05
2.297200262546539307e-05
2.498645335435867310e-05
2.704001963138580322e-05
2.911500632762908936e-05
3.283657133579254150e-05
3.943219780921936035e-05
4.860386252403259277e-05
6.002653390169143677e-05
7.683411240577697754e-05
1.059900969266891479e-04
1.405421644449234009e-04
1.806570217013359070e-04
2.234671264886856079e-04
2.664905041456222534e-04
3.134673461318016052e-04
3.653047606348991394e-04
4.231249913573265076e-04
4.850998520851135254e-04
5.492838099598884583e-04
6.131483241915702820e-04
6.767623126506805420e-04
7.399488240480422974e-04
8.018882945179939270e-04
8.617565035820007324e-04
9.196624159812927246e-04
9.758453816175460815e-04
1.031082123517990112e-03
1.085145398974418640e-03
1.138422638177871704e-03
1.188992522656917572e-03
1.234675757586956024e-03
1.283828169107437134e-03
1.334740780293941498e-03
1.383303664624691010e-03
1.430094242095947266e-03
1.474927179515361786e-03
1.518072560429573059e-03
1.560227945446968079e-03
1.601210795342922211e-03
1.641544513404369354e-03
1.681676134467124939e-03
1.716392114758491516e-03
1.729462295770645142e-03
1.742559485137462616e-03
1.755190081894397736e-03
1.767030917108058929e-03
1.777447760105133057e-03
1.786349341273307800e-03
1.794642768800258636e-03
1.802342012524604797e-03
1.809473149478435516e-03
1.816395670175552368e-03
1.822728663682937622e-03
1.828606240451335907e-03
1.833913847804069519e-03
1.838410273194313049e-03
1.842459663748741150e-03
1.845819875597953796e-03
1.848775893449783325e-03
1.849886961281299591e-03
1.851072534918785095e-03
1.851729117333889008e-03
1.852787099778652191e-03
1.853362657129764557e-03
1.854058355093002319e-03
1.854509115219116211e-03
1.854420639574527740e-03
1.854761503636837006e-03
1.855025999248027802e-03
1.855400390923023224e-03
1.854558475315570831e-03
1.854382455348968506e-03
1.853190362453460693e-03
1.852125860750675201e-03
1.851896755397319794e-03
1.851099543273448944e-03
1.850173808634281158e-03
1.849327236413955688e-03
1.848466694355010986e-03
1.847669482231140137e-03
1.846891827881336212e-03
1.846184954047203064e-03
1.845506951212882996e-03
1.844856888055801392e-03
1.844230107963085175e-03
1.843502745032310486e-03
1.842994242906570435e-03
1.842474564909934998e-03
1.841941848397254944e-03
1.841448247432708740e-03
1.840986311435699463e-03
1.840506680309772491e-03
1.840014010667800903e-03
1.839574426412582397e-03
1.839205622673034668e-03
1.838771626353263855e-03
1.838327385485172272e-03
1.837964169681072235e-03
1.837584190070629120e-03
1.837237738072872162e-03
1.836905255913734436e-03
1.836527138948440552e-03
1.836171373724937439e-03
1.835505478084087372e-03
1.834154129028320312e-03
1.833843067288398743e-03
1.833543181419372559e-03
1.833262853324413300e-03
1.832931302487850189e-03
1.832303591072559357e-03
1.830622553825378418e-03
1.830300316214561462e-03
1.830027438700199127e-03
1.829644665122032166e-03
1.827639527618885040e-03
1.826996915042400360e-03
1.824740320444107056e-03
1.822221092879772186e-03
1.819145865738391876e-03
1.815725117921829224e-03
1.812365837395191193e-03
1.808958128094673157e-03
1.804927363991737366e-03
1.800624653697013855e-03
1.796153374016284943e-03
1.791290007531642914e-03
1.786909066140651703e-03
1.782434992492198944e-03
1.778009347617626190e-03
1.773408614099025726e-03
1.768729649484157562e-03
1.764558255672454834e-03
1.760258339345455170e-03
1.755977049469947815e-03
1.751417294144630432e-03
1.746934838593006134e-03
1.742883585393428802e-03
1.738722436130046844e-03
1.734712161123752594e-03
1.730281859636306763e-03
1.726265065371990204e-03
1.722319051623344421e-03
1.718301326036453247e-03
1.714535988867282867e-03
1.710488460958003998e-03
1.707020215690135956e-03
1.703221350908279419e-03
1.699548214673995972e-03
1.695422455668449402e-03
1.691139303147792816e-03
1.687353476881980896e-03
1.683313399553298950e-03
1.679467037320137024e-03
1.675384119153022766e-03
1.671232283115386963e-03
1.667477190494537354e-03
1.663428731262683868e-03
1.659627072513103485e-03
1.655505970120429993e-03
1.651561819016933441e-03
1.647866331040859222e-03
1.643628813326358795e-03
1.639673486351966858e-03
1.635335385799407959e-03
1.631049439311027527e-03
1.626949757337570190e-03
1.622430048882961273e-03
1.617911271750926971e-03
1.611327752470970154e-03
1.600285060703754425e-03
1.590589061379432678e-03
1.580144278705120087e-03
1.570063643157482147e-03
1.560116186738014221e-03
1.549587585031986237e-03
1.539913937449455261e-03
1.529852859675884247e-03
1.519636251032352448e-03
1.509838737547397614e-03
1.499531790614128113e-03
1.489924266934394836e-03
1.479960046708583832e-03
1.469979993999004364e-03
1.460405997931957245e-03
1.450270414352416992e-03
1.440932974219322205e-03
1.433036290109157562e-03
1.427385956048965454e-03
1.418350264430046082e-03
1.403186470270156860e-03
1.394768245518207550e-03
1.385690644383430481e-03
1.375936903059482574e-03
1.367172226309776306e-03
1.359177753329277039e-03
1.353253610432147980e-03
1.345605589449405670e-03
1.333418302237987518e-03
1.323085278272628784e-03
1.314627937972545624e-03
1.306143589317798615e-03
1.297984272241592407e-03
1.289303414523601532e-03
1.281778328120708466e-03
1.274778507649898529e-03
1.266357488930225372e-03
1.257293857634067535e-03
1.249555498361587524e-03
1.241509802639484406e-03
1.233725808560848236e-03
1.224515959620475769e-03
1.215213909745216370e-03
1.206640154123306274e-03
1.198254525661468506e-03
1.190437935292720795e-03
1.184088177978992462e-03
1.178925856947898865e-03
1.170244067907333374e-03
1.160395331680774689e-03
1.149944961071014404e-03
1.141796819865703583e-03
1.134170219302177429e-03
1.127856783568859100e-03
1.121940091252326965e-03
1.114382408559322357e-03
1.106311567127704620e-03
1.098541542887687683e-03
1.091054640710353851e-03
1.080628484487533569e-03
1.070732250809669495e-03
1.063394360244274139e-03
1.055390574038028717e-03
1.047998666763305664e-03
1.039588823914527893e-03
1.031385734677314758e-03
1.023747958242893219e-03
1.015724614262580872e-03
1.008146442472934723e-03
9.999964386224746704e-04
9.916657581925392151e-04
9.838696569204330444e-04
9.759189561009407043e-04
9.682876989245414734e-04
9.600119665265083313e-04
9.517641738057136536e-04
9.440314024686813354e-04
9.361868724226951599e-04
9.285956621170043945e-04
9.202500805258750916e-04
9.117005392909049988e-04
9.036716073751449585e-04
8.954610675573348999e-04
8.876696228981018066e-04
8.791610598564147949e-04
8.704448118805885315e-04
8.621392771601676941e-04
8.534705266356468201e-04
8.455747738480567932e-04
8.367644622921943665e-04
8.285129442811012268e-04
8.199922740459442139e-04
8.116941899061203003e-04
8.033625781536102295e-04
7.944749668240547180e-04
7.862048223614692688e-04
7.776590064167976379e-04
7.694317027926445007e-04
7.605291903018951416e-04
7.517430931329727173e-04
7.432512938976287842e-04
7.340488955378532410e-04
7.257945835590362549e-04
7.167849689722061157e-04
7.084133103489875793e-04
6.995070725679397583e-04
6.911912932991981506e-04
6.824024021625518799e-04
6.735809147357940674e-04
6.650397554039955139e-04
6.564650684595108032e-04
6.484072655439376831e-04
6.394796073436737061e-04
6.314096972346305847e-04
6.225649267435073853e-04
6.147651001811027527e-04
6.062118336558341980e-04
5.980664864182472229e-04
5.894899368286132812e-04
5.812086164951324463e-04
5.732113495469093323e-04
5.652895197272300720e-04
5.582990124821662903e-04
5.509834736585617065e-04
5.434434860944747925e-04
5.349051207304000854e-04
5.271304398775100708e-04
5.186526104807853699e-04
5.111088976263999939e-04
5.023842677474021912e-04
4.939995706081390381e-04
4.851724952459335327e-04
4.769852384924888611e-04
4.711616784334182739e-04
4.660068079829216003e-04
4.577217623591423035e-04
4.438525065779685974e-04
4.401691257953643799e-04
4.340112209320068359e-04
4.258444532752037048e-04
4.184832796454429626e-04
4.107123240828514099e-04
4.029534757137298584e-04
3.954032436013221741e-04
3.885542973875999451e-04
3.811195492744445801e-04
3.744214773178100586e-04
3.672987222671508789e-04
3.611799329519271851e-04
3.547994419932365417e-04
3.481879830360412598e-04
3.418568521738052368e-04
3.352323547005653381e-04
3.293985500931739807e-04
3.231959417462348938e-04
3.168424591422080994e-04
3.105746582150459290e-04
3.041429445147514343e-04
2.986257895827293396e-04
2.926765009760856628e-04
2.868417650461196899e-04
2.813236787915229797e-04
2.755280584096908569e-04
2.707680687308311462e-04
2.656234428286552429e-04
2.601901069283485413e-04
2.550315111875534058e-04
2.495711669325828552e-04
2.449965104460716248e-04
2.402532845735549927e-04
2.349782735109329224e-04
2.303393557667732239e-04
2.253046259284019470e-04
2.210494130849838257e-04
2.171033993363380432e-04
2.124896273016929626e-04
2.085231244564056396e-04
2.043619751930236816e-04
2.000322565436363220e-04
1.965267583727836609e-04
1.926654949784278870e-04
1.881169155240058899e-04
1.841187477111816406e-04
1.797443255782127380e-04
1.758793368935585022e-04
1.726271584630012512e-04
1.688841730356216431e-04
1.650899648666381836e-04
1.615509390830993652e-04
1.576393842697143555e-04
1.539066433906555176e-04
1.505669206380844116e-04
1.469580456614494324e-04
1.434041187167167664e-04
1.402432098984718323e-04
1.369314268231391907e-04
1.335311681032180786e-04
1.307018101215362549e-04
1.277299597859382629e-04
1.242924481630325317e-04
1.213066279888153076e-04
1.219119876623153687e-04
1.199878752231597900e-04
1.174062490463256836e-04
1.160502433776855469e-04
1.147547736763954163e-04
1.140907406806945801e-04
1.121638342738151550e-04
1.095626503229141235e-04
1.073218882083892822e-04
1.057814806699752808e-04
1.047700643539428711e-04
1.042559742927551270e-04
1.025879755616188049e-04
1.001544296741485596e-04
9.709224104881286621e-05
9.493436664342880249e-05
9.333156049251556396e-05
9.124632924795150757e-05
8.837692439556121826e-05
8.590705692768096924e-05
8.388981223106384277e-05
8.219107985496520996e-05
8.005090057849884033e-05
7.729791104793548584e-05
7.513165473937988281e-05
7.360242307186126709e-05
7.156841456890106201e-05
6.910786032676696777e-05
6.701145321130752563e-05
6.550550460815429688e-05
6.407219916582107544e-05
6.213225424289703369e-05
5.980115383863449097e-05
5.812011659145355225e-05
5.662161856889724731e-05
5.477759987115859985e-05
5.272123962640762329e-05
5.128886550664901733e-05
4.987698048353195190e-05
4.828069359064102173e-05
4.625134170055389404e-05
4.485528916120529175e-05
4.353933036327362061e-05
4.194304347038269043e-05
4.034116864204406738e-05
3.908108919858932495e-05
3.794487565755844116e-05
3.652833402156829834e-05
3.530178219079971313e-05
3.453437238931655884e-05
3.376323729753494263e-05
3.313086926937103271e-05
3.273319453001022339e-05
3.251619637012481689e-05
3.225915133953094482e-05
3.208871930837631226e-05
3.216974437236785889e-05
3.211572766304016113e-05
3.209803253412246704e-05
3.203470259904861450e-05
3.196578472852706909e-05
3.178883343935012817e-05
3.144517540931701660e-05
3.109592944383621216e-05
3.068521618843078613e-05
3.027915954589843750e-05
2.991128712892532349e-05
2.961978316307067871e-05
2.925284206867218018e-05
2.891756594181060791e-05
2.877507358789443970e-05
2.854969352483749390e-05
2.826750278472900391e-05
2.813152968883514404e-05
2.802722156047821045e-05
2.788007259368896484e-05
2.759788185358047485e-05
2.720300108194351196e-05
2.668984234333038330e-05
2.607796341180801392e-05
2.517644315958023071e-05
2.407748252153396606e-05
2.292916178703308105e-05
2.212636172771453857e-05
2.125930041074752808e-05
2.033635973930358887e-05
1.924578100442886353e-05
1.808907836675643921e-05
1.723039895296096802e-05
1.666508615016937256e-05
1.586228609085083008e-05
1.497566699981689453e-05
1.415796577930450439e-05
1.341942697763442993e-05
1.270510256290435791e-05
1.234188675880432129e-05
1.198053359985351562e-05
1.142546534538269043e-05
1.095701009035110474e-05
1.040473580360412598e-05
9.803101420402526855e-06
9.265728294849395752e-06
8.629634976387023926e-06
8.100643754005432129e-06
7.756054401397705078e-06
7.287599146366119385e-06
6.997957825660705566e-06
6.658025085926055908e-06
6.362795829772949219e-06
6.197951734066009521e-06
6.015412509441375732e-06
5.829147994518280029e-06
5.645677447319030762e-06
5.336478352546691895e-06
4.902482032775878906e-06
4.491768777370452881e-06
3.995373845100402832e-06
3.552995622158050537e-06
3.162771463394165039e-06
2.870336174964904785e-06
2.582557499408721924e-06
1.851469278335571289e-06
1.188367605209350586e-06
6.714835762977600098e-07
1.601874828338623047e-07
-2.188608050346374512e-07
-5.392357707023620605e-07
-7.851049304008483887e-07
-1.106411218643188477e-06
-1.421198248863220215e-06
-1.705251634120941162e-06
-2.074986696243286133e-06
-2.331100404262542725e-06
-2.663582563400268555e-06
-2.936460077762603760e-06
-3.192573785781860352e-06
-3.506429493427276611e-06
-3.729015588760375977e-06
-5.148351192474365234e-06
-6.669200956821441650e-06
-8.248724043369293213e-06
-8.312053978443145752e-06
-8.295290172100067139e-06
-8.286908268928527832e-06
-8.288770914077758789e-06
-8.290633559226989746e-06
-8.293427526950836182e-06
-8.295290172100067139e-06
-8.313916623592376709e-06
-8.306466042995452881e-06
-8.275732398033142090e-06
-8.307397365570068359e-06
-8.291564881801605225e-06
-8.298084139823913574e-06
-8.264556527137756348e-06
-8.339993655681610107e-06
-8.304603397846221924e-06
-8.284114301204681396e-06
