-8.266419172286987305e-06
-8.275732398033142090e-06
-8.302740752696990967e-06
-8.292496204376220703e-06
-8.291564881801605225e-06
-8.293427526950836182e-06
-8.253380656242370605e-06
-8.306466042995452881e-06
-8.329749107360839844e-06
-8.315779268741607666e-06
-8.296221494674682617e-06
-8.281320333480834961e-06
-8.279457688331604004e-06
-8.274801075458526611e-06
-8.247792720794677734e-06
-8.303672075271606445e-06
-8.270144462585449219e-06
-8.288770914077758789e-06
-8.294358849525451660e-06
-8.289702236652374268e-06
-8.271075785160064697e-06
-8.314847946166992188e-06
-8.285976946353912354e-06
-8.292496204376220703e-06
-8.276663720607757568e-06
-8.293427526950836182e-06
-8.285976946353912354e-06
-8.291564881801605225e-06
-8.313916623592376709e-06
-8.275732398033142090e-06
-8.258968591690063477e-06
-8.278526365756988525e-06
-8.281320333480834961e-06
-8.279457688331604004e-06
-8.285976946353912354e-06
-8.285045623779296875e-06
-8.294358849525451660e-06
-8.306466042995452881e-06
-8.269213140010833740e-06
-8.247792720794677734e-06
-8.278526365756988525e-06
-8.278526365756988525e-06
-8.287839591503143311e-06
-8.312053978443145752e-06
-8.291564881801605225e-06
-8.313916623592376709e-06
-8.298084139823913574e-06
-8.307397365570068359e-06
-8.290633559226989746e-06
-8.310191333293914795e-06
-6.139278411865234375e-06
-4.677101969718933105e-06
-3.154389560222625732e-06
-1.341104507446289062e-06
4.113651812076568604e-06
9.116716682910919189e-06
1.231115311384201050e-05
1.445505768060684204e-05
1.880433410406112671e-05
2.287141978740692139e-05
2.813339233398437500e-05
3.448035567998886108e-05
4.184711724519729614e-05
4.809908568859100342e-05
4.759803414344787598e-05
4.683993756771087646e-05
4.656240344047546387e-05
4.636216908693313599e-05
4.620477557182312012e-05
4.608556628227233887e-05
4.597939550876617432e-05
4.587601870298385620e-05
4.580058157444000244e-05
4.573166370391845703e-05
4.568044096231460571e-05
4.564598202705383301e-05
4.557985812425613403e-05
4.555284976959228516e-05
4.549790173768997192e-05
4.545878618955612183e-05
4.542991518974304199e-05
4.539638757705688477e-05
4.538800567388534546e-05
4.536006599664688110e-05
4.536192864179611206e-05
4.566553980112075806e-05
4.941597580909729004e-05
5.315896123647689819e-05
5.631614476442337036e-05
5.985517054796218872e-05
6.415415555238723755e-05
6.873346865177154541e-05
7.316377013921737671e-05
7.957313209772109985e-05
8.778367191553115845e-05
9.650457650423049927e-05
1.070816069841384888e-04
1.192623749375343323e-04
1.321658492088317871e-04
1.459736377000808716e-04
1.609567552804946899e-04
1.765778288245201111e-04
1.932326704263687134e-04
2.106064930558204651e-04
2.287896350026130676e-04
2.462221309542655945e-04
2.640839666128158569e-04
2.815444022417068481e-04
2.990961074829101562e-04
3.167279064655303955e-04
3.338912501931190491e-04
3.503430634737014771e-04
3.668824210762977600e-04
3.834040835499763489e-04
4.007816314697265625e-04
4.181852564215660095e-04
4.353625699877738953e-04
4.524318501353263855e-04
4.694955423474311829e-04
4.866532981395721436e-04
5.038343369960784912e-04
5.209501832723617554e-04
5.378499627113342285e-04
5.547832697629928589e-04
5.716923624277114868e-04
5.883388221263885498e-04
6.050728261470794678e-04
6.218031048774719238e-04
6.378311663866043091e-04
6.530741229653358459e-04
6.686719134449958801e-04
6.844848394393920898e-04
7.000593468546867371e-04
7.152417674660682678e-04
7.305890321731567383e-04
7.460992783308029175e-04
7.608020678162574768e-04
7.749991491436958313e-04
7.897885516285896301e-04
8.042538538575172424e-04
8.181016892194747925e-04
8.323425427079200745e-04
8.461941033601760864e-04
8.596107363700866699e-04
8.732434362173080444e-04
8.863713592290878296e-04
8.997004479169845581e-04
9.129168465733528137e-04
9.256685152649879456e-04
9.380718693137168884e-04
9.502107277512550354e-04
9.621158242225646973e-04
9.741131216287612915e-04
9.866487234830856323e-04
9.985389187932014465e-04
1.009728759527206421e-03
1.021479256451129913e-03
1.032387837767601013e-03
1.041780225932598114e-03
1.050210557878017426e-03
1.058081164956092834e-03
1.065322197973728180e-03
1.071652397513389587e-03
1.077058725059032440e-03
1.082240603864192963e-03
1.086833886802196503e-03
1.091043464839458466e-03
1.093603670597076416e-03
1.094649545848369598e-03
1.096786931157112122e-03
1.097189262509346008e-03
1.098621636629104614e-03
1.098034903407096863e-03
1.097406260669231415e-03
1.096869818866252899e-03
1.096419990062713623e-03
1.095991581678390503e-03
1.095598563551902771e-03
1.095218583941459656e-03
1.094885170459747314e-03
1.094588078558444977e-03
1.094307750463485718e-03
1.094050705432891846e-03
1.093759201467037201e-03
1.093544065952301025e-03
1.093346625566482544e-03
1.093127764761447906e-03
1.092925667762756348e-03
1.092726364731788635e-03
1.092568971216678619e-03
1.092369668185710907e-03
1.092209480702877045e-03
1.092037186026573181e-03
1.091894693672657013e-03
1.091727055609226227e-03
1.091623678803443909e-03
1.091485843062400818e-03
1.091345213353633881e-03
1.091216690838336945e-03
1.091116108000278473e-03
1.091003417968750000e-03
1.090842299163341522e-03
1.090742647647857666e-03
1.090606674551963806e-03
1.090341247618198395e-03
1.090190373361110687e-03
1.090053468942642212e-03
1.089888624846935272e-03
1.089748926460742950e-03
1.089610159397125244e-03
1.089463010430335999e-03
1.089313998818397522e-03
1.089184544980525970e-03
1.089025288820266724e-03
1.088832505047321320e-03
1.088646240532398224e-03
1.088478602468967438e-03
1.088279299437999725e-03
1.088093034923076630e-03
1.087871380150318146e-03
1.087655313313007355e-03
1.087434589862823486e-03
1.086909323930740356e-03
1.081814058125019073e-03
1.071370206773281097e-03
1.059379428625106812e-03
1.046942546963691711e-03
1.031711697578430176e-03
1.016837544739246368e-03
1.002593897283077240e-03
9.879563003778457642e-04
9.713545441627502441e-04
9.539891034364700317e-04
9.349482133984565735e-04
9.144227951765060425e-04
8.935229852795600891e-04
8.715642616152763367e-04
8.492115885019302368e-04
8.258251473307609558e-04
8.015353232622146606e-04
7.756724953651428223e-04
7.497873157262802124e-04
7.227482274174690247e-04
6.951475515961647034e-04
6.693815812468528748e-04
6.440291181206703186e-04
6.147967651486396790e-04
5.850484594702720642e-04
5.567595362663269043e-04
5.280096083879470825e-04
5.006920546293258667e-04
4.737516865134239197e-04
4.474474117159843445e-04
4.224311560392379761e-04
3.983676433563232422e-04
3.748117014765739441e-04
3.517474979162216187e-04
3.290195018053054810e-04
3.064144402742385864e-04
2.839351072907447815e-04
2.624774351716041565e-04
2.405392006039619446e-04
2.188971266150474548e-04
1.983698457479476929e-04
1.790588721632957458e-04
1.609269529581069946e-04
1.421105116605758667e-04
1.236563548445701599e-04
1.049768179655075073e-04
8.655432611703872681e-05
6.837677210569381714e-05
5.323626101016998291e-05
4.014838486909866333e-05
3.000441938638687134e-05
2.333428710699081421e-05
1.297146081924438477e-05
5.099922418594360352e-06
6.491318345069885254e-07
-7.562339305877685547e-07
-3.375113010406494141e-06
-6.004236638545989990e-06
-7.884576916694641113e-06
-8.296221494674682617e-06
-8.308328688144683838e-06
-8.325092494487762451e-06
-8.289702236652374268e-06
-8.308328688144683838e-06
-8.279457688331604004e-06
-8.294358849525451660e-06
-8.294358849525451660e-06
-8.312985301017761230e-06
-8.296221494674682617e-06
-8.310191333293914795e-06
-8.301809430122375488e-06
-8.317641913890838623e-06
