-4.651956260204315186e-06
-4.622153937816619873e-06
-4.654750227928161621e-06
-4.637055099010467529e-06
-4.663132131099700928e-06
-4.646368324756622314e-06
-4.656612873077392578e-06
-4.639849066734313965e-06
-4.655681550502777100e-06
-4.652887582778930664e-06
-4.677101969718933105e-06
-4.624016582965850830e-06
-4.644505679607391357e-06
-4.630535840988159180e-06
-4.664063453674316406e-06
-4.630535840988159180e-06
-4.637986421585083008e-06
-4.623085260391235352e-06
-4.657544195652008057e-06
-4.642643034458160400e-06
-4.637055099010467529e-06
-4.621222615242004395e-06
-4.643574357032775879e-06
-4.652887582778930664e-06
-4.628673195838928223e-06
-4.624947905540466309e-06
-4.647299647331237793e-06
-4.610046744346618652e-06
-4.659406840801239014e-06
-4.636123776435852051e-06
-4.649162292480468750e-06
-4.659406840801239014e-06
-4.624016582965850830e-06
-4.637986421585083008e-06
-4.647299647331237793e-06
-4.642643034458160400e-06
-4.640780389308929443e-06
-4.659406840801239014e-06
-4.625879228115081787e-06
-4.650093615055084229e-06
-4.672445356845855713e-06
-4.624016582965850830e-06
-4.635192453861236572e-06
-4.659406840801239014e-06
-4.619359970092773438e-06
-4.637986421585083008e-06
-4.619359970092773438e-06
-4.627741873264312744e-06
-4.627741873264312744e-06
-4.664063453674316406e-06
-2.712942659854888916e-06
-1.530162990093231201e-06
1.456588506698608398e-06
2.671033143997192383e-06
6.728805601596832275e-06
1.602526754140853882e-05
2.011377364397048950e-05
2.384372055530548096e-05
2.658739686012268066e-05
3.348477184772491455e-05
3.943592309951782227e-05
4.721712321043014526e-05
5.557388067245483398e-05
6.655137985944747925e-05
6.969738751649856567e-05
6.808526813983917236e-05
6.749760359525680542e-05
6.716046482324600220e-05
6.688758730888366699e-05
6.671622395515441895e-05
6.658211350440979004e-05
6.642285734415054321e-05
6.636697798967361450e-05
6.625987589359283447e-05
6.619095802307128906e-05
6.613228470087051392e-05
6.605591624975204468e-05
6.597209721803665161e-05
6.592459976673126221e-05
6.589200347661972046e-05
6.583612412214279175e-05
6.580166518688201904e-05
6.575882434844970703e-05
6.573833525180816650e-05
6.571412086486816406e-05
6.578862667083740234e-05
6.865151226520538330e-05
7.336959242820739746e-05
7.805041968822479248e-05
8.223392069339752197e-05
8.731987327337265015e-05
9.333435446023941040e-05
9.903684258460998535e-05
1.057200133800506592e-04
1.155426725745201111e-04
1.267734915018081665e-04
1.390511170029640198e-04
1.540798693895339966e-04
1.706164330244064331e-04
1.881252974271774292e-04
2.068532630801200867e-04
2.269065007567405701e-04
2.480400726199150085e-04
2.704150974750518799e-04
2.937894314527511597e-04
3.172066062688827515e-04
3.404011949896812439e-04
3.635827451944351196e-04
3.865072503685951233e-04
4.096115007996559143e-04
4.326608031988143921e-04
4.545282572507858276e-04
4.761749878525733948e-04
4.976000636816024780e-04
5.197254940867424011e-04
5.427384749054908752e-04
5.652802065014839172e-04
5.878685042262077332e-04
6.103524938225746155e-04
6.328197196125984192e-04
6.551817059516906738e-04
6.776815280318260193e-04
6.998339667916297913e-04
7.218923419713973999e-04
7.443996146321296692e-04
7.663005962967872620e-04
7.882006466388702393e-04
8.100373670458793640e-04
8.316040039062500000e-04
8.521564304828643799e-04
8.722301572561264038e-04
8.927686139941215515e-04
9.134365245699882507e-04
9.336583316326141357e-04
9.536081925034523010e-04
9.737638756632804871e-04
9.936634451150894165e-04
1.012534834444522858e-03
1.031517982482910156e-03
1.050774939358234406e-03
1.069348305463790894e-03
1.087739132344722748e-03
1.106225885450839996e-03
1.124000176787376404e-03
1.141794957220554352e-03
1.159354113042354584e-03
1.176392659544944763e-03
1.194176264107227325e-03
1.211133785545825958e-03
1.227415166795253754e-03
1.243714243173599243e-03
1.259393990039825439e-03
1.274785026907920837e-03
1.291112974286079407e-03
1.307070255279541016e-03
1.322155818343162537e-03
1.337038353085517883e-03
1.352225430309772491e-03
1.365665346384048462e-03
1.377058215439319611e-03
1.387945376336574554e-03
1.397710293531417847e-03
1.406722702085971832e-03
1.414421945810317993e-03
1.421215012669563293e-03
1.427718438208103180e-03
1.433738507330417633e-03
1.437639817595481873e-03
1.440647989511489868e-03
1.443224959075450897e-03
1.443649642169475555e-03
1.446126028895378113e-03
1.445916481316089630e-03
1.445108093321323395e-03
1.444341614842414856e-03
1.443711109459400177e-03
1.443123444914817810e-03
1.442632637917995453e-03
1.442189328372478485e-03
1.441692002117633820e-03
1.441276632249355316e-03
1.440907828509807587e-03
1.440539956092834473e-03
1.440210267901420593e-03
1.439900137484073639e-03
1.439571380615234375e-03
1.439298503100872040e-03
1.439029350876808167e-03
1.438778825104236603e-03
1.438526436686515808e-03
1.438285224139690399e-03
1.438078470528125763e-03
1.437860541045665741e-03
1.437690109014511108e-03
1.437486149370670319e-03
1.437271945178508759e-03
1.437114551663398743e-03
1.436968334019184113e-03
1.436815597116947174e-03
1.436615362763404846e-03
1.436463557183742523e-03
1.436310820281505585e-03
1.436150632798671722e-03
1.436003483831882477e-03
1.435762271285057068e-03
1.435452140867710114e-03
1.435252837836742401e-03
1.435083337128162384e-03
1.434884965419769287e-03
1.434693112969398499e-03
1.434525474905967712e-03
1.434330828487873077e-03
1.434136182069778442e-03
1.433970406651496887e-03
1.433739438652992249e-03
1.433517783880233765e-03
1.433277502655982971e-03
1.433031633496284485e-03
1.432749442756175995e-03
1.432454213500022888e-03
1.432202756404876709e-03
1.431915909051895142e-03
1.431551761925220490e-03
1.428922638297080994e-03
1.418530009686946869e-03
1.403183676302433014e-03
1.387627795338630676e-03
1.369697973132133484e-03
1.349118538200855255e-03
1.330853439867496490e-03
1.311729662120342255e-03
1.291737891733646393e-03
1.269488595426082611e-03
1.245420426130294800e-03
1.219896599650382996e-03
1.192822121083736420e-03
1.164714805781841278e-03
1.135322265326976776e-03
1.105966046452522278e-03
1.074268482625484467e-03
1.041899435222148895e-03
1.007731072604656219e-03
9.735571220517158508e-04
9.375046938657760620e-04
9.021442383527755737e-04
8.710548281669616699e-04
8.335895836353302002e-04
7.948540151119232178e-04
7.565254345536231995e-04
7.190015166997909546e-04
6.826305761933326721e-04
6.466368213295936584e-04
6.114281713962554932e-04
5.785496905446052551e-04
5.458593368530273438e-04
5.143452435731887817e-04
4.842961207032203674e-04
4.538837820291519165e-04
4.242537543177604675e-04
3.949031233787536621e-04
3.655934706330299377e-04
3.374908119440078735e-04
3.089532256126403809e-04
2.806056290864944458e-04
2.547185868024826050e-04
2.300608903169631958e-04
2.059563994407653809e-04
1.814179122447967529e-04
1.571802422404289246e-04
1.325197517871856689e-04
1.083780080080032349e-04
8.599180728197097778e-05
6.752274930477142334e-05
5.197245627641677856e-05
4.136748611927032471e-05
3.149826079607009888e-05
1.835729926824569702e-05
1.181289553642272949e-05
5.704350769519805908e-06
4.915520548820495605e-06
-7.944181561470031738e-07
-2.475455403327941895e-06
-4.672445356845855713e-06
-4.663132131099700928e-06
-4.617497324943542480e-06
-4.619359970092773438e-06
-4.627741873264312744e-06
-4.608184099197387695e-06
-4.610046744346618652e-06
-4.613772034645080566e-06
-4.659406840801239014e-06
-4.624016582965850830e-06
-4.624016582965850830e-06
-4.640780389308929443e-06
-4.622153937816619873e-06
