-8.263625204563140869e-06
-8.293427526950836182e-06
-8.251518011093139648e-06
-8.249655365943908691e-06
-8.226372301578521729e-06
-8.247792720794677734e-06
-8.260831236839294434e-06
-8.280389010906219482e-06
-8.272007107734680176e-06
-8.217990398406982422e-06
-8.258037269115447998e-06
-8.254311978816986084e-06
-8.258037269115447998e-06
-8.241273462772369385e-06
-8.239410817623138428e-06
-7.415190339088439941e-06
-6.702728569507598877e-06
-5.751848220825195312e-06
-4.924833774566650391e-06
-3.613531589508056641e-06
-2.775341272354125977e-06
-2.313405275344848633e-06
-2.005137503147125244e-06
-1.806765794754028320e-06
-1.642853021621704102e-06
-1.478008925914764404e-06
-1.371838152408599854e-06
-1.167878508567810059e-06
-1.028180122375488281e-06
-1.331791281700134277e-07
1.910142600536346436e-06
2.663582563400268555e-06
3.390014171600341797e-06
4.162080585956573486e-06
4.760921001434326172e-06
5.270354449748992920e-06
5.970709025859832764e-06
6.760470569133758545e-06
7.566064596176147461e-06
8.374452590942382812e-06
9.291805326938629150e-06
1.012720167636871338e-05
1.098308712244033813e-05
1.210533082485198975e-05
1.320242881774902344e-05
1.414958387613296509e-05
1.503154635429382324e-05
1.581571996212005615e-05
1.676753163337707520e-05
1.769699156284332275e-05
1.881550997495651245e-05
1.971703022718429565e-05
2.087745815515518188e-05
2.294592559337615967e-05
2.534408122301101685e-05
2.785120159387588501e-05
3.063678741455078125e-05
3.444217145442962646e-05
3.692042082548141479e-05
3.543961793184280396e-05
3.370922058820724487e-05
3.267638385295867920e-05
3.200303763151168823e-05
3.146659582853317261e-05
3.100186586380004883e-05
3.062747418880462646e-05
3.024935722351074219e-05
2.991314977407455444e-05
2.964679151773452759e-05
2.939999103546142578e-05
2.915598452091217041e-05
2.893060445785522461e-05
2.872478216886520386e-05
2.853106707334518433e-05
2.836994826793670654e-05
2.821814268827438354e-05
2.809055149555206299e-05
2.795085310935974121e-05
2.788286656141281128e-05
2.783071249723434448e-05
3.009010106325149536e-05
3.243796527385711670e-05
3.504380583763122559e-05
3.771297633647918701e-05
3.983452916145324707e-05
4.112347960472106934e-05
4.300475120544433594e-05
4.509743303060531616e-05
4.789605736732482910e-05
5.095172673463821411e-05
5.456805229187011719e-05
5.871150642633438110e-05
6.319396197795867920e-05
6.839167326688766479e-05
7.471907883882522583e-05
8.274987339973449707e-05
9.251758456230163574e-05
1.034960150718688965e-04
1.160269603133201599e-04
1.293011009693145752e-04
1.440700143575668335e-04
1.597832888364791870e-04
1.771636307239532471e-04
1.947768032550811768e-04
2.125175669789314270e-04
2.310536801815032959e-04
2.510705962777137756e-04
2.726167440414428711e-04
2.956837415695190430e-04
3.200545907020568848e-04
3.460999578237533569e-04
3.736782819032669067e-04
4.034563899040222168e-04
4.352992400527000427e-04
4.677558317780494690e-04
5.016308277845382690e-04
5.359286442399024963e-04
5.712220445275306702e-04
6.071859970688819885e-04
6.437078118324279785e-04
6.807269528508186340e-04
7.183523848652839661e-04
7.565449923276901245e-04
7.945671677589416504e-04
8.313618600368499756e-04
8.670380339026451111e-04
9.003402665257453918e-04
9.323460981249809265e-04
9.623421356081962585e-04
9.911283850669860840e-04
1.018489710986614227e-03
1.044474542140960693e-03
1.069399528205394745e-03
1.092599704861640930e-03
1.115437597036361694e-03
1.137015409767627716e-03
1.157190650701522827e-03
1.176550984382629395e-03
1.194130629301071167e-03
1.209729351103305817e-03
1.224737614393234253e-03
1.237830147147178650e-03
1.251625828444957733e-03
1.264307647943496704e-03
1.275615766644477844e-03
1.287473365664482117e-03
1.298486255109310150e-03
1.307807862758636475e-03
1.317464746534824371e-03
1.326272264122962952e-03
1.333512365818023682e-03
1.339393667876720428e-03
1.343711279332637787e-03
1.347073353826999664e-03
1.350254751741886139e-03
1.352737657725811005e-03
1.354809850454330444e-03
1.353999599814414978e-03
1.355184242129325867e-03
1.354620791971683502e-03
1.353674568235874176e-03
1.352768391370773315e-03
1.351996324956417084e-03
1.351219601929187775e-03
1.350521109998226166e-03
1.349918544292449951e-03
1.349249854683876038e-03
1.348631456494331360e-03
1.348137855529785156e-03
1.347629353404045105e-03
1.347099430859088898e-03
1.346598379313945770e-03
1.346144825220108032e-03
1.345706172287464142e-03
1.345280557870864868e-03
1.344900578260421753e-03
1.344474963843822479e-03
1.344085671007633209e-03
1.343711279332637787e-03
1.343348063528537750e-03
1.342963427305221558e-03
1.342579722404479980e-03
1.342080533504486084e-03
1.338591799139976501e-03
1.334572210907936096e-03
1.329652965068817139e-03
1.322431489825248718e-03
1.313082873821258545e-03
1.303218305110931396e-03
1.293843612074851990e-03
1.283994875848293304e-03
1.273610629141330719e-03
1.264677383005619049e-03
1.256096176803112030e-03
1.246850006282329559e-03
1.238189637660980225e-03
1.229909248650074005e-03
1.220963895320892334e-03
1.212133094668388367e-03
1.203776337206363678e-03
1.194913871586322784e-03
1.185929402709007263e-03
1.177663914859294891e-03
1.169053837656974792e-03
1.159932464361190796e-03
1.151649281382560730e-03
1.143082045018672943e-03
1.134426333010196686e-03
1.126332208514213562e-03
1.118222251534461975e-03
1.109390519559383392e-03
1.101077534258365631e-03
1.092795282602310181e-03
1.083629205822944641e-03
1.075309701263904572e-03
1.067280769348144531e-03
1.058431342244148254e-03
1.050048507750034332e-03
1.041998155415058136e-03
1.033178530633449554e-03
1.025093719363212585e-03
1.017562113702297211e-03
1.009308733046054840e-03
1.001161523163318634e-03
9.933374822139739990e-04
9.848298504948616028e-04
9.765941649675369263e-04
9.690187871456146240e-04
9.608808904886245728e-04
9.526414796710014343e-04
9.451918303966522217e-04
9.372290223836898804e-04
9.291181340813636780e-04
9.219646453857421875e-04
9.141517803072929382e-04
9.058155119419097900e-04
8.985074236989021301e-04
8.909441530704498291e-04
8.826544508337974548e-04
8.752467110753059387e-04
8.677272126078605652e-04
8.596172556281089783e-04
8.522579446434974670e-04
8.451230823993682861e-04
8.370494470000267029e-04
8.297432214021682739e-04
8.228868246078491211e-04
8.152201771736145020e-04
8.078692480921745300e-04
8.009858429431915283e-04
7.936283946037292480e-04
7.859645411372184753e-04
7.795905694365501404e-04
7.726699113845825195e-04
7.650693878531455994e-04
7.580844685435295105e-04
7.511964067816734314e-04
7.435241714119911194e-04
7.364284247159957886e-04
7.302286103367805481e-04
7.233433425426483154e-04
7.165325805544853210e-04
7.104203104972839355e-04
7.037241011857986450e-04
6.960704922676086426e-04
6.893761456012725830e-04
6.828252226114273071e-04
6.756940856575965881e-04
6.691394373774528503e-04
6.627291440963745117e-04
6.553754210472106934e-04
6.481930613517761230e-04
6.418935954570770264e-04
6.351619958877563477e-04
6.284769624471664429e-04
6.225705146789550781e-04
6.161183118820190430e-04
6.090225651860237122e-04
6.027659401297569275e-04
5.970420315861701965e-04
5.904100835323333740e-04
5.839373916387557983e-04
5.777245387434959412e-04
5.711400881409645081e-04
5.643991753458976746e-04
5.587143823504447937e-04
5.527669563889503479e-04
5.461685359477996826e-04
5.401298403739929199e-04
5.342653021216392517e-04
5.275858566164970398e-04
5.214652046561241150e-04
5.165422335267066956e-04
5.123671144247055054e-04
5.060760304331779480e-04
4.989951848983764648e-04
4.933280870318412781e-04
4.870584234595298767e-04
4.814062267541885376e-04
4.761647433042526245e-04
4.699788987636566162e-04
4.639457911252975464e-04
4.586409777402877808e-04
4.534274339675903320e-04
4.474055022001266479e-04
4.422189667820930481e-04
4.405183717608451843e-04
4.342412576079368591e-04
4.288982599973678589e-04
4.239166155457496643e-04
4.181703552603721619e-04
4.124389961361885071e-04
4.070447757840156555e-04
4.015117883682250977e-04
3.955867141485214233e-04
3.903387114405632019e-04
3.855004906654357910e-04
3.801416605710983276e-04
3.750082105398178101e-04
3.701178357005119324e-04
3.650365397334098816e-04
3.593806177377700806e-04
3.544297069311141968e-04
3.498103469610214233e-04
3.445614129304885864e-04
3.391364589333534241e-04
3.344817087054252625e-04
3.296257928013801575e-04
3.243107348680496216e-04
3.198450431227684021e-04
3.155572339892387390e-04
3.109825775027275085e-04
3.063380718231201172e-04
3.021331503987312317e-04
2.982262521982192993e-04
2.937968820333480835e-04
2.893880009651184082e-04
2.858079969882965088e-04
2.816161140799522400e-04
2.773329615592956543e-04
2.732472494244575500e-04
2.695433795452117920e-04
2.657836303114891052e-04
2.615116536617279053e-04
2.581877633929252625e-04
2.549560740590095520e-04
2.517076209187507629e-04
2.477355301380157471e-04
2.444349229335784912e-04
2.412982285022735596e-04
2.381168305873870850e-04
2.343151718378067017e-04
2.312809228897094727e-04
2.285987138748168945e-04
2.255868166685104370e-04
2.224501222372055054e-04
2.192277461290359497e-04
2.168426290154457092e-04
2.140207216143608093e-04
2.104239538311958313e-04
2.070656046271324158e-04
2.042334526777267456e-04
2.017710357904434204e-04
1.985896378755569458e-04
1.954324543476104736e-04
1.926599070429801941e-04
1.901043578982353210e-04
1.874892041087150574e-04
1.844577491283416748e-04
1.815510913729667664e-04
1.793773844838142395e-04
1.769894734025001526e-04
1.740204170346260071e-04
1.709843054413795471e-04
1.685936003923416138e-04
1.662969589233398438e-04
1.636622473597526550e-04
1.607229933142662048e-04
1.579634845256805420e-04
1.555280759930610657e-04
1.530973240733146667e-04
1.505613327026367188e-04
1.474907621741294861e-04
1.448253169655799866e-04
1.428574323654174805e-04
1.407712697982788086e-04
1.382967457175254822e-04
1.356862485408782959e-04
1.336634159088134766e-04
1.317439600825309753e-04
1.295283436775207520e-04
1.267641782760620117e-04
1.239320263266563416e-04
1.216335222125053406e-04
1.194281503558158875e-04
1.169256865978240967e-04
1.142006367444992065e-04
1.117382198572158813e-04
1.096064224839210510e-04
1.074392348527908325e-04
1.049600541591644287e-04
1.022964715957641602e-04
9.975861757993698120e-05
9.758677333593368530e-05
9.560678154230117798e-05
9.342934936285018921e-05
9.111966937780380249e-05
8.899904787540435791e-05
8.733570575714111328e-05
8.559226989746093750e-05
8.352659642696380615e-05
8.115079253911972046e-05
7.899664342403411865e-05
7.730629295110702515e-05
7.580686360597610474e-05
7.402151823043823242e-05
7.191300392150878906e-05
6.963498890399932861e-05
6.795115768909454346e-05
6.648059934377670288e-05
6.483774632215499878e-05
6.289128214120864868e-05
6.087962538003921509e-05
5.959160625934600830e-05
5.839578807353973389e-05
5.711149424314498901e-05
5.566701292991638184e-05
5.392916500568389893e-05
5.245767533779144287e-05
5.123764276504516602e-05
4.998315125703811646e-05
4.858151078224182129e-05
4.691444337368011475e-05
4.553329199552536011e-05
4.440732300281524658e-05
4.333164542913436890e-05
4.214048385620117188e-05
4.077516496181488037e-05
3.964826464653015137e-05
3.880355507135391235e-05
3.800820559263229370e-05
3.713089972734451294e-05
3.630761057138442993e-05
3.569852560758590698e-05
3.523658961057662964e-05
3.484264016151428223e-05
3.442540764808654785e-05
3.409758210182189941e-05
3.380421549081802368e-05
3.362167626619338989e-05
3.348570317029953003e-05
3.336556255817413330e-05
3.325194120407104492e-05
3.317836672067642212e-05
3.311876207590103149e-05
3.304239362478256226e-05
3.297813236713409424e-05
3.282260149717330933e-05
3.272481262683868408e-05
3.265216946601867676e-05
3.253668546676635742e-05
3.239046782255172729e-05
3.212224692106246948e-05
3.180094063282012939e-05
3.104191273450851440e-05
2.737250179052352905e-05
1.281965523958206177e-05
5.599111318588256836e-06
1.661479473114013672e-06
-3.217719495296478271e-06
-6.264075636863708496e-06
-7.399357855319976807e-06
-8.273869752883911133e-06
-8.288770914077758789e-06
-8.287839591503143311e-06
-8.281320333480834961e-06
-8.296221494674682617e-06
-8.271075785160064697e-06
-8.282251656055450439e-06
-8.273869752883911133e-06
-8.274801075458526611e-06
-8.272938430309295654e-06
-8.266419172286987305e-06
-8.268281817436218262e-06
