-4.641711711883544922e-06
-4.597008228302001953e-06
-4.623085260391235352e-06
-4.641711711883544922e-06
-4.625879228115081787e-06
-4.659406840801239014e-06
-4.663132131099700928e-06
-4.617497324943542480e-06
-4.640780389308929443e-06
-4.634261131286621094e-06
-4.595145583152770996e-06
-4.625879228115081787e-06
-4.644505679607391357e-06
-4.620291292667388916e-06
-4.631467163562774658e-06
-4.637055099010467529e-06
-2.859160304069519043e-06
-1.884996891021728516e-06
-7.757917046546936035e-07
5.513429641723632812e-07
2.059154212474822998e-06
2.881512045860290527e-06
3.358349204063415527e-06
3.707595169544219971e-06
3.967434167861938477e-06
4.138797521591186523e-06
4.266388714313507080e-06
4.527159035205841064e-06
4.759989678859710693e-06
5.070120096206665039e-06
7.539056241512298584e-06
9.291805326938629150e-06
1.012440770864486694e-05
1.119077205657958984e-05
1.213420182466506958e-05
1.276191323995590210e-05
1.353770494461059570e-05
1.452025026082992554e-05
1.567136496305465698e-05
1.673214137554168701e-05
1.781620085239410400e-05
1.892540603876113892e-05
2.008862793445587158e-05
2.138782292604446411e-05
2.288073301315307617e-05
2.415385097265243530e-05
2.537015825510025024e-05
2.658087760210037231e-05
2.763327211141586304e-05
2.880115061998367310e-05
3.017019480466842651e-05
3.156717866659164429e-05
3.282539546489715576e-05
3.476161509752273560e-05
3.790296614170074463e-05
4.116632044315338135e-05
4.454609006643295288e-05
4.878453910350799561e-05
5.406234413385391235e-05
5.414523184299468994e-05
5.139876157045364380e-05
4.977360367774963379e-05
4.868488758802413940e-05
4.787929356098175049e-05
4.723295569419860840e-05
4.664156585931777954e-05
4.617031663656234741e-05
4.573259502649307251e-05
4.530698060989379883e-05
4.494749009609222412e-05
4.466995596885681152e-05
4.433654248714447021e-05
4.406832158565521240e-05
4.379637539386749268e-05
4.358310252428054810e-05
4.334002733230590820e-05
4.315655678510665894e-05
4.299730062484741211e-05
4.284363240003585815e-05
4.278868436813354492e-05
4.357192665338516235e-05
4.736613482236862183e-05
5.054567009210586548e-05
5.399901419878005981e-05
5.730800330638885498e-05
5.932804197072982788e-05
6.142631173133850098e-05
6.389431655406951904e-05
6.712134927511215210e-05
7.100775837898254395e-05
7.537379860877990723e-05
8.052960038185119629e-05
8.610822260379791260e-05
9.257253259420394897e-05
9.955838322639465332e-05
1.094397157430648804e-04
1.206584274768829346e-04
1.345695927739143372e-04
1.500779762864112854e-04
1.670010387897491455e-04
1.854347065091133118e-04
2.052038908004760742e-04
2.272138372063636780e-04
2.501020208001136780e-04
2.733301371335983276e-04
2.972288057208061218e-04
3.218883648514747620e-04
3.496622666716575623e-04
3.787335008382797241e-04
4.100101068615913391e-04
4.429072141647338867e-04
4.779044538736343384e-04
5.156304687261581421e-04
5.561718717217445374e-04
5.983654409646987915e-04
6.416691467165946960e-04
6.865411996841430664e-04
7.319077849388122559e-04
7.793325930833816528e-04
8.263634517788887024e-04
8.748229593038558960e-04
9.231558069586753845e-04
9.734891355037689209e-04
1.023589633405208588e-03
1.072349026799201965e-03
1.120144501328468323e-03
1.165433786809444427e-03
1.207828521728515625e-03
1.248636282980442047e-03
1.286922954022884369e-03
1.323487609624862671e-03
1.359070651233196259e-03
1.392066478729248047e-03
1.423329114913940430e-03
1.453699544072151184e-03
1.482422463595867157e-03
1.510150730609893799e-03
1.535659655928611755e-03
1.560257747769355774e-03
1.581346616148948669e-03
1.601802185177803040e-03
1.620277762413024902e-03
1.637750305235385895e-03
1.655217260122299194e-03
1.670571975409984589e-03
1.685944385826587677e-03
1.701002940535545349e-03
1.714377664029598236e-03
1.726392656564712524e-03
1.739013008773326874e-03
1.749248243868350983e-03
1.758050173521041870e-03
1.764676533639431000e-03
1.769069582223892212e-03
1.774001866579055786e-03
1.778083853423595428e-03
1.780696213245391846e-03
1.781312748789787292e-03
1.781442202627658844e-03
1.782150939106941223e-03
1.781011000275611877e-03
1.779792830348014832e-03
1.778646372258663177e-03
1.777636818587779999e-03
1.776758581399917603e-03
1.775899901986122131e-03
1.775080338120460510e-03
1.774314790964126587e-03
1.773529686033725739e-03
1.772837713360786438e-03
1.772182062268257141e-03
1.771506853401660919e-03
1.770884729921817780e-03
1.770310103893280029e-03
1.769757829606533051e-03
1.769222319126129150e-03
1.768690533936023712e-03
1.768164336681365967e-03
1.767673529684543610e-03
1.767195761203765869e-03
1.766708679497241974e-03
1.766262575984001160e-03
1.765716820955276489e-03
1.763592474162578583e-03
1.758877187967300415e-03
1.753089018166065216e-03
1.745069399476051331e-03
1.733711920678615570e-03
1.720891334116458893e-03
1.708346419036388397e-03
1.695985905826091766e-03
1.682505942881107330e-03
1.669667661190032959e-03
1.658646389842033386e-03
1.646834425628185272e-03
1.635004766285419464e-03
1.624104566872119904e-03
1.612910069525241852e-03
1.601044088602066040e-03
1.589910127222537994e-03
1.578880473971366882e-03
1.566886901855468750e-03
1.555632799863815308e-03
1.544885337352752686e-03
1.533000729978084564e-03
1.521625556051731110e-03
1.510816626250743866e-03
1.499375328421592712e-03
1.488400623202323914e-03
1.477969810366630554e-03
1.466873101890087128e-03
1.455474644899368286e-03
1.444864086806774139e-03
1.433330588042736053e-03
1.421742141246795654e-03
1.411272212862968445e-03
1.400251872837543488e-03
1.388722099363803864e-03
1.378167420625686646e-03
1.367184333503246307e-03
1.355825923383235931e-03
1.345830038189888000e-03
1.335619948804378510e-03
1.324607990682125092e-03
1.314272172749042511e-03
1.303804107010364532e-03
1.292407512664794922e-03
1.282311044633388519e-03
1.272151246666908264e-03
1.261133700609207153e-03
1.250990666449069977e-03
1.241176389157772064e-03
1.230219379067420959e-03
1.220388337969779968e-03
1.210830174386501312e-03
1.199987716972827911e-03
1.189728267490863800e-03
1.180216670036315918e-03
1.169632188975811005e-03
1.159231178462505341e-03
1.149763353168964386e-03
1.139393076300621033e-03
1.129122450947761536e-03
1.119864173233509064e-03
1.109946519136428833e-03
1.099528744816780090e-03
1.090551726520061493e-03
1.081055961549282074e-03
1.070941798388957977e-03
1.061809249222278595e-03
1.052675768733024597e-03
1.042450778186321259e-03
1.033367589116096497e-03
1.024907454848289490e-03
1.015159301459789276e-03
1.005566678941249847e-03
9.965943172574043274e-04
9.871022775769233704e-04
9.770095348358154297e-04
9.687077254056930542e-04
9.601535275578498840e-04
9.509520605206489563e-04
9.425608441233634949e-04
9.343903511762619019e-04
9.247707203030586243e-04
9.152032434940338135e-04
9.068511426448822021e-04
8.978256955742835999e-04
8.886279538273811340e-04
8.804174140095710754e-04
8.714301511645317078e-04
8.615273982286453247e-04
8.528837934136390686e-04
8.444515988230705261e-04
8.354159072041511536e-04
8.273050189018249512e-04
8.193468675017356873e-04
8.103074505925178528e-04
8.012987673282623291e-04
7.937764748930931091e-04
7.857466116547584534e-04
7.768748328089714050e-04
7.687229663133621216e-04
7.604211568832397461e-04
7.513938471674919128e-04
7.432280108332633972e-04
7.359413430094718933e-04
7.275538519024848938e-04
7.191151380538940430e-04
7.115239277482032776e-04
7.033525034785270691e-04
6.945403292775154114e-04
6.874548271298408508e-04
6.815753877162933350e-04
6.755748763680458069e-04
6.642127409577369690e-04
6.577707827091217041e-04
6.497930735349655151e-04
6.417753174901008606e-04
6.349412724375724792e-04
6.274478510022163391e-04
6.191600114107131958e-04
6.117597222328186035e-04
6.050718948245048523e-04
5.977312102913856506e-04
5.897795781493186951e-04
5.852291360497474670e-04
5.808006972074508667e-04
5.726609379053115845e-04
5.662143230438232422e-04
5.591958761215209961e-04
5.514565855264663696e-04
5.441503599286079407e-04
5.372213199734687805e-04
5.295006558299064636e-04
5.221366882324218750e-04
5.156500265002250671e-04
5.090180784463882446e-04
5.019316449761390686e-04
4.953593015670776367e-04
4.890710115432739258e-04
4.818895831704139709e-04
4.748003557324409485e-04
4.687188193202018738e-04
4.622861742973327637e-04
4.551587626338005066e-04
4.484355449676513672e-04
4.424806684255599976e-04
4.356382414698600769e-04
4.290575161576271057e-04
4.236381500959396362e-04
4.177307710051536560e-04
4.116119816899299622e-04
4.058033227920532227e-04
4.004975780844688416e-04
3.951545804738998413e-04
3.890804946422576904e-04
3.839228302240371704e-04
3.789067268371582031e-04
3.733364865183830261e-04
3.677522763609886169e-04
3.625527024269104004e-04
3.580013290047645569e-04
3.524878993630409241e-04
3.473777323961257935e-04
3.431783989071846008e-04
3.391122445464134216e-04
3.342395648360252380e-04
3.292961046099662781e-04
3.251973539590835571e-04
3.212718293070793152e-04
3.164624795317649841e-04
3.119297325611114502e-04
3.080777823925018311e-04
3.046998754143714905e-04
3.005713224411010742e-04
2.962695434689521790e-04
2.927482128143310547e-04
2.891980111598968506e-04
2.851979807019233704e-04
2.802684903144836426e-04
2.764463424682617188e-04
2.730321139097213745e-04
2.691699191927909851e-04
2.650637179613113403e-04
2.609444782137870789e-04
2.578096464276313782e-04
2.545500174164772034e-04
2.504810690879821777e-04
2.466421574354171753e-04
2.435827627778053284e-04
2.403547987341880798e-04
2.366909757256507874e-04
2.329526469111442566e-04
2.291109412908554077e-04
2.259742468595504761e-04
2.230405807495117188e-04
2.196067944169044495e-04
2.154214307665824890e-04
2.121217548847198486e-04
2.092747017741203308e-04
2.059340476989746094e-04
2.019768580794334412e-04
1.983614638447761536e-04
1.952191814780235291e-04
1.923898234963417053e-04
1.894412562251091003e-04
1.863595098257064819e-04
1.832498237490653992e-04
1.806095242500305176e-04
1.777438446879386902e-04
1.745792105793952942e-04
1.710522919893264771e-04
1.673717051744461060e-04
1.643449068069458008e-04
1.614699140191078186e-04
1.583443954586982727e-04
1.547159627079963684e-04
1.514572650194168091e-04
1.487703993916511536e-04
1.459661871194839478e-04
1.426078379154205322e-04
1.388322561979293823e-04
1.359917223453521729e-04
1.335684210062026978e-04
1.308275386691093445e-04
1.276219263672828674e-04
1.243678852915763855e-04
1.218458637595176697e-04
1.196647062897682190e-04
1.173205673694610596e-04
1.146877184510231018e-04
1.115370541810989380e-04
1.087430864572525024e-04
1.065852120518684387e-04
1.044794917106628418e-04
1.020794734358787537e-04
9.938422590494155884e-05
9.676907211542129517e-05
9.464565664529800415e-05
9.247940033674240112e-05
9.008869528770446777e-05
8.759368211030960083e-05
8.544046431779861450e-05
8.386466652154922485e-05
8.227117359638214111e-05
8.026883006095886230e-05
7.812585681676864624e-05
7.624644786119461060e-05
7.464736700057983398e-05
7.303990423679351807e-05
7.118936628103256226e-05
6.896723061800003052e-05
6.706360727548599243e-05
6.554089486598968506e-05
6.404146552085876465e-05
6.236601620912551880e-05
6.065703928470611572e-05
5.919858813285827637e-05
5.806237459182739258e-05
5.696248263120651245e-05
5.571916699409484863e-05
5.444325506687164307e-05
5.357433110475540161e-05
5.295407027006149292e-05
5.241669714450836182e-05
5.181133747100830078e-05
5.128327757120132446e-05
5.082134157419204712e-05
5.056429654359817505e-05
5.041807889938354492e-05
5.028303712606430054e-05
5.008000880479812622e-05
4.994496703147888184e-05
4.983600229024887085e-05
4.974473267793655396e-05
4.966743290424346924e-05
4.954636096954345703e-05
4.938710480928421021e-05
4.924740642309188843e-05
4.909746348857879639e-05
4.891213029623031616e-05
4.862155765295028687e-05
4.824064671993255615e-05
4.786998033523559570e-05
4.566460847854614258e-05
3.281328827142715454e-05
1.788418740034103394e-05
1.133792102336883545e-05
4.485249519348144531e-06
-2.589076757431030273e-07
-2.356246113777160645e-06
-4.262663424015045166e-06
-4.582107067108154297e-06
-4.571862518787384033e-06
-4.566274583339691162e-06
-4.609115421772003174e-06
-4.577450454235076904e-06
-4.591420292854309082e-06
-4.584901034832000732e-06
-4.595145583152770996e-06
-4.599802196025848389e-06
-4.569999873638153076e-06
-4.580244421958923340e-06
