-4.484318196773529053e-06
-4.490837454795837402e-06
-4.503875970840454102e-06
-4.487112164497375488e-06
-4.492700099945068359e-06
-4.478730261325836182e-06
-4.511326551437377930e-06
-4.487112164497375488e-06
-4.502944648265838623e-06
-4.505738615989685059e-06
-4.504807293415069580e-06
-4.501082003116607666e-06
-4.500150680541992188e-06
-4.514120519161224365e-06
-4.501082003116607666e-06
-4.496425390243530273e-06
-4.507601261138916016e-06
-4.460103809833526611e-06
-4.497356712818145752e-06
-4.497356712818145752e-06
-4.500150680541992188e-06
-4.502944648265838623e-06
-4.494562745094299316e-06
-4.496425390243530273e-06
-4.507601261138916016e-06
-4.488043487071990967e-06
-4.511326551437377930e-06
-4.516914486885070801e-06
-4.507601261138916016e-06
-4.486180841922760010e-06
-4.502013325691223145e-06
-4.486180841922760010e-06
-4.495494067668914795e-06
-4.503875970840454102e-06
-4.510395228862762451e-06
-4.545785486698150635e-06
-4.507601261138916016e-06
-4.498288035392761230e-06
-4.522502422332763672e-06
-4.489906132221221924e-06
-4.497356712818145752e-06
-4.509463906288146973e-06
-4.505738615989685059e-06
-4.488043487071990967e-06
-4.524365067481994629e-06
-4.521571099758148193e-06
-4.511326551437377930e-06
-4.505738615989685059e-06
-4.488974809646606445e-06
-4.488974809646606445e-06
-4.508532583713531494e-06
-4.488043487071990967e-06
-4.494562745094299316e-06
-4.502013325691223145e-06
-4.515051841735839844e-06
-4.472211003303527832e-06
-4.509463906288146973e-06
-4.497356712818145752e-06
-4.509463906288146973e-06
-4.491768777370452881e-06
-4.515051841735839844e-06
-4.475936293601989746e-06
-4.503875970840454102e-06
-4.543922841548919678e-06
-1.916661858558654785e-06
-1.427717506885528564e-06
9.220093488693237305e-07
2.419576048851013184e-06
3.539025783538818359e-06
8.096918463706970215e-06
1.328252255916595459e-05
1.826509833335876465e-05
2.233032137155532837e-05
2.740602940320968628e-05
3.050733357667922974e-05
3.038626164197921753e-05
3.000348806381225586e-05
2.975668758153915405e-05
2.957135438919067383e-05
2.942141145467758179e-05
2.937112003564834595e-05
2.930220216512680054e-05
2.922024577856063843e-05
2.913735806941986084e-05
2.911128103733062744e-05
2.906285226345062256e-05
2.904143184423446655e-05
2.899020910263061523e-05
2.895016223192214966e-05
2.902653068304061890e-05
2.905726432800292969e-05
2.910755574703216553e-05
2.915319055318832397e-05
2.919603139162063599e-05
2.922117710113525391e-05
2.939905971288681030e-05
3.220513463020324707e-05
3.377813845872879028e-05
3.565382212400436401e-05
3.776606172323226929e-05
4.003476351499557495e-05
4.247296601533889771e-05
4.575215280055999756e-05
4.955660551786422729e-05
5.539786070585250854e-05
6.294623017311096191e-05
7.197167724370956421e-05
8.145999163389205933e-05
9.171664714813232422e-05
1.053540036082267761e-04
1.237159594893455505e-04
1.453654840588569641e-04
1.692697405815124512e-04
1.935008913278579712e-04
2.177655696868896484e-04
2.440717071294784546e-04
2.719815820455551147e-04
2.992525696754455566e-04
3.268728032708168030e-04
3.532068803906440735e-04
3.795735538005828857e-04
4.047248512506484985e-04
4.295231774449348450e-04
4.540951922535896301e-04
4.795007407665252686e-04
5.048643797636032104e-04
5.308343097567558289e-04
5.571646615862846375e-04
5.836663767695426941e-04
6.103646010160446167e-04
6.366660818457603455e-04
6.630485877394676208e-04
6.895093247294425964e-04
7.158303633332252502e-04
7.422678172588348389e-04
7.684137672185897827e-04
7.948465645313262939e-04
8.204989135265350342e-04
8.463645353913307190e-04
8.724723011255264282e-04
8.977102115750312805e-04
9.227059781551361084e-04
9.472277015447616577e-04
9.717019274830818176e-04
9.957961738109588623e-04
1.019674353301525116e-03
1.042837277054786682e-03
1.065044663846492767e-03
1.087582670152187347e-03
1.109930686652660370e-03
1.132716424763202667e-03
1.155212521553039551e-03
1.176832243800163269e-03
1.198401674628257751e-03
1.220074482262134552e-03
1.241391524672508240e-03
1.263211481273174286e-03
1.284731552004814148e-03
1.305432058870792389e-03
1.326564699411392212e-03
1.347123645246028900e-03
1.367211341857910156e-03
1.387444324791431427e-03
1.407988369464874268e-03
1.427771523594856262e-03
1.447660848498344421e-03
1.468226313591003418e-03
1.487560570240020752e-03
1.506547443568706512e-03
1.526650041341781616e-03
1.545751467347145081e-03
1.563979312777519226e-03
1.583179458975791931e-03
1.601559109985828400e-03
1.619592308998107910e-03
1.637584529817104340e-03
1.656026579439640045e-03
1.673687249422073364e-03
1.690716482698917389e-03
1.708524301648139954e-03
1.725850626826286316e-03
1.742647960782051086e-03
1.759650185704231262e-03
1.777429133653640747e-03
1.793537288904190063e-03
1.809362322092056274e-03
1.825180836021900177e-03
1.842277124524116516e-03
1.858346164226531982e-03
1.874195411801338196e-03
1.889909617602825165e-03
1.906650140881538391e-03
1.922542229294776917e-03
1.938478089869022369e-03
1.953862607479095459e-03
1.969540491700172424e-03
1.984266564249992371e-03
1.998957246541976929e-03
2.012811601161956787e-03
2.027843147516250610e-03
2.042229287326335907e-03
2.056650817394256592e-03
2.070434391498565674e-03
2.084662206470966339e-03
2.099672332406044006e-03
2.113346941769123077e-03
2.127462998032569885e-03
2.140979282557964325e-03
2.155017107725143433e-03
2.168534323573112488e-03
2.181734889745712280e-03
2.194792032241821289e-03
2.207513898611068726e-03
2.220851369202136993e-03
2.233370207250118256e-03
2.245546318590641022e-03
2.257829532027244568e-03
2.269342541694641113e-03
2.281925641000270844e-03
2.294304780662059784e-03
2.306682989001274109e-03
2.319165505468845367e-03
2.330292947590351105e-03
2.342938445508480072e-03
2.356669865548610687e-03
2.368753775954246521e-03
2.381014637649059296e-03
2.393069677054882050e-03
2.404310740530490875e-03
2.415451221168041229e-03
2.424364909529685974e-03
2.431214787065982819e-03
2.436562441289424896e-03
2.441381104290485382e-03
2.445356920361518860e-03
2.447037026286125183e-03
2.449007704854011536e-03
2.447990700602531433e-03
2.446851693093776703e-03
2.445773221552371979e-03
2.444788813591003418e-03
2.443887293338775635e-03
2.443024888634681702e-03
2.442222088575363159e-03
2.441447228193283081e-03
2.440729178488254547e-03
2.440042793750762939e-03
2.439414151012897491e-03
2.438806928694248199e-03
2.438212744891643524e-03
2.437646500766277313e-03
2.437138929963111877e-03
2.436607144773006439e-03
2.436119131743907928e-03
2.435654401779174805e-03
2.435180358588695526e-03
2.434745430946350098e-03
2.434287220239639282e-03
2.433875575661659241e-03
2.433475106954574585e-03
2.433087676763534546e-03
2.432662062346935272e-03
2.432271838188171387e-03
2.431955188512802124e-03
2.431572414934635162e-03
2.431227825582027435e-03
2.430895343422889709e-03
2.430550754070281982e-03
2.430201508104801178e-03
2.429920248687267303e-03
2.429577521979808807e-03
2.429123967885971069e-03
2.428808249533176422e-03
2.428482286632061005e-03
2.428169362246990204e-03
2.427798695862293243e-03
2.427509985864162445e-03
2.427155151963233948e-03
2.426799386739730835e-03
2.426471561193466187e-03
2.426115795969963074e-03
2.425808459520339966e-03
2.425441518425941467e-03
2.425122074782848358e-03
2.424791455268859863e-03
2.424483187496662140e-03
2.424130216240882874e-03
2.423821948468685150e-03
2.423467114567756653e-03
2.423072233796119690e-03
2.421354874968528748e-03
2.415073104202747345e-03
2.405790612101554871e-03
2.392466180026531219e-03
2.375244162976741791e-03
2.357132732868194580e-03
2.336049452424049377e-03
2.313838340342044830e-03
2.290340140461921692e-03
2.265023998916149139e-03
2.236359752714633942e-03
2.207233570516109467e-03
2.176295034587383270e-03
2.142800018191337585e-03
2.107638865709304810e-03
2.071047201752662659e-03
2.033015713095664978e-03
1.994041725993156433e-03
1.952307298779487610e-03
1.909406855702400208e-03
1.864858902990818024e-03
1.819746568799018860e-03
1.773564144968986511e-03
1.725389622151851654e-03
1.676402986049652100e-03
1.625965349376201630e-03
1.574778929352760315e-03
1.522725448012351990e-03
1.469584181904792786e-03
1.415231265127658844e-03
1.362316310405731201e-03
1.310651190578937531e-03
1.259561628103256226e-03
1.209807582199573517e-03
1.161225140094757080e-03
1.113213598728179932e-03
1.067567616701126099e-03
1.025796867907047272e-03
9.812535718083381653e-04
9.359307587146759033e-04
8.918726816773414612e-04
8.488101884722709656e-04
8.071446791291236877e-04
7.661506533622741699e-04
7.262099534273147583e-04
6.872899830341339111e-04
6.490023806691169739e-04
6.123632192611694336e-04
5.760947242379188538e-04
5.392264574766159058e-04
5.028275772929191589e-04
4.671178758144378662e-04
4.315562546253204346e-04
3.979885950684547424e-04
3.665843978524208069e-04
3.356290981173515320e-04
3.045750781893730164e-04
2.747522667050361633e-04
2.457862719893455505e-04
2.177236601710319519e-04
1.895353198051452637e-04
1.623192802071571350e-04
1.367982476949691772e-04
1.105070114135742188e-04
8.705817162990570068e-05
6.455741822719573975e-05
4.783738404512405396e-05
3.481097519397735596e-05
2.317409962415695190e-05
1.828651875257492065e-05
1.326296478509902954e-05
7.490627467632293701e-06
4.683621227741241455e-06
4.355795681476593018e-06
1.137144863605499268e-06
-4.209578037261962891e-07
-2.504326403141021729e-06
-3.430061042308807373e-06
-4.538334906101226807e-06
-4.514120519161224365e-06
-4.519708454608917236e-06
-4.531815648078918457e-06
-4.513189196586608887e-06
-4.506669938564300537e-06
-4.520639777183532715e-06
-4.482455551624298096e-06
-4.520639777183532715e-06
-4.498288035392761230e-06
-4.517845809459686279e-06
-4.589557647705078125e-06
-4.503875970840454102e-06
