-8.297152817249298096e-06
-8.309260010719299316e-06
-8.291564881801605225e-06
-8.315779268741607666e-06
-8.294358849525451660e-06
-8.304603397846221924e-06
-8.284114301204681396e-06
-8.312985301017761230e-06
-8.309260010719299316e-06
-8.300878107547760010e-06
-8.314847946166992188e-06
-8.310191333293914795e-06
-8.323229849338531494e-06
-8.287839591503143311e-06
-8.290633559226989746e-06
-8.300878107547760010e-06
-8.295290172100067139e-06
-8.309260010719299316e-06
-8.302740752696990967e-06
-8.300878107547760010e-06
-8.317641913890838623e-06
-8.296221494674682617e-06
-8.315779268741607666e-06
-8.301809430122375488e-06
-8.303672075271606445e-06
-8.288770914077758789e-06
-8.306466042995452881e-06
-8.304603397846221924e-06
-8.319504559040069580e-06
-8.275732398033142090e-06
-8.283182978630065918e-06
-8.279457688331604004e-06
-8.293427526950836182e-06
-8.305534720420837402e-06
-8.308328688144683838e-06
-8.308328688144683838e-06
-8.269213140010833740e-06
-8.307397365570068359e-06
-8.302740752696990967e-06
-8.283182978630065918e-06
-8.296221494674682617e-06
-8.327886462211608887e-06
-8.314847946166992188e-06
-8.317641913890838623e-06
-8.291564881801605225e-06
-8.318573236465454102e-06
-8.300878107547760010e-06
-8.304603397846221924e-06
-8.292496204376220703e-06
-8.308328688144683838e-06
-8.300878107547760010e-06
-8.285976946353912354e-06
-8.303672075271606445e-06
-8.299015462398529053e-06
-8.307397365570068359e-06
-8.284114301204681396e-06
-8.322298526763916016e-06
-8.289702236652374268e-06
-8.283182978630065918e-06
-8.284114301204681396e-06
-8.274801075458526611e-06
-8.311122655868530273e-06
-8.290633559226989746e-06
-8.274801075458526611e-06
-8.285045623779296875e-06
-6.157904863357543945e-06
-5.815178155899047852e-06
-3.129243850708007812e-06
-2.887099981307983398e-06
-3.650784492492675781e-07
3.513880074024200439e-06
7.289461791515350342e-06
1.086294651031494141e-05
1.409649848937988281e-05
1.775939017534255981e-05
1.843180507421493530e-05
1.813285052776336670e-05
1.792330294847488403e-05
1.779850572347640991e-05
1.764297485351562500e-05
1.757405698299407959e-05
1.751445233821868896e-05
1.745484769344329834e-05
1.740455627441406250e-05
1.734681427478790283e-05
1.733005046844482422e-05
1.729372888803482056e-05
1.726578921079635620e-05
1.726858317852020264e-05
1.724436879158020020e-05
1.729838550090789795e-05
1.731514930725097656e-05
1.736171543598175049e-05
1.740083098411560059e-05
1.742411404848098755e-05
1.748558133840560913e-05
1.832004636526107788e-05
2.035219222307205200e-05
2.162251621484756470e-05
2.310331910848617554e-05
2.483651041984558105e-05
2.651195973157882690e-05
2.876017242670059204e-05
3.138557076454162598e-05
3.510247915983200073e-05
4.003569483757019043e-05
4.655495285987854004e-05
5.370657891035079956e-05
6.116367876529693604e-05
6.938818842172622681e-05
8.215196430683135986e-05
9.737350046634674072e-05
1.151291653513908386e-04
1.335740089416503906e-04
1.520123332738876343e-04
1.711780205368995667e-04
1.921411603689193726e-04
2.131769433617591858e-04
2.342695370316505432e-04
2.548508346080780029e-04
2.750195562839508057e-04
2.947449684143066406e-04
3.137504681944847107e-04
3.325305879116058350e-04
3.515733405947685242e-04
3.709848970174789429e-04
3.904653713107109070e-04
4.105018451809883118e-04
4.308382049202919006e-04
4.512043669819831848e-04
4.715211689472198486e-04
4.916591569781303406e-04
5.119154229760169983e-04
5.319314077496528625e-04
5.521168932318687439e-04
5.720918998122215271e-04
5.923127755522727966e-04
6.124367937445640564e-04
6.320392712950706482e-04
6.519081071019172668e-04
6.714425981044769287e-04
6.906362250447273254e-04
7.096538320183753967e-04
7.284609600901603699e-04
7.470156997442245483e-04
7.652016356587409973e-04
7.832637056708335876e-04
8.005518466234207153e-04
8.177179843187332153e-04
8.347164839506149292e-04
8.520893752574920654e-04
8.695730939507484436e-04
8.862437680363655090e-04
9.025428444147109985e-04
9.193299338221549988e-04
9.356178343296051025e-04
9.519271552562713623e-04
9.688809514045715332e-04
9.848028421401977539e-04
1.000527292490005493e-03
1.016942784190177917e-03
1.032219268381595612e-03
1.047387719154357910e-03
1.063379459083080292e-03
1.078600063920021057e-03
1.093498431146144867e-03
1.109370030462741852e-03
1.124453730881214142e-03
1.138904131948947906e-03
1.154046505689620972e-03
1.168956980109214783e-03
1.183266751468181610e-03
1.197353005409240723e-03
1.211934722959995270e-03
1.225882209837436676e-03
1.239408738911151886e-03
1.253576949238777161e-03
1.267237588763237000e-03
1.280577853322029114e-03
1.293635927140712738e-03
1.307334750890731812e-03
1.320327632129192352e-03
1.332984305918216705e-03
1.346518285572528839e-03
1.359467394649982452e-03
1.371690072119235992e-03
1.383492723107337952e-03
1.396303065121173859e-03
1.408922486007213593e-03
1.421219669282436371e-03
1.433002762496471405e-03
1.445630565285682678e-03
1.458044163882732391e-03
1.470305025577545166e-03
1.482139341533184052e-03
1.494169235229492188e-03
1.505730673670768738e-03
1.517072319984436035e-03
1.527837477624416351e-03
1.538822427392005920e-03
1.550320535898208618e-03
1.561106182634830475e-03
1.572084613144397736e-03
1.582434400916099548e-03
1.593917608261108398e-03
1.604776829481124878e-03
1.615433953702449799e-03
1.626074314117431641e-03
1.636393368244171143e-03
1.647183671593666077e-03
1.657145097851753235e-03
1.667324453592300415e-03
1.677004620432853699e-03
1.687023788690567017e-03
1.697123050689697266e-03
1.706237904727458954e-03
1.715701073408126831e-03
1.724812202155590057e-03
1.733958721160888672e-03
1.743612810969352722e-03
1.752811484038829803e-03
1.762584783136844635e-03
1.771568320691585541e-03
1.780289225280284882e-03
1.790634356439113617e-03
1.800597645342350006e-03
1.809774897992610931e-03
1.819146797060966492e-03
1.827975735068321228e-03
1.836707815527915955e-03
1.844556070864200592e-03
1.850230619311332703e-03
1.854625530540943146e-03
1.858771778643131256e-03
1.861757598817348480e-03
1.864023506641387939e-03
1.866193488240242004e-03
1.865990459918975830e-03
1.865073107182979584e-03
1.864176243543624878e-03
1.863381825387477875e-03
1.862633042037487030e-03
1.861939206719398499e-03
1.861278899013996124e-03
1.860648393630981445e-03
1.860088668763637543e-03
1.859553158283233643e-03
1.859009265899658203e-03
1.858534291386604309e-03
1.858039759099483490e-03
1.857616007328033447e-03
1.857201568782329559e-03
1.856762915849685669e-03
1.856374554336071014e-03
1.855980604887008667e-03
1.855612732470035553e-03
1.855268143117427826e-03
1.854931004345417023e-03
1.854584552347660065e-03
1.854281872510910034e-03
1.853972673416137695e-03
1.853642053902149200e-03
1.853354275226593018e-03
1.853050664067268372e-03
1.852782443165779114e-03
1.852487213909626007e-03
1.852200366556644440e-03
1.851972192525863647e-03
1.851718872785568237e-03
1.851463690400123596e-03
1.851207576692104340e-03
1.850924454629421234e-03
1.850628294050693512e-03
1.850342378020286560e-03
1.850101165473461151e-03
1.849869266152381897e-03
1.849590800702571869e-03
1.849337480962276459e-03
1.849060878157615662e-03
1.848801970481872559e-03
1.848541200160980225e-03
1.848264597356319427e-03
1.848003827035427094e-03
1.847764477133750916e-03
1.847530715167522430e-03
1.847269944846630096e-03
1.847008243203163147e-03
1.846757717430591583e-03
1.846479251980781555e-03
1.846208237111568451e-03
1.845750957727432251e-03
1.842236146330833435e-03
1.836727373301982880e-03
1.828161999583244324e-03
1.816052012145519257e-03
1.802512444555759430e-03
1.787682995200157166e-03
1.770653761923313141e-03
1.753487624228000641e-03
1.734517514705657959e-03
1.714112237095832825e-03
1.691642217338085175e-03
1.668530516326427460e-03
1.644278876483440399e-03
1.617766916751861572e-03
1.590033061802387238e-03
1.561082899570465088e-03
1.531968824565410614e-03
1.500786282122135162e-03
1.468364149332046509e-03
1.434731297194957733e-03
1.400474458932876587e-03
1.365263015031814575e-03
1.329590566456317902e-03
1.292167231440544128e-03
1.254050061106681824e-03
1.215107738971710205e-03
1.175707206130027771e-03
1.135143451392650604e-03
1.094390638172626495e-03
1.052925363183021545e-03
1.013072207570075989e-03
9.736204519867897034e-04
9.353142231702804565e-04
8.977064862847328186e-04
8.605532348155975342e-04
8.248342201113700867e-04
7.896013557910919189e-04
7.594116032123565674e-04
7.241703569889068604e-04
6.906855851411819458e-04
6.567360833287239075e-04
6.244666874408721924e-04
5.931947380304336548e-04
5.623083561658859253e-04
5.319267511367797852e-04
5.027037113904953003e-04
4.746019840240478516e-04
4.466911777853965759e-04
4.186127334833145142e-04
3.913957625627517700e-04
3.636814653873443604e-04
3.364458680152893066e-04
3.099804744124412537e-04
2.862904220819473267e-04
2.618655562400817871e-04
2.381606027483940125e-04
2.154652029275894165e-04
1.929514110088348389e-04
1.710299402475357056e-04
1.498926430940628052e-04
1.291623339056968689e-04
1.084692776203155518e-04
8.905399590730667114e-05
6.963964551687240601e-05
5.267001688480377197e-05
3.713276237249374390e-05
2.611707895994186401e-05
1.669954508543014526e-05
1.091510057449340820e-05
6.549991667270660400e-06
3.273598849773406982e-06
-2.682209014892578125e-07
-1.635402441024780273e-06
-2.514570951461791992e-06
-4.614703357219696045e-06
-6.071291863918304443e-06
-7.203780114650726318e-06
-8.339062333106994629e-06
-8.309260010719299316e-06
-8.352100849151611328e-06
-8.325092494487762451e-06
-8.319504559040069580e-06
-8.309260010719299316e-06
-8.309260010719299316e-06
-8.339993655681610107e-06
-8.322298526763916016e-06
-8.341856300830841064e-06
-8.314847946166992188e-06
-8.331611752510070801e-06
-8.336268365383148193e-06
