-8.250586688518524170e-06
-8.275732398033142090e-06
-8.251518011093139648e-06
-8.252449333667755127e-06
-8.244998753070831299e-06
-8.263625204563140869e-06
-8.255243301391601562e-06
-8.263625204563140869e-06
-8.246861398220062256e-06
-8.250586688518524170e-06
-8.264556527137756348e-06
-8.266419172286987305e-06
-8.224509656429290771e-06
-8.260831236839294434e-06
-8.252449333667755127e-06
-8.248724043369293213e-06
-8.242204785346984863e-06
-8.268281817436218262e-06
-8.252449333667755127e-06
-8.252449333667755127e-06
-8.237548172473907471e-06
-8.244067430496215820e-06
-8.240342140197753906e-06
-8.252449333667755127e-06
-8.277595043182373047e-06
-8.233822882175445557e-06
-8.241273462772369385e-06
-8.256174623966217041e-06
-8.263625204563140869e-06
-8.244998753070831299e-06
-8.243136107921600342e-06
-8.229166269302368164e-06
-8.243136107921600342e-06
-8.271075785160064697e-06
-8.249655365943908691e-06
-8.245930075645446777e-06
-8.269213140010833740e-06
-8.269213140010833740e-06
-8.218921720981597900e-06
-8.238479495048522949e-06
-8.268281817436218262e-06
-8.256174623966217041e-06
-8.251518011093139648e-06
-8.250586688518524170e-06
-8.253380656242370605e-06
-8.257105946540832520e-06
-8.242204785346984863e-06
-8.256174623966217041e-06
-8.247792720794677734e-06
-8.246861398220062256e-06
-8.258968591690063477e-06
-8.266419172286987305e-06
-8.244067430496215820e-06
-8.254311978816986084e-06
-8.243136107921600342e-06
-8.268281817436218262e-06
-8.261762559413909912e-06
-8.272938430309295654e-06
-8.259899914264678955e-06
-8.258037269115447998e-06
-8.266419172286987305e-06
-8.243136107921600342e-06
-8.239410817623138428e-06
-8.281320333480834961e-06
-8.281320333480834961e-06
-8.282251656055450439e-06
-8.254311978816986084e-06
-8.285045623779296875e-06
-8.242204785346984863e-06
-8.282251656055450439e-06
-8.263625204563140869e-06
-8.264556527137756348e-06
-8.258037269115447998e-06
-8.245930075645446777e-06
-8.246861398220062256e-06
-6.057322025299072266e-06
-4.039146006107330322e-06
-3.067776560783386230e-06
-2.800486981868743896e-06
-1.576729118824005127e-06
1.712702214717864990e-06
4.135072231292724609e-06
8.934177458286285400e-06
1.283176243305206299e-05
1.640617847442626953e-05
1.879967749118804932e-05
1.878477632999420166e-05
1.804903149604797363e-05
1.782365143299102783e-05
1.765321940183639526e-05
1.753866672515869141e-05
1.745764166116714478e-05
1.737568527460098267e-05
1.729559153318405151e-05
1.726299524307250977e-05
1.721363514661788940e-05
1.717451959848403931e-05
1.712236553430557251e-05
1.708976924419403076e-05
1.704972237348556519e-05
1.700501888990402222e-05
1.701712608337402344e-05
1.702923327684402466e-05
1.708324998617172241e-05
1.706648617982864380e-05
1.710001379251480103e-05
1.711305230855941772e-05
1.715496182441711426e-05
1.723691821098327637e-05
1.858174800872802734e-05
2.148095518350601196e-05
2.302788197994232178e-05
2.522300928831100464e-05
2.788659185171127319e-05
3.112200647592544556e-05
3.492087125778198242e-05
3.994256258010864258e-05
4.605669528245925903e-05
5.230866372585296631e-05
5.947612226009368896e-05
6.727594882249832153e-05
7.578637450933456421e-05
8.871220052242279053e-05
1.057395711541175842e-04
1.246416941285133362e-04
1.448234543204307556e-04
1.656655222177505493e-04
1.868465915322303772e-04
2.079932019114494324e-04
2.295076847076416016e-04
2.509243786334991455e-04
2.721101045608520508e-04
2.929549664258956909e-04
3.134524449706077576e-04
3.326861187815666199e-04
3.515789285302162170e-04
3.719870001077651978e-04
3.934940323233604431e-04
4.149889573454856873e-04
4.357127472758293152e-04
4.557985812425613403e-04
4.752399399876594543e-04
4.949644207954406738e-04
5.146376788616180420e-04
5.331197753548622131e-04
5.515990778803825378e-04
5.700048059225082397e-04
5.876393988728523254e-04
6.053587421774864197e-04
6.224429234862327576e-04
6.373133510351181030e-04
6.524687632918357849e-04
6.677182391285896301e-04
6.819898262619972229e-04
6.964467465877532959e-04
7.105013355612754822e-04
7.243799045681953430e-04
7.384205237030982971e-04
7.519237697124481201e-04
7.654596120119094849e-04
7.781544700264930725e-04
7.911194115877151489e-04
8.036848157644271851e-04
8.157175034284591675e-04
8.280416950583457947e-04
8.403379470109939575e-04
8.530206978321075439e-04
8.645504713058471680e-04
8.764378726482391357e-04
8.882693946361541748e-04
8.993223309516906738e-04
9.100930765271186829e-04
9.215082973241806030e-04
9.331228211522102356e-04
9.437398985028266907e-04
9.545683860778808594e-04
9.651696309447288513e-04
9.760502725839614868e-04
9.863479062914848328e-04
9.969873353838920593e-04
1.007264479994773865e-03
1.017852686345577240e-03
1.027956604957580566e-03
1.038290560245513916e-03
1.048375852406024933e-03
1.058571040630340576e-03
1.068758778274059296e-03
1.078637316823005676e-03
1.088061369955539703e-03
1.097161322832107544e-03
1.106709241867065430e-03
1.116858795285224915e-03
1.126957125961780548e-03
1.136602833867073059e-03
1.146624796092510223e-03
1.156191341578960419e-03
1.165675930678844452e-03
1.174314878880977631e-03
1.183210872113704681e-03
1.192248426377773285e-03
1.201378181576728821e-03
1.210122369229793549e-03
1.218973658978939056e-03
1.228348352015018463e-03
1.236898824572563171e-03
1.244607381522655487e-03
1.250527799129486084e-03
1.256117597222328186e-03
1.261035911738872528e-03
1.264512538909912109e-03
1.267354935407638550e-03
1.270324923098087311e-03
1.272385939955711365e-03
1.273728907108306885e-03
1.274368725717067719e-03
1.274523325264453888e-03
1.273723319172859192e-03
1.272969879209995270e-03
1.272277906537055969e-03
1.271729357540607452e-03
1.271154731512069702e-03
1.270622946321964264e-03
1.270189881324768066e-03
1.269713044166564941e-03
1.269300468266010284e-03
1.268913969397544861e-03
1.268554478883743286e-03
1.268185675144195557e-03
1.267829909920692444e-03
1.267538405954837799e-03
1.267212443053722382e-03
1.266898587346076965e-03
1.266670413315296173e-03
1.266360282897949219e-03
1.266120932996273041e-03
1.265862956643104553e-03
1.265620812773704529e-03
1.265414990484714508e-03
1.265163533389568329e-03
1.264950260519981384e-03
1.264738850295543671e-03
1.264549791812896729e-03
1.264367252588272095e-03
1.264145597815513611e-03
1.263953745365142822e-03
1.263786107301712036e-03
1.263570040464401245e-03
1.263422891497612000e-03
1.263245940208435059e-03
1.263042911887168884e-03
1.262859441339969635e-03
1.262726262211799622e-03
1.262497156858444214e-03
1.262354664504528046e-03
1.262194477021694183e-03
1.262016594409942627e-03
1.261864788830280304e-03
1.261683180928230286e-03
1.261540688574314117e-03
1.261392608284950256e-03
1.261238940060138702e-03
1.261083409190177917e-03
1.260953024029731750e-03
1.260809600353240967e-03
1.260667107999324799e-03
1.260493882000446320e-03
1.260330900549888611e-03
1.260155811905860901e-03
1.259721815586090088e-03
1.256013289093971252e-03
1.250584609806537628e-03
1.243123784661293030e-03
1.234213821589946747e-03
1.225327141582965851e-03
1.214989461004734039e-03
1.202931627631187439e-03
1.190614886581897736e-03
1.177019439637660980e-03
1.162854023277759552e-03
1.147532835602760315e-03
1.130947843194007874e-03
1.112887635827064514e-03
1.094091683626174927e-03
1.078322529792785645e-03
1.058964990079402924e-03
1.036972738802433014e-03
1.014647074043750763e-03
9.902464225888252258e-04
9.658876806497573853e-04
9.401347488164901733e-04
9.142123162746429443e-04
8.871471509337425232e-04
8.595669642090797424e-04
8.303960785269737244e-04
7.998896762728691101e-04
7.692649960517883301e-04
7.381839677691459656e-04
7.072053849697113037e-04
6.771376356482505798e-04
6.460417062044143677e-04
6.149802356958389282e-04
5.842735990881919861e-04
5.526449531316757202e-04
5.209660157561302185e-04
4.883520305156707764e-04
4.548933357000350952e-04
4.216171801090240479e-04
3.880541771650314331e-04
3.541931509971618652e-04
3.200834617018699646e-04
2.859793603420257568e-04
2.540927380323410034e-04
2.235546708106994629e-04
1.947572454810142517e-04
1.672618091106414795e-04
1.397645100951194763e-04
1.120232045650482178e-04
8.738599717617034912e-05
6.500445306301116943e-05
4.460290074348449707e-05
3.077834844589233398e-05
2.111308276653289795e-05
1.142825931310653687e-05
6.286427378654479980e-06
2.683140337467193604e-06
6.975606083869934082e-07
5.727633833885192871e-07
-2.611428499221801758e-06
-4.561617970466613770e-06
-6.460584700107574463e-06
-7.055699825286865234e-06
-8.289702236652374268e-06
-8.237548172473907471e-06
-8.276663720607757568e-06
-8.285045623779296875e-06
-8.289702236652374268e-06
-8.258968591690063477e-06
-8.271075785160064697e-06
-8.271075785160064697e-06
-8.269213140010833740e-06
-8.271075785160064697e-06
-8.268281817436218262e-06
-8.317641913890838623e-06
-8.265487849712371826e-06
