-4.515983164310455322e-06
-4.519708454608917236e-06
-4.515051841735839844e-06
-4.529953002929687500e-06
-4.524365067481994629e-06
-4.511326551437377930e-06
-4.515051841735839844e-06
-4.518777132034301758e-06
-4.518777132034301758e-06
-4.503875970840454102e-06
-4.520639777183532715e-06
-4.533678293228149414e-06
-4.512257874011993408e-06
-4.520639777183532715e-06
-4.506669938564300537e-06
-4.515051841735839844e-06
-4.505738615989685059e-06
-4.479661583900451660e-06
-4.510395228862762451e-06
-4.515983164310455322e-06
-4.486180841922760010e-06
-4.513189196586608887e-06
-4.515051841735839844e-06
-4.509463906288146973e-06
-4.479661583900451660e-06
-4.489906132221221924e-06
-4.509463906288146973e-06
-4.515051841735839844e-06
-4.534609615802764893e-06
-4.528090357780456543e-06
-4.487112164497375488e-06
-4.515051841735839844e-06
-4.526227712631225586e-06
-4.508532583713531494e-06
-4.509463906288146973e-06
-4.500150680541992188e-06
-4.499219357967376709e-06
-4.524365067481994629e-06
-4.515983164310455322e-06
-4.486180841922760010e-06
-4.512257874011993408e-06
-4.510395228862762451e-06
-4.515051841735839844e-06
-4.502944648265838623e-06
-4.538334906101226807e-06
-4.501082003116607666e-06
-4.516914486885070801e-06
-4.493631422519683838e-06
-4.505738615989685059e-06
-4.512257874011993408e-06
-4.514120519161224365e-06
-4.493631422519683838e-06
-4.502013325691223145e-06
-4.488974809646606445e-06
-4.501082003116607666e-06
-4.522502422332763672e-06
-4.520639777183532715e-06
-4.503875970840454102e-06
-4.513189196586608887e-06
-4.524365067481994629e-06
-4.517845809459686279e-06
-4.503875970840454102e-06
-4.519708454608917236e-06
-4.536472260951995850e-06
-4.498288035392761230e-06
-4.496425390243530273e-06
-4.517845809459686279e-06
-4.490837454795837402e-06
-4.500150680541992188e-06
-4.518777132034301758e-06
-4.519708454608917236e-06
-4.515983164310455322e-06
-4.505738615989685059e-06
-4.491768777370452881e-06
-4.380010068416595459e-06
-1.335516571998596191e-06
2.064742147922515869e-06
2.395361661911010742e-06
3.156252205371856689e-06
6.590038537979125977e-06
1.006573438644409180e-05
1.500174403190612793e-05
2.083275467157363892e-05
2.546701580286026001e-05
2.995971590280532837e-05
3.131851553916931152e-05
3.027450293302536011e-05
2.978928387165069580e-05
2.953037619590759277e-05
2.937950193881988525e-05
2.923980355262756348e-05
2.911500632762908936e-05
2.904701977968215942e-05
2.896692603826522827e-05
2.888683229684829712e-05
2.882722765207290649e-05
2.877973020076751709e-05
2.871453762054443359e-05
2.868380397558212280e-05
2.863816916942596436e-05
2.863910049200057983e-05
2.866052091121673584e-05
2.865027636289596558e-05
2.869591116905212402e-05
2.869218587875366211e-05
2.873316407203674316e-05
2.874433994293212891e-05
2.880301326513290405e-05
2.911128103733062744e-05
3.297906368970870972e-05
3.536976873874664307e-05
3.788620233535766602e-05
4.099588841199874878e-05
4.500523209571838379e-05
4.939083009958267212e-05
5.516875535249710083e-05
6.255786865949630737e-05
7.075630128383636475e-05
7.950607687234878540e-05
8.915830403566360474e-05
9.973719716072082520e-05
1.134024932980537415e-04
1.335255801677703857e-04
1.569027081131935120e-04
1.825233921408653259e-04
2.095447853207588196e-04
2.371473237872123718e-04
2.648187801241874695e-04
2.930639311671257019e-04
3.212960436940193176e-04
3.492552787065505981e-04
3.765039145946502686e-04
4.034349694848060608e-04
4.299785941839218140e-04
4.543513059616088867e-04
4.801079630851745605e-04
5.077701061964035034e-04
5.358615890145301819e-04
5.633523687720298767e-04
5.905767902731895447e-04
6.165169179439544678e-04
6.414409726858139038e-04
6.674500182271003723e-04
6.929095834493637085e-04
7.167449221014976501e-04
7.407171651721000671e-04
7.646204903721809387e-04
7.877415046095848083e-04
8.104639127850532532e-04
8.315006271004676819e-04
8.511058986186981201e-04
8.707335218787193298e-04
8.904645219445228577e-04
9.089708328247070312e-04
9.275143966078758240e-04
9.461771696805953979e-04
9.638667106628417969e-04
9.822892025113105774e-04
9.999275207519531250e-04
1.016866415739059448e-03
1.034080982208251953e-03
1.050223596394062042e-03
1.066843979060649872e-03
1.082262024283409119e-03
1.098630018532276154e-03
1.114957034587860107e-03
1.130753196775913239e-03
1.146046444773674011e-03
1.161512918770313263e-03
1.176847144961357117e-03
1.190553419291973114e-03
1.205430366098880768e-03
1.220381818711757660e-03
1.235171221196651459e-03
1.248819753527641296e-03
1.263107173144817352e-03
1.277063041925430298e-03
1.290938816964626312e-03
1.304551027715206146e-03
1.318154856562614441e-03
1.332011073827743530e-03
1.345411874353885651e-03
1.358956098556518555e-03
1.372079364955425262e-03
1.385536976158618927e-03
1.398659311234951019e-03
1.412100158631801605e-03
1.424442976713180542e-03
1.436819322407245636e-03
1.448552124202251434e-03
1.461880281567573547e-03
1.474918797612190247e-03
1.488008536398410797e-03
1.500709913671016693e-03
1.513756811618804932e-03
1.526029780507087708e-03
1.538018696010112762e-03
1.549148932099342346e-03
1.561166718602180481e-03
1.572858542203903198e-03
1.584853976964950562e-03
1.595926471054553986e-03
1.608058810234069824e-03
1.619738526642322540e-03
1.630601473152637482e-03
1.639424823224544525e-03
1.646747812628746033e-03
1.653790473937988281e-03
1.659281551837921143e-03
1.663651317358016968e-03
1.667389646172523499e-03
1.670825295150279999e-03
1.673407852649688721e-03
1.673355698585510254e-03
1.674921251833438873e-03
1.674125902354717255e-03
1.673119142651557922e-03
1.672237180173397064e-03
1.671421341598033905e-03
1.670708879828453064e-03
1.670025289058685303e-03
1.669418998062610626e-03
1.668800599873065948e-03
1.668263226747512817e-03
1.667719334363937378e-03
1.667262054979801178e-03
1.666791737079620361e-03
1.666389405727386475e-03
1.665927469730377197e-03
1.665550284087657928e-03
1.665170304477214813e-03
1.664818264544010162e-03
1.664482988417148590e-03
1.664113253355026245e-03
1.663838513195514679e-03
1.663495786488056183e-03
1.663194969296455383e-03
1.662896014750003815e-03
1.662638038396835327e-03
1.662363298237323761e-03
1.662079244852066040e-03
1.661823131144046783e-03
1.661593094468116760e-03
1.661354675889015198e-03
1.661110669374465942e-03
1.660892739892005920e-03
1.660628244280815125e-03
1.660400070250034332e-03
1.660167239606380463e-03
1.659922301769256592e-03
1.659698784351348877e-03
1.659486442804336548e-03
1.659275963902473450e-03
1.659049652516841888e-03
1.658802852034568787e-03
1.658622175455093384e-03
1.658446155488491058e-03
1.658216118812561035e-03
1.658006571233272552e-03
1.657848246395587921e-03
1.657629385590553284e-03
1.657451502978801727e-03
1.657272689044475555e-03
1.657063141465187073e-03
1.656890846788883209e-03
1.656709238886833191e-03
1.656489446759223938e-03
1.656190492212772369e-03
1.653535291552543640e-03
1.647560857236385345e-03
1.639355905354022980e-03
1.628477126359939575e-03
1.616856083273887634e-03
1.604738645255565643e-03
1.589766703546047211e-03
1.574208959937095642e-03
1.557081937789916992e-03
1.539424061775207520e-03
1.519649289548397064e-03
1.499458216130733490e-03
1.476862467825412750e-03
1.452581956982612610e-03
1.429290510714054108e-03
1.408457756042480469e-03
1.380348578095436096e-03
1.351668499410152435e-03
1.321070827543735504e-03
1.289336942136287689e-03
1.256571151316165924e-03
1.223071478307247162e-03
1.188207417726516724e-03
1.153103075921535492e-03
1.115485094487667084e-03
1.076806336641311646e-03
1.036740839481353760e-03
9.960401803255081177e-04
9.560147300362586975e-04
9.154668077826499939e-04
8.757524192333221436e-04
8.354689925909042358e-04
7.943464443087577820e-04
7.536625489592552185e-04
7.124263793230056763e-04
6.699739024043083191e-04
6.264746189117431641e-04
5.828598514199256897e-04
5.389647558331489563e-04
4.938915371894836426e-04
4.498092457652091980e-04
4.052016884088516235e-04
3.605661913752555847e-04
3.196680918335914612e-04
2.816161140799522400e-04
2.441080287098884583e-04
2.080975100398063660e-04
1.716548576951026917e-04
1.371130347251892090e-04
1.068701967597007751e-04
7.734913378953933716e-05
5.537923425436019897e-05
4.001148045063018799e-05
2.801232039928436279e-05
1.773238182067871094e-05
1.237913966178894043e-05
7.499009370803833008e-06
7.103197276592254639e-06
4.999339580535888672e-06
7.804483175277709961e-07
-1.084059476852416992e-06
-2.590939402580261230e-06
-3.015622496604919434e-06
-4.508532583713531494e-06
-4.499219357967376709e-06
-4.492700099945068359e-06
-4.492700099945068359e-06
-4.464760422706604004e-06
-4.488974809646606445e-06
-4.486180841922760010e-06
-4.484318196773529053e-06
-4.498288035392761230e-06
-4.509463906288146973e-06
-4.485249519348144531e-06
-4.472211003303527832e-06
-4.472211003303527832e-06
