-4.949979484081268311e-06
-4.948116838932037354e-06
-4.962086677551269531e-06
-4.965811967849731445e-06
-4.944391548633575439e-06
-4.974193871021270752e-06
-4.941597580909729004e-06
-4.884786903858184814e-06
-4.928559064865112305e-06
-3.159046173095703125e-06
-1.939944922924041748e-06
5.029141902923583984e-07
1.743435859680175781e-06
2.307817339897155762e-06
2.852641046047210693e-06
3.332272171974182129e-06
4.007481038570404053e-06
4.926696419715881348e-06
5.658715963363647461e-06
6.264075636863708496e-06
8.752569556236267090e-06
1.080054789781570435e-05
1.211650669574737549e-05
1.337006688117980957e-05
1.472886651754379272e-05
1.602340489625930786e-05
1.783203333616256714e-05
1.955404877662658691e-05
2.146605402231216431e-05
2.308376133441925049e-05
2.520345151424407959e-05
2.767052501440048218e-05
3.027636557817459106e-05
3.315228968858718872e-05
3.614556044340133667e-05
3.918539732694625854e-05
4.258658736944198608e-05
4.598777741193771362e-05
5.148258060216903687e-05
6.098859012126922607e-05
7.460452616214752197e-05
9.257812052965164185e-05
1.252209767699241638e-04
1.689540222287178040e-04
2.218661829829216003e-04
2.768542617559432983e-04
3.329664468765258789e-04
3.941915929317474365e-04
4.611406475305557251e-04
5.326187238097190857e-04
6.069578230381011963e-04
6.818789988756179810e-04
7.561743259429931641e-04
8.301828056573867798e-04
9.033679962158203125e-04
9.752055630087852478e-04
1.045584678649902344e-03
1.115262508392333984e-03
1.183109357953071594e-03
1.248685643076896667e-03
1.312411390244960785e-03
1.375170424580574036e-03
1.436248421669006348e-03
1.497942022979259491e-03
1.559116877615451813e-03
1.618857495486736298e-03
1.677160151302814484e-03
1.734786666929721832e-03
1.791275106370449066e-03
1.847547478973865509e-03
1.903750933706760406e-03
1.958938315510749817e-03
2.014193683862686157e-03
2.068428322672843933e-03
2.108255401253700256e-03
2.101178281009197235e-03
2.084643580019474030e-03
2.064075320959091187e-03
2.044660039246082306e-03
2.024638466536998749e-03
2.006317488849163055e-03
1.988731324672698975e-03
1.971526071429252625e-03
1.955233514308929443e-03
1.938098110258579254e-03
1.921747811138629913e-03
1.904850825667381287e-03
1.888119615614414215e-03
1.871601678431034088e-03
1.854553818702697754e-03
1.838040538132190704e-03
1.820596866309642792e-03
1.804388128221035004e-03
1.787837594747543335e-03
1.771849580109119415e-03
1.755665056407451630e-03
1.739204861223697662e-03
1.723683439195156097e-03
1.707612536847591400e-03
1.692308112978935242e-03
1.675641164183616638e-03
1.659656874835491180e-03
1.643825322389602661e-03
1.628411002457141876e-03
1.613437198102474213e-03
1.597434282302856445e-03
1.582299359142780304e-03
1.566845923662185669e-03
1.551858149468898773e-03
1.536001451313495636e-03
1.520651392638683319e-03
1.505683176219463348e-03
1.490878872573375702e-03
1.476401463150978088e-03
1.461051404476165771e-03
1.446545124053955078e-03
1.431678421795368195e-03
1.417499966919422150e-03
1.402388326823711395e-03
1.387728378176689148e-03
1.372911967337131500e-03
1.358436420559883118e-03
1.344338990747928619e-03
1.328860409557819366e-03
1.314394176006317139e-03
1.299679279327392578e-03
1.286126673221588135e-03
1.271195709705352783e-03
1.256715506315231323e-03
1.241858117282390594e-03
1.227893866598606110e-03
1.214104704558849335e-03
1.199990510940551758e-03
1.186160370707511902e-03
1.171302050352096558e-03
1.158263534307479858e-03
1.143864355981349945e-03
1.129925251007080078e-03
1.115374267101287842e-03
1.102097332477569580e-03
1.088810153305530548e-03
1.075373962521553040e-03
1.062294468283653259e-03
1.048236154019832611e-03
1.035599969327449799e-03
1.021911390125751495e-03
1.008704304695129395e-03
9.947679936885833740e-04
9.811110794544219971e-04
9.678173810243606567e-04
9.544603526592254639e-04
9.418390691280364990e-04
9.281355887651443481e-04
9.156921878457069397e-04
9.022057056427001953e-04
8.892472833395004272e-04
8.754087612032890320e-04
8.624484762549400330e-04
8.495012298226356506e-04
8.365213871002197266e-04
8.236896246671676636e-04
8.102199062705039978e-04
7.980894297361373901e-04
7.853815332055091858e-04
7.733851671218872070e-04
7.601976394653320312e-04
7.476629689335823059e-04
7.353238761425018311e-04
7.231244817376136780e-04
7.113162428140640259e-04
6.982358172535896301e-04
6.862282752990722656e-04
6.752340123057365417e-04
6.700726225972175598e-04
6.495118141174316406e-04
6.374027580022811890e-04
6.257146596908569336e-04
6.182631477713584900e-04
6.103087216615676880e-04
5.982853472232818604e-04
5.872743204236030579e-04
5.761291831731796265e-04
5.663279443979263306e-04
5.560554563999176025e-04
5.456181243062019348e-04
5.346061661839485168e-04
5.241064354777336121e-04
5.144299939274787903e-04
5.047963932156562805e-04
4.945332184433937073e-04
4.837587475776672363e-04
4.740469157695770264e-04
4.642605781555175781e-04
4.542991518974304199e-04
4.441319033503532410e-04
4.340158775448799133e-04
4.249345511198043823e-04
4.156846553087234497e-04
4.068175330758094788e-04
3.977566957473754883e-04
3.886083140969276428e-04
3.803158178925514221e-04
3.717225044965744019e-04
3.632092848420143127e-04
3.541912883520126343e-04
3.459714353084564209e-04
3.380803391337394714e-04
3.293296322226524353e-04
3.216667100787162781e-04
3.136703744530677795e-04
3.063706681132316589e-04
2.994388341903686523e-04
2.917265519499778748e-04
2.846969291567802429e-04
2.774102613329887390e-04
2.702269703149795532e-04
2.636387944221496582e-04
2.565411850810050964e-04
2.498785033822059631e-04
2.432903274893760681e-04
2.363706007599830627e-04
2.303840592503547668e-04
2.239970490336418152e-04
2.175178378820419312e-04
2.116635441780090332e-04
2.052914351224899292e-04
1.994268968701362610e-04
1.939060166478157043e-04
1.877928152680397034e-04
1.819571480154991150e-04
1.762071624398231506e-04
1.700185239315032959e-04
1.646699383854866028e-04
1.591173931956291199e-04
1.535303890705108643e-04
1.480448991060256958e-04
1.422995701432228088e-04
1.369100064039230347e-04
1.319088041782379150e-04
1.263413578271865845e-04
1.213187351822853088e-04
1.163743436336517334e-04
1.110509037971496582e-04
1.064883545041084290e-04
1.018866896629333496e-04
9.701400995254516602e-05
9.270012378692626953e-05
8.834153413772583008e-05
8.440297096967697144e-05
8.110422641038894653e-05
7.761828601360321045e-05
7.431209087371826172e-05
7.094815373420715332e-05
6.729830056428909302e-05
6.426684558391571045e-05
6.154179573059082031e-05
5.885865539312362671e-05
5.660951137542724609e-05
5.426071584224700928e-05
5.233753472566604614e-05
5.115475505590438843e-05
5.018338561058044434e-05
4.960969090461730957e-05
4.933681339025497437e-05
4.919897764921188354e-05
4.913751035928726196e-05
4.906393587589263916e-05
4.888791590929031372e-05
4.863645881414413452e-05
4.823319613933563232e-05
4.763249307870864868e-05
4.711840301752090454e-05
4.654191434383392334e-05
4.594679921865463257e-05
4.545785486698150635e-05
4.500336945056915283e-05
4.452094435691833496e-05
4.424899816513061523e-05
4.393607378005981445e-05
4.379358142614364624e-05
4.344154149293899536e-05
4.273094236850738525e-05
4.199147224426269531e-05
4.095956683158874512e-05
3.952533006668090820e-05
3.814324736595153809e-05
3.651808947324752808e-05
3.512576222419738770e-05
3.394857048988342285e-05
3.266055136919021606e-05
3.130454570055007935e-05
2.931430935859680176e-05
2.765934914350509644e-05
2.680439502000808716e-05
2.571195363998413086e-05
2.464465796947479248e-05
2.382416278123855591e-05
2.300087362527847290e-05
2.210680395364761353e-05
2.113450318574905396e-05
2.013053745031356812e-05
1.943577080965042114e-05
1.868791878223419189e-05
1.797359436750411987e-05
1.743994653224945068e-05
1.688860356807708740e-05
1.651979982852935791e-05
1.602619886398315430e-05
1.544039696455001831e-05
1.502595841884613037e-05
1.463852822780609131e-05
1.427624374628067017e-05
1.392327249050140381e-05
1.347996294498443604e-05
1.287367194890975952e-05
1.214817166328430176e-05
1.145061105489730835e-05
1.085363328456878662e-05
1.024734228849411011e-05
1.001171767711639404e-05
9.721145033836364746e-06
8.922070264816284180e-06
8.228234946727752686e-06
7.480382919311523438e-06
6.872229278087615967e-06
6.363727152347564697e-06
5.910173058509826660e-06
5.606561899185180664e-06
5.173496901988983154e-06
4.810281097888946533e-06
4.366040229797363281e-06
3.919936716556549072e-06
3.549270331859588623e-06
3.072433173656463623e-06
2.712011337280273438e-06
2.278015017509460449e-06
1.934356987476348877e-06
1.477077603340148926e-06
9.275972843170166016e-07
4.544854164123535156e-07
-4.097819328308105469e-08
-5.336478352546691895e-07
-9.611248970031738281e-07
-1.199543476104736328e-06
-1.324340701103210449e-06
-1.401640474796295166e-06
-1.519918441772460938e-06
-1.639127731323242188e-06
-1.735053956508636475e-06
-1.889653503894805908e-06
-2.075918018817901611e-06
-2.370215952396392822e-06
-2.700835466384887695e-06
-3.035180270671844482e-06
-3.292225301265716553e-06
-3.511086106300354004e-06
-3.706663846969604492e-06
-3.878027200698852539e-06
-4.788860678672790527e-06
-4.976987838745117188e-06
-4.956498742103576660e-06
-5.037523806095123291e-06
-4.971399903297424316e-06
-4.956498742103576660e-06
-4.944391548633575439e-06
-4.992820322513580322e-06
-5.004927515983581543e-06
-4.981644451618194580e-06
-4.923902451992034912e-06
-4.976056516170501709e-06
-4.989095032215118408e-06
-4.997476935386657715e-06
-4.958361387252807617e-06
-4.982575774192810059e-06
-4.950910806655883789e-06
-4.970468580722808838e-06
-4.951842129230499268e-06
-4.989095032215118408e-06
