-8.285976946353912354e-06
-8.303672075271606445e-06
-8.322298526763916016e-06
-8.307397365570068359e-06
-8.324161171913146973e-06
-8.312053978443145752e-06
-8.294358849525451660e-06
-8.297152817249298096e-06
-7.101334631443023682e-06
-6.517395377159118652e-06
-4.869885742664337158e-06
-3.551132977008819580e-06
-2.958811819553375244e-06
-2.562999725341796875e-06
-2.125278115272521973e-06
-1.794658601284027100e-06
-1.059845089912414551e-06
-3.855675458908081055e-07
-3.539025783538818359e-08
1.003965735435485840e-06
3.029592335224151611e-06
4.342757165431976318e-06
5.041249096393585205e-06
6.240792572498321533e-06
7.193535566329956055e-06
8.288770914077758789e-06
9.679235517978668213e-06
1.117680221796035767e-05
1.233909279108047485e-05
1.391302794218063354e-05
1.566577702760696411e-05
1.752097159624099731e-05
1.963414251804351807e-05
2.187862992286682129e-05
2.426840364933013916e-05
2.664793282747268677e-05
2.927798777818679810e-05
3.206823021173477173e-05
3.818050026893615723e-05
4.690978676080703735e-05
5.857460200786590576e-05
7.643271237611770630e-05
1.074867323040962219e-04
1.444071531295776367e-04
1.860987395048141479e-04
2.278722822666168213e-04
2.729417756199836731e-04
3.220830112695693970e-04
3.744494169950485229e-04
4.302803426980972290e-04
4.878360778093338013e-04
5.447464063763618469e-04
6.014471873641014099e-04
6.573433056473731995e-04
7.127393037080764771e-04
7.670819759368896484e-04
8.206153288483619690e-04
8.731130510568618774e-04
9.235385805368423462e-04
9.733615443110466003e-04
1.021052710711956024e-03
1.068439334630966187e-03
1.115168444812297821e-03
1.161927357316017151e-03
1.208327710628509521e-03
1.253335736691951752e-03
1.297382637858390808e-03
1.341056078672409058e-03
1.384360715746879578e-03
1.426992937922477722e-03
1.469514332711696625e-03
1.511663198471069336e-03
1.553633250296115875e-03
1.593470573425292969e-03
1.602629199624061584e-03
1.592348329722881317e-03
1.577588729560375214e-03
1.562263816595077515e-03
1.547260209918022156e-03
1.532369293272495270e-03
1.518930308520793915e-03
1.505422405898571014e-03
1.492820680141448975e-03
1.479892060160636902e-03
1.467073336243629456e-03
1.454630866646766663e-03
1.441366970539093018e-03
1.429071649909019470e-03
1.416002400219440460e-03
1.403269357979297638e-03
1.390259712934494019e-03
1.377277076244354248e-03
1.364937983453273773e-03
1.352395862340927124e-03
1.340274699032306671e-03
1.327552832663059235e-03
1.315526664257049561e-03
1.303415745496749878e-03
1.291404478251934052e-03
1.279298216104507446e-03
1.266632229089736938e-03
1.254648901522159576e-03
1.242586411535739899e-03
1.231179572641849518e-03
1.219093799591064453e-03
1.207313500344753265e-03
1.195610500872135162e-03
1.183961518108844757e-03
1.172377727925777435e-03
1.160113140940666199e-03
1.148753799498081207e-03
1.137303188443183899e-03
1.126244664192199707e-03
1.114707440137863159e-03
1.103394664824008942e-03
1.092039979994297028e-03
1.081062480807304382e-03
1.070072874426841736e-03
1.058364287018775940e-03
1.047411933541297913e-03
1.035923138260841370e-03
1.025332137942314148e-03
1.013766042888164520e-03
1.002444885671138763e-03
9.912047535181045532e-04
9.805364534258842468e-04
9.698122739791870117e-04
9.583495557308197021e-04
9.473543614149093628e-04
9.360779076814651489e-04
9.258044883608818054e-04
9.148484095931053162e-04
9.043989703059196472e-04
8.933814242482185364e-04
8.828351274132728577e-04
8.722981438040733337e-04
8.614119142293930054e-04
8.507454767823219299e-04
8.397763594985008240e-04
8.299648761749267578e-04
8.195452392101287842e-04
8.095875382423400879e-04
7.990906015038490295e-04
7.890993729233741760e-04
7.790103554725646973e-04
7.686838507652282715e-04
7.585613057017326355e-04
7.475418969988822937e-04
7.376885041594505310e-04
7.272521033883094788e-04
7.175076752901077271e-04
7.074391469359397888e-04
6.975652649998664856e-04
6.876187399029731750e-04
6.774850189685821533e-04
6.674658507108688354e-04
6.568189710378646851e-04
6.473092362284660339e-04
6.371829658746719360e-04
6.276452913880348206e-04
6.172377616167068481e-04
6.078016012907028198e-04
5.982443690299987793e-04
5.888510495424270630e-04
5.793152377009391785e-04
5.692001432180404663e-04
5.600741133093833923e-04
5.504051223397254944e-04
5.414104089140892029e-04
5.316045135259628296e-04
5.224635824561119080e-04
5.130078643560409546e-04
5.086474120616912842e-04
4.999386146664619446e-04
4.846667870879173279e-04
4.763193428516387939e-04
4.680240526795387268e-04
4.649860784411430359e-04
4.553087055683135986e-04
4.466427490115165710e-04
4.380848258733749390e-04
4.301974549889564514e-04
4.225922748446464539e-04
4.147002473473548889e-04
4.065902903676033020e-04
3.980565816164016724e-04
3.907000645995140076e-04
3.831926733255386353e-04
3.757728263735771179e-04
3.676172345876693726e-04
3.597829490900039673e-04
3.525428473949432373e-04
3.448138013482093811e-04
3.373930230736732483e-04
3.293929621577262878e-04
3.222376108169555664e-04
3.153178840875625610e-04
3.082407638430595398e-04
3.016367554664611816e-04
2.944180741906166077e-04
2.879714593291282654e-04
2.815974876284599304e-04
2.749599516391754150e-04
2.684621140360832214e-04
2.616159617900848389e-04
2.557430416345596313e-04
2.492628991603851318e-04
2.430435270071029663e-04
2.371752634644508362e-04
2.311421558260917664e-04
2.259658649563789368e-04
2.203462645411491394e-04
2.146065235137939453e-04
2.093156799674034119e-04
2.035852521657943726e-04
1.985160633921623230e-04
1.932708546519279480e-04
1.879800111055374146e-04
1.830719411373138428e-04
1.778369769454002380e-04
1.729158684611320496e-04
1.682750880718231201e-04
1.632636412978172302e-04
1.586480066180229187e-04
1.540314406156539917e-04
1.491960138082504272e-04
1.450274139642715454e-04
1.405924558639526367e-04
1.360028982162475586e-04
1.317188143730163574e-04
1.270463690161705017e-04
1.226700842380523682e-04
1.186234876513481140e-04
1.142947003245353699e-04
1.101531088352203369e-04
1.058578491210937500e-04
1.014973968267440796e-04
9.771622717380523682e-05
9.366776794195175171e-05
8.953455835580825806e-05
8.587259799242019653e-05
8.193496614694595337e-05
7.811188697814941406e-05
7.469672709703445435e-05
7.106456905603408813e-05
6.756745278835296631e-05
6.428826600313186646e-05
6.099045276641845703e-05
5.838926881551742554e-05
5.583837628364562988e-05
5.317479372024536133e-05
5.072914063930511475e-05
4.800874739885330200e-05
4.541594535112380981e-05
4.329998046159744263e-05
4.122406244277954102e-05
3.933813422918319702e-05
3.760494291782379150e-05
3.592204302549362183e-05
3.476720303297042847e-05
3.398302942514419556e-05
3.342051059007644653e-05
3.309082239866256714e-05
3.292784094810485840e-05
3.288500010967254639e-05
3.283843398094177246e-05
3.275740891695022583e-05
3.258232027292251587e-05
3.235973417758941650e-05
3.196205943822860718e-05
3.151968121528625488e-05
3.112293779850006104e-05
3.065541386604309082e-05
3.025773912668228149e-05
2.991128712892532349e-05
2.949684858322143555e-05
2.921093255281448364e-05
2.899393439292907715e-05
2.884026616811752319e-05
2.873223274946212769e-05
2.827774733304977417e-05
2.769846469163894653e-05
2.708286046981811523e-05
2.607330679893493652e-05
2.503022551536560059e-05
2.384465187788009644e-05
2.266373485326766968e-05
2.173054963350296021e-05
2.080388367176055908e-05
1.984275877475738525e-05
1.854822039604187012e-05
1.699198037385940552e-05
1.619011163711547852e-05
1.545250415802001953e-05
1.458264887332916260e-05
1.389719545841217041e-05
1.331791281700134277e-05
1.262314617633819580e-05
1.192186027765274048e-05
1.110788434743881226e-05
1.054722815752029419e-05
9.986571967601776123e-06
9.402632713317871094e-06
8.964911103248596191e-06
8.529052138328552246e-06
8.161179721355438232e-06
7.853843271732330322e-06
7.413327693939208984e-06
7.105991244316101074e-06
6.782822310924530029e-06
6.459653377532958984e-06
6.215646862983703613e-06
5.926005542278289795e-06
5.487352609634399414e-06
4.996545612812042236e-06
4.463829100131988525e-06
3.968365490436553955e-06
3.479421138763427734e-06
3.166496753692626953e-06
3.011897206306457520e-06
2.566725015640258789e-06
1.997686922550201416e-06
1.444481313228607178e-06
9.313225746154785156e-07
4.991888999938964844e-07
1.443549990653991699e-07
-1.117587089538574219e-07
-4.284083843231201172e-07
-7.413327693939208984e-07
-1.018866896629333496e-06
-1.396983861923217773e-06
-1.677311956882476807e-06
-2.007931470870971680e-06
-2.344138920307159424e-06
-2.613291144371032715e-06
-2.927146852016448975e-06
-3.177672624588012695e-06
-3.580003976821899414e-06
-3.999099135398864746e-06
-4.346482455730438232e-06
-4.742294549942016602e-06
-5.082227289676666260e-06
-5.350448191165924072e-06
-5.516223609447479248e-06
-5.551613867282867432e-06
-5.625188350677490234e-06
-5.689449608325958252e-06
-5.822628736495971680e-06
-5.898065865039825439e-06
-6.018206477165222168e-06
-6.210058927536010742e-06
-6.456859409809112549e-06
-6.702728569507598877e-06
-6.931833922863006592e-06
-7.103197276592254639e-06
-7.237307727336883545e-06
-7.409602403640747070e-06
-7.746741175651550293e-06
-8.298084139823913574e-06
-8.310191333293914795e-06
-8.326955139636993408e-06
-8.296221494674682617e-06
-8.292496204376220703e-06
-8.298084139823913574e-06
-8.305534720420837402e-06
-8.301809430122375488e-06
-8.323229849338531494e-06
-8.287839591503143311e-06
-8.311122655868530273e-06
-8.331611752510070801e-06
-8.292496204376220703e-06
-8.289702236652374268e-06
-8.324161171913146973e-06
-8.312985301017761230e-06
-8.309260010719299316e-06
-8.304603397846221924e-06
-8.303672075271606445e-06
