-8.269213140010833740e-06
-8.263625204563140869e-06
-8.301809430122375488e-06
-8.262693881988525391e-06
-8.299015462398529053e-06
-8.258037269115447998e-06
-8.273869752883911133e-06
-8.274801075458526611e-06
-8.258968591690063477e-06
-8.285045623779296875e-06
-8.269213140010833740e-06
-8.260831236839294434e-06
-8.282251656055450439e-06
-8.277595043182373047e-06
-8.246861398220062256e-06
-8.300878107547760010e-06
-8.286908268928527832e-06
-8.286908268928527832e-06
-8.287839591503143311e-06
-8.298084139823913574e-06
-8.260831236839294434e-06
-8.270144462585449219e-06
-8.277595043182373047e-06
-8.290633559226989746e-06
-8.272007107734680176e-06
-8.290633559226989746e-06
-8.281320333480834961e-06
-8.259899914264678955e-06
-8.280389010906219482e-06
-8.281320333480834961e-06
-8.295290172100067139e-06
-8.289702236652374268e-06
-8.288770914077758789e-06
-8.272007107734680176e-06
-8.272007107734680176e-06
-8.306466042995452881e-06
-8.279457688331604004e-06
-8.298084139823913574e-06
-8.259899914264678955e-06
-8.286908268928527832e-06
-8.293427526950836182e-06
-8.247792720794677734e-06
-8.272007107734680176e-06
-8.292496204376220703e-06
-8.251518011093139648e-06
-8.285976946353912354e-06
-8.249655365943908691e-06
-8.274801075458526611e-06
-8.290633559226989746e-06
-6.780028343200683594e-06
-5.892477929592132568e-06
-3.822147846221923828e-06
-2.770684659481048584e-06
7.264316082000732422e-08
6.818212568759918213e-06
1.023616641759872437e-05
1.272559165954589844e-05
1.600198447704315186e-05
2.081412822008132935e-05
2.527702599763870239e-05
3.125611692667007446e-05
3.780983388423919678e-05
4.377309232950210571e-05
4.409719258546829224e-05
4.326924681663513184e-05
4.290696233510971069e-05
4.267692565917968750e-05
4.252605140209197998e-05
4.237424582242965698e-05
4.226993769407272339e-05
4.214793443679809570e-05
4.207342863082885742e-05
4.201941192150115967e-05
4.194024950265884399e-05
4.188995808362960815e-05
4.184432327747344971e-05
4.178844392299652100e-05
4.176702350378036499e-05
4.169810563325881958e-05
4.168972373008728027e-05
4.171300679445266724e-05
4.170555621385574341e-05
4.172697663307189941e-05
4.188437014818191528e-05
4.533771425485610962e-05
4.855636507272720337e-05
5.091540515422821045e-05
5.403719842433929443e-05
5.775317549705505371e-05
6.189849227666854858e-05
6.671249866485595703e-05
7.163267582654953003e-05
7.817242294549942017e-05
8.632708340883255005e-05
9.524356573820114136e-05
1.062396913766860962e-04
1.187119632959365845e-04
1.319311559200286865e-04
1.460593193769454956e-04
1.614186912775039673e-04
1.773638650774955750e-04
1.944247633218765259e-04
2.123061567544937134e-04
2.310387790203094482e-04
2.491446211934089661e-04
2.676341682672500610e-04
2.858005464076995850e-04
3.041289746761322021e-04
3.223130479454994202e-04
3.402102738618850708e-04
3.573838621377944946e-04
3.741700202226638794e-04
3.919098526239395142e-04
4.103202372789382935e-04
4.281345754861831665e-04
4.460494965314865112e-04
4.638321697711944580e-04
4.815962165594100952e-04
4.994422197341918945e-04
5.172435194253921509e-04
5.349861457943916321e-04
5.527278408408164978e-04
5.705729126930236816e-04
5.881274119019508362e-04
6.057629361748695374e-04
6.231470033526420593e-04
6.402442231774330139e-04
6.563821807503700256e-04
6.724400445818901062e-04
6.887735798954963684e-04
7.048901170492172241e-04
7.210774347186088562e-04
7.371045649051666260e-04
7.528867572546005249e-04
7.678978145122528076e-04
7.829284295439720154e-04
7.981937378644943237e-04
8.126711472868919373e-04
8.275397121906280518e-04
8.420245721936225891e-04
8.560409769415855408e-04
8.703321218490600586e-04
8.841753005981445312e-04
8.979998528957366943e-04
9.117983281612396240e-04
9.250780567526817322e-04
9.382786229252815247e-04
9.510796517133712769e-04
9.633516892790794373e-04
9.760409593582153320e-04
9.889146313071250916e-04
1.001079566776752472e-03
1.012807711958885193e-03
1.024789176881313324e-03
1.035452820360660553e-03
1.044658944010734558e-03
1.053799875080585480e-03
1.062435097992420197e-03
1.070560887455940247e-03
1.077535562217235565e-03
1.084174960851669312e-03
1.090552657842636108e-03
1.095767132937908173e-03
1.099982298910617828e-03
1.103179529309272766e-03
1.105566509068012238e-03
1.107423566281795502e-03
1.107163727283477783e-03
1.106254756450653076e-03
1.105571165680885315e-03
1.104971393942832947e-03
1.104430295526981354e-03
1.103980466723442078e-03
1.103550195693969727e-03
1.103187911212444305e-03
1.102789305150508881e-03
1.102479174733161926e-03
1.102186739444732666e-03
1.101876609027385712e-03
1.101613044738769531e-03
1.101394183933734894e-03
1.101121306419372559e-03
1.100895926356315613e-03
1.100698485970497131e-03
1.100513152778148651e-03
1.100290566682815552e-03
1.100141555070877075e-03
1.099953427910804749e-03
1.099768094718456268e-03
1.099609769880771637e-03
1.099429093301296234e-03
1.099305227398872375e-03
1.099157147109508514e-03
1.099030487239360809e-03
1.098871231079101562e-03
1.098778098821640015e-03
1.098621636629104614e-03
1.098491251468658447e-03
1.098344102501869202e-03
1.098193228244781494e-03
1.098013482987880707e-03
1.097900792956352234e-03
1.097793690860271454e-03
1.097648404538631439e-03
1.097489148378372192e-03
1.097367145121097565e-03
1.097203232347965240e-03
1.097068190574645996e-03
1.096918247640132904e-03
1.096795313060283661e-03
1.096606254577636719e-03
1.096461899578571320e-03
1.096273772418498993e-03
1.096079126000404358e-03
1.095885410904884338e-03
1.095674000680446625e-03
1.095405779778957367e-03
1.094894483685493469e-03
1.090296544134616852e-03
1.082310453057289124e-03
1.071559265255928040e-03
1.059051603078842163e-03
1.046129502356052399e-03
1.030516810715198517e-03
1.015737652778625488e-03
1.000472344458103180e-03
9.850803762674331665e-04
9.679300710558891296e-04
9.500440210103988647e-04
9.303744882345199585e-04
9.092474356293678284e-04
8.875820785760879517e-04
8.648373186588287354e-04
8.420487865805625916e-04
8.177123963832855225e-04
7.927305996417999268e-04
7.664272561669349670e-04
7.402850314974784851e-04
7.127104327082633972e-04
6.851041689515113831e-04
6.604883819818496704e-04
6.334912031888961792e-04
6.040316075086593628e-04
5.738819018006324768e-04
5.445592105388641357e-04
5.157012492418289185e-04
4.872409626841545105e-04
4.595592617988586426e-04
4.333881661295890808e-04
4.074126482009887695e-04
3.822036087512969971e-04
3.582490608096122742e-04
3.339657559990882874e-04
3.100754693150520325e-04
2.866005524992942810e-04
2.635484561324119568e-04
2.406984567642211914e-04
2.179434522986412048e-04
1.970306038856506348e-04
1.769913360476493835e-04
1.575397327542304993e-04
1.379884779453277588e-04
1.185555011034011841e-04
9.881332516670227051e-05
7.968489080667495728e-05
6.149243563413619995e-05
4.697684198617935181e-05
3.440491855144500732e-05
2.593826502561569214e-05
1.965276896953582764e-05
1.057796180248260498e-05
4.768371582031250000e-06
-5.448237061500549316e-07
-1.202337443828582764e-06
-4.789792001247406006e-06
-6.466172635555267334e-06
-8.265487849712371826e-06
-8.276663720607757568e-06
-8.272007107734680176e-06
-8.299015462398529053e-06
-8.272938430309295654e-06
-8.287839591503143311e-06
-8.291564881801605225e-06
-8.277595043182373047e-06
-8.265487849712371826e-06
-8.285045623779296875e-06
-8.278526365756988525e-06
-8.281320333480834961e-06
-8.291564881801605225e-06
