-4.657544195652008057e-06
-4.613772034645080566e-06
-4.634261131286621094e-06
-4.605390131473541260e-06
-4.660338163375854492e-06
-4.648230969905853271e-06
-4.629604518413543701e-06
-4.614703357219696045e-06
-4.617497324943542480e-06
-4.625879228115081787e-06
-4.604458808898925781e-06
-4.623085260391235352e-06
-4.649162292480468750e-06
-4.624016582965850830e-06
-4.639849066734313965e-06
-4.624947905540466309e-06
-4.618428647518157959e-06
-4.624016582965850830e-06
-4.618428647518157959e-06
-4.610046744346618652e-06
-4.647299647331237793e-06
-4.611909389495849609e-06
-4.639849066734313965e-06
-4.633329808712005615e-06
-4.609115421772003174e-06
-4.635192453861236572e-06
-4.630535840988159180e-06
-4.632398486137390137e-06
-4.628673195838928223e-06
-4.621222615242004395e-06
-4.622153937816619873e-06
-4.627741873264312744e-06
-4.641711711883544922e-06
-4.624016582965850830e-06
-4.603527486324310303e-06
-4.639849066734313965e-06
-4.642643034458160400e-06
-4.640780389308929443e-06
-4.651956260204315186e-06
-4.655681550502777100e-06
-4.609115421772003174e-06
-4.639849066734313965e-06
-4.634261131286621094e-06
-4.605390131473541260e-06
-4.591420292854309082e-06
-4.623085260391235352e-06
-4.647299647331237793e-06
-4.620291292667388916e-06
-4.622153937816619873e-06
-1.775100827217102051e-06
-8.475035429000854492e-07
1.979060471057891846e-06
3.660097718238830566e-06
1.044478267431259155e-05
1.752376556396484375e-05
2.128537744283676147e-05
2.451147884130477905e-05
3.078579902648925781e-05
3.620050847530364990e-05
4.292093217372894287e-05
5.136802792549133301e-05
6.059277802705764771e-05
6.465520709753036499e-05
6.337836384773254395e-05
6.269477307796478271e-05
6.232131272554397583e-05
6.208941340446472168e-05
6.189476698637008667e-05
6.173457950353622437e-05
6.157625466585159302e-05
6.148405373096466064e-05
6.139464676380157471e-05
6.131641566753387451e-05
6.120745092630386353e-05
6.118416786193847656e-05
6.109941750764846802e-05
6.103422492742538452e-05
6.097275763750076294e-05
6.089638918638229370e-05
6.091129034757614136e-05
6.093457341194152832e-05
6.092898547649383545e-05
6.101932376623153687e-05
6.298348307609558105e-05
6.822496652603149414e-05
7.132161408662796021e-05
7.489416748285293579e-05
7.946137338876724243e-05
8.462462574243545532e-05
9.048543870449066162e-05
9.703356772661209106e-05
1.037530601024627686e-04
1.140134409070014954e-04
1.251995563507080078e-04
1.380899921059608459e-04
1.535825431346893311e-04
1.704776659607887268e-04
1.884233206510543823e-04
2.076663076877593994e-04
2.282019704580307007e-04
2.497388049960136414e-04
2.727285027503967285e-04
2.969410270452499390e-04
3.209300339221954346e-04
3.451053053140640259e-04
3.690104931592941284e-04
3.929995000362396240e-04
4.170322790741920471e-04
4.406319931149482727e-04
4.638237878680229187e-04
4.858998581767082214e-04
5.084918811917304993e-04
5.323933437466621399e-04
5.560917779803276062e-04
5.794549360871315002e-04
6.028534844517707825e-04
6.260201334953308105e-04
6.494065746665000916e-04
6.726346909999847412e-04
6.959671154618263245e-04
7.192650809884071350e-04
7.427344098687171936e-04
7.659150287508964539e-04
7.889745756983757019e-04
8.118068799376487732e-04
8.344855159521102905e-04
8.562915027141571045e-04
8.772946894168853760e-04
8.986359462141990662e-04
9.197695180773735046e-04
9.409924969077110291e-04
9.621009230613708496e-04
9.831218048930168152e-04
1.003229059278964996e-03
1.022674143314361572e-03
1.042754389345645905e-03
1.062336377799510956e-03
1.081238500773906708e-03
1.100628636777400970e-03
1.119379885494709015e-03
1.137879677116870880e-03
1.156342215836048126e-03
1.174248754978179932e-03
1.192787662148475647e-03
1.210409216582775116e-03
1.227433793246746063e-03
1.244858838617801666e-03
1.261154189705848694e-03
1.277139410376548767e-03
1.294302754104137421e-03
1.310663297772407532e-03
1.326062716543674469e-03
1.341807655990123749e-03
1.356783322989940643e-03
1.369688659906387329e-03
1.381610520184040070e-03
1.393311657011508942e-03
1.404357142746448517e-03
1.414214260876178741e-03
1.422903500497341156e-03
1.431593671441078186e-03
1.439305022358894348e-03
1.445192843675613403e-03
1.450708135962486267e-03
1.454359851777553558e-03
1.456000842154026031e-03
1.458081416785717010e-03
1.456893049180507660e-03
1.455878838896751404e-03
1.455008983612060547e-03
1.454271376132965088e-03
1.453676261007785797e-03
1.453110948204994202e-03
1.452556811273097992e-03
1.452068798243999481e-03
1.451635733246803284e-03
1.451216638088226318e-03
1.450858078896999359e-03
1.450455747544765472e-03
1.450151205062866211e-03
1.449842937290668488e-03
1.449517905712127686e-03
1.449249684810638428e-03
1.448987051844596863e-03
1.448711380362510681e-03
1.448472030460834503e-03
1.448258757591247559e-03
1.448018476366996765e-03
1.447782851755619049e-03
1.447570510208606720e-03
1.447421498596668243e-03
1.447207294404506683e-03
1.447027549147605896e-03
1.446855254471302032e-03
1.446684822440147400e-03
1.446495763957500458e-03
1.446325331926345825e-03
1.446167007088661194e-03
1.446004956960678101e-03
1.445737667381763458e-03
1.445564441382884979e-03
1.445400528609752655e-03
1.445250585675239563e-03
1.445026136934757233e-03
1.444888301193714142e-03
1.444682478904724121e-03
1.444512046873569489e-03
1.444336958229541779e-03
1.444143243134021759e-03
1.443921588361263275e-03
1.443723216652870178e-03
1.443481072783470154e-03
1.443245448172092438e-03
1.442966982722282410e-03
1.442710869014263153e-03
1.442392356693744659e-03
1.442043110728263855e-03
1.439286395907402039e-03
1.430722884833812714e-03
1.418579369783401489e-03
1.402829773724079132e-03
1.386498101055622101e-03
1.368060708045959473e-03
1.347445882856845856e-03
1.328432932496070862e-03
1.308166421949863434e-03
1.287035644054412842e-03
1.264455728232860565e-03
1.239487901329994202e-03
1.212837174534797668e-03
1.185066066682338715e-03
1.156003214418888092e-03
1.126193441450595856e-03
1.095451414585113525e-03
1.063005998730659485e-03
1.029510982334613800e-03
9.951973333954811096e-04
9.601796045899391174e-04
9.236084297299385071e-04
8.891047909855842590e-04
8.566407486796379089e-04
8.186632767319679260e-04
7.794927805662155151e-04
7.409732788801193237e-04
7.020505145192146301e-04
6.647827103734016418e-04
6.282338872551918030e-04
5.924105644226074219e-04
5.581090226769447327e-04
5.250172689557075500e-04
4.926891997456550598e-04
4.608333110809326172e-04
4.294225946068763733e-04
3.985194489359855652e-04
3.672800958156585693e-04
3.380598500370979309e-04
3.078198060393333435e-04
2.785921096801757812e-04
2.520708367228507996e-04
2.262294292449951172e-04
2.002529799938201904e-04
1.746825873851776123e-04
1.493459567427635193e-04
1.236572861671447754e-04
9.865034371614456177e-05
7.740594446659088135e-05
5.926378071308135986e-05
4.544015973806381226e-05
3.633834421634674072e-05
2.531427890062332153e-05
1.458451151847839355e-05
8.841976523399353027e-06
4.959292709827423096e-06
1.924112439155578613e-06
-1.585111021995544434e-06
-3.982335329055786133e-06
-4.605390131473541260e-06
-4.586763679981231689e-06
-4.578381776809692383e-06
-4.603527486324310303e-06
-4.650093615055084229e-06
-4.625879228115081787e-06
-4.603527486324310303e-06
-4.592351615428924561e-06
-4.604458808898925781e-06
-4.618428647518157959e-06
-4.560686647891998291e-06
-4.569999873638153076e-06
-4.622153937816619873e-06
