-4.549510776996612549e-06
-4.567205905914306641e-06
-4.548579454421997070e-06
-4.565343260765075684e-06
-4.543922841548919678e-06
-4.553236067295074463e-06
-4.530884325504302979e-06
-4.533678293228149414e-06
-4.569068551063537598e-06
-4.556961357593536377e-06
-4.555098712444305420e-06
-4.533678293228149414e-06
-4.555098712444305420e-06
-4.542060196399688721e-06
-4.531815648078918457e-06
-4.544854164123535156e-06
-4.534609615802764893e-06
-4.534609615802764893e-06
-4.550442099571228027e-06
-4.536472260951995850e-06
-4.539266228675842285e-06
-4.561617970466613770e-06
-4.538334906101226807e-06
-4.556961357593536377e-06
-4.554167389869689941e-06
-4.535540938377380371e-06
-4.524365067481994629e-06
-4.551373422145843506e-06
-4.552304744720458984e-06
-4.531815648078918457e-06
-4.546716809272766113e-06
-4.537403583526611328e-06
-4.540197551250457764e-06
-4.544854164123535156e-06
-4.546716809272766113e-06
-4.512257874011993408e-06
-4.523433744907379150e-06
-4.533678293228149414e-06
-4.573725163936614990e-06
-4.543922841548919678e-06
-4.538334906101226807e-06
-4.542991518974304199e-06
-4.542991518974304199e-06
-4.556030035018920898e-06
-4.529021680355072021e-06
-4.543922841548919678e-06
-4.522502422332763672e-06
-4.539266228675842285e-06
-4.534609615802764893e-06
-4.546716809272766113e-06
-4.542991518974304199e-06
-4.525296390056610107e-06
-4.552304744720458984e-06
-4.542991518974304199e-06
-4.540197551250457764e-06
-4.539266228675842285e-06
-4.528090357780456543e-06
-4.516914486885070801e-06
-4.542060196399688721e-06
-4.535540938377380371e-06
-4.529021680355072021e-06
-4.529953002929687500e-06
-4.526227712631225586e-06
-4.515983164310455322e-06
-4.527159035205841064e-06
-4.518777132034301758e-06
-4.527159035205841064e-06
-4.530884325504302979e-06
-4.523433744907379150e-06
-4.526227712631225586e-06
-4.537403583526611328e-06
-4.538334906101226807e-06
-4.514120519161224365e-06
-4.542060196399688721e-06
-4.559755325317382812e-06
-2.593733370304107666e-06
-2.291984856128692627e-06
-9.620562195777893066e-07
1.668930053710937500e-06
6.127171218395233154e-06
1.021660864353179932e-05
1.601688563823699951e-05
2.036057412624359131e-05
2.528820186853408813e-05
3.055948764085769653e-05
3.196671605110168457e-05
3.137439489364624023e-05
3.095529973506927490e-05
3.076251596212387085e-05
3.058649599552154541e-05
3.047473728656768799e-05
3.035925328731536865e-05
3.026518970727920532e-05
3.019068390130996704e-05
3.014877438545227051e-05
3.008358180522918701e-05
3.003701567649841309e-05
2.996996045112609863e-05
2.995040267705917358e-05
2.991873770952224731e-05
2.994295209646224976e-05
2.993270754814147949e-05
2.996716648340225220e-05
3.001186996698379517e-05
3.003142774105072021e-05
3.012735396623611450e-05
3.028102219104766846e-05
3.408920019865036011e-05
3.730598837137222290e-05
4.026014357805252075e-05
4.363153129816055298e-05
4.807487130165100098e-05
5.293451249599456787e-05
5.948822945356369019e-05
6.666406989097595215e-05
7.483549416065216064e-05
8.290167897939682007e-05
9.198579937219619751e-05
1.016417518258094788e-04
1.165885478258132935e-04
1.364154741168022156e-04
1.572277396917343140e-04
1.794779673218727112e-04
2.047382295131683350e-04
2.299118787050247192e-04
2.557765692472457886e-04
2.810973674058914185e-04
3.067534416913986206e-04
3.328183665871620178e-04
3.591720014810562134e-04
3.856401890516281128e-04
4.112888127565383911e-04
4.364224150776863098e-04
4.607988521456718445e-04
4.848549142479896545e-04
5.086939781904220581e-04
5.327779799699783325e-04
5.573984235525131226e-04
5.818502977490425110e-04
6.062798202037811279e-04
6.296830251812934875e-04
6.523700430989265442e-04
6.745876744389533997e-04
6.961077451705932617e-04
7.181158289313316345e-04
7.395399734377861023e-04
7.604090496897697449e-04
7.811971008777618408e-04
8.017169311642646790e-04
8.214097470045089722e-04
8.410653099417686462e-04
8.601611480116844177e-04
8.797114714980125427e-04
8.990941569209098816e-04
9.177271276712417603e-04
9.369170293211936951e-04
9.560342878103256226e-04
9.741624817252159119e-04
9.924657642841339111e-04
1.010295934975147247e-03
1.028074882924556732e-03
1.045927405357360840e-03
1.062980853021144867e-03
1.080051995813846588e-03
1.097032800316810608e-03
1.113725826144218445e-03
1.130477525293827057e-03
1.146629452705383301e-03
1.162507571280002594e-03
1.178571023046970367e-03
1.194037497043609619e-03
1.208728179335594177e-03
1.224329695105552673e-03
1.239915378391742706e-03
1.255310140550136566e-03
1.270905137062072754e-03
1.285592094063758850e-03
1.300163567066192627e-03
1.315234228968620300e-03
1.329916529357433319e-03
1.344428397715091705e-03
1.359432935714721680e-03
1.374919898808002472e-03
1.389609649777412415e-03
1.404080539941787720e-03
1.419139094650745392e-03
1.433547586202621460e-03
1.447477377951145172e-03
1.461938023567199707e-03
1.476102508604526520e-03
1.489890739321708679e-03
1.503965817391872406e-03
1.518519595265388489e-03
1.531877554953098297e-03
1.544860191643238068e-03
1.559254713356494904e-03
1.572810113430023193e-03
1.585732214152812958e-03
1.598959788680076599e-03
1.612478867173194885e-03
1.625494100153446198e-03
1.637956127524375916e-03
1.651142723858356476e-03
1.663890667259693146e-03
1.676524057984352112e-03
1.688363961875438690e-03
1.701056025922298431e-03
1.712948083877563477e-03
1.724480651319026947e-03
1.736414618790149689e-03
1.748669892549514771e-03
1.760075800120830536e-03
1.771193929016590118e-03
1.782581210136413574e-03
1.794513314962387085e-03
1.806046813726425171e-03
1.817004755139350891e-03
1.828145235776901245e-03
1.839725300669670105e-03
1.851167529821395874e-03
1.862259581685066223e-03
1.873199827969074249e-03
1.884102821350097656e-03
1.894839107990264893e-03
1.905461773276329041e-03
1.915605738759040833e-03
1.926330849528312683e-03
1.936604268848896027e-03
1.947107724845409393e-03
1.957277767360210419e-03
1.968008466064929962e-03
1.978255808353424072e-03
1.988119445741176605e-03
1.998167484998703003e-03
2.008443698287010193e-03
2.017998136579990387e-03
2.025940455496311188e-03
2.032389864325523376e-03
2.038505859673023224e-03
2.043810673058032990e-03
2.048554830253124237e-03
2.052500844001770020e-03
2.055796794593334198e-03
2.058400772511959076e-03
2.059604972600936890e-03
2.060195431113243103e-03
2.059282734990119934e-03
2.058383077383041382e-03
2.057550475001335144e-03
2.056820318102836609e-03
2.056160941720008850e-03
2.055563963949680328e-03
2.054986543953418732e-03
2.054487355053424835e-03
2.053971402347087860e-03
2.053532749414443970e-03
2.053134143352508545e-03
2.052713185548782349e-03
2.052302472293376923e-03
2.051915973424911499e-03
2.051549032330513000e-03
2.051222138106822968e-03
2.050877548754215240e-03
2.050575800240039825e-03
2.050265669822692871e-03
2.049962989985942841e-03
2.049654722213745117e-03
2.049396745860576630e-03
2.049122937023639679e-03
2.048891969025135040e-03
2.048598602414131165e-03
2.048364840447902679e-03
2.048111520707607269e-03
2.047927118837833405e-03
2.047685906291007996e-03
2.047482877969741821e-03
2.047226764261722565e-03
2.047011628746986389e-03
2.046780660748481750e-03
2.046512439846992493e-03
2.046268433332443237e-03
2.046050503849983215e-03
2.045818604528903961e-03
2.045590430498123169e-03
2.045330591499805450e-03
2.045119181275367737e-03
2.044887281954288483e-03
2.044665627181529999e-03
2.044467255473136902e-03
2.044275403022766113e-03
2.044077031314373016e-03
2.043883316218852997e-03
2.043684013187885284e-03
2.043489366769790649e-03
2.043275162577629089e-03
2.043036743998527527e-03
2.042751759290695190e-03
2.039405517280101776e-03
2.033738419413566589e-03
2.025838941335678101e-03
2.014914527535438538e-03
2.003168687224388123e-03
1.991589553654193878e-03
1.978305168449878693e-03
1.964404247701168060e-03
1.949805766344070435e-03
1.932644285261631012e-03
1.915062777698040009e-03
1.895542256534099579e-03
1.874218694865703583e-03
1.852063462138175964e-03
1.828154549002647400e-03
1.802673563361167908e-03
1.776891760528087616e-03
1.749707385897636414e-03
1.720826141536235809e-03
1.690872944891452789e-03
1.659909263253211975e-03
1.627419143915176392e-03
1.594211906194686890e-03
1.560107804834842682e-03
1.525242812931537628e-03
1.488914713263511658e-03
1.451534219086170197e-03
1.414054073393344879e-03
1.374676823616027832e-03
1.334898173809051514e-03
1.295478083193302155e-03
1.258594915270805359e-03
1.218798570334911346e-03
1.185612753033638000e-03
1.148484647274017334e-03
1.111976802349090576e-03
1.075440086424350739e-03
1.039392314851284027e-03
1.003819517791271210e-03
9.689545258879661560e-04
9.357482194900512695e-04
9.024711325764656067e-04
8.696904405951499939e-04
8.384110406041145325e-04
8.056815713644027710e-04
7.728151977062225342e-04
7.400400936603546143e-04
7.073581218719482422e-04
6.737019866704940796e-04
6.406493484973907471e-04
6.079962477087974548e-04
5.752416327595710754e-04
5.419515073299407959e-04
5.090087652206420898e-04
4.745190963149070740e-04
4.410985857248306274e-04
4.069674760103225708e-04
3.720745444297790527e-04
3.354838117957115173e-04
2.991491928696632385e-04
2.629589289426803589e-04
2.279607579112052917e-04
1.941313967108726501e-04
1.611905172467231750e-04
1.273006200790405273e-04
9.738747030496597290e-05
6.809737533330917358e-05
4.890002310276031494e-05
3.497209399938583374e-05
2.129655331373214722e-05
1.315120607614517212e-05
6.349757313728332520e-06
3.028661012649536133e-06
2.923421561717987061e-06
-1.316890120506286621e-06
-3.483146429061889648e-06
-4.529953002929687500e-06
-4.513189196586608887e-06
-4.512257874011993408e-06
-4.512257874011993408e-06
-4.507601261138916016e-06
-4.486180841922760010e-06
-4.490837454795837402e-06
-4.513189196586608887e-06
-4.527159035205841064e-06
-4.517845809459686279e-06
-4.502013325691223145e-06
-4.503875970840454102e-06
-4.488974809646606445e-06
-4.470348358154296875e-06
-4.508532583713531494e-06
