-8.265487849712371826e-06
-8.260831236839294434e-06
-8.264556527137756348e-06
-8.240342140197753906e-06
-8.237548172473907471e-06
-8.263625204563140869e-06
-8.267350494861602783e-06
-8.246861398220062256e-06
-8.255243301391601562e-06
-8.244998753070831299e-06
-8.258968591690063477e-06
-8.268281817436218262e-06
-8.261762559413909912e-06
-8.238479495048522949e-06
-8.291564881801605225e-06
-8.270144462585449219e-06
-8.266419172286987305e-06
-8.247792720794677734e-06
-8.254311978816986084e-06
-8.268281817436218262e-06
-8.253380656242370605e-06
-8.265487849712371826e-06
-8.243136107921600342e-06
-8.236616849899291992e-06
-8.285045623779296875e-06
-8.267350494861602783e-06
-8.244998753070831299e-06
-8.246861398220062256e-06
-8.245930075645446777e-06
-8.256174623966217041e-06
-8.258968591690063477e-06
-8.245930075645446777e-06
-8.258037269115447998e-06
-8.266419172286987305e-06
-8.253380656242370605e-06
-8.225440979003906250e-06
-8.244998753070831299e-06
-8.275732398033142090e-06
-8.261762559413909912e-06
-8.273869752883911133e-06
-8.253380656242370605e-06
-8.258037269115447998e-06
-8.271075785160064697e-06
-8.247792720794677734e-06
-8.233822882175445557e-06
-8.235685527324676514e-06
-8.267350494861602783e-06
-8.264556527137756348e-06
-8.264556527137756348e-06
-8.252449333667755127e-06
-8.233822882175445557e-06
-8.257105946540832520e-06
-8.272938430309295654e-06
-8.289702236652374268e-06
-8.258968591690063477e-06
-8.247792720794677734e-06
-8.245930075645446777e-06
-8.247792720794677734e-06
-8.239410817623138428e-06
-8.259899914264678955e-06
-8.237548172473907471e-06
-8.259899914264678955e-06
-8.239410817623138428e-06
-8.241273462772369385e-06
-8.239410817623138428e-06
-8.238479495048522949e-06
-8.230097591876983643e-06
-8.256174623966217041e-06
-8.248724043369293213e-06
-8.241273462772369385e-06
-8.254311978816986084e-06
-8.258037269115447998e-06
-8.255243301391601562e-06
-8.266419172286987305e-06
-7.056631147861480713e-06
-6.677582859992980957e-06
-6.261281669139862061e-06
-4.676170647144317627e-06
-2.244487404823303223e-06
2.206303179264068604e-06
5.391426384449005127e-06
9.207054972648620605e-06
1.255609095096588135e-05
1.680385321378707886e-05
1.949351280927658081e-05
1.936126500368118286e-05
1.895427703857421875e-05
1.872889697551727295e-05
1.859292387962341309e-05
1.848116517066955566e-05
1.838430762290954590e-05
1.832004636526107788e-05
1.827441155910491943e-05
1.821108162403106689e-05
1.814309507608413696e-05
1.811515539884567261e-05
1.809466630220413208e-05
1.804716885089874268e-05
1.805648207664489746e-05
1.804810017347335815e-05
1.803971827030181885e-05
1.802761107683181763e-05
1.809746026992797852e-05
1.809559762477874756e-05
1.812819391489028931e-05
1.819804310798645020e-05
1.918803900480270386e-05
2.276152372360229492e-05
2.479646354913711548e-05
2.719089388847351074e-05
3.016740083694458008e-05
3.376882523298263550e-05
3.801472485065460205e-05
4.343781620264053345e-05
4.919990897178649902e-05
5.549844354391098022e-05
6.204284727573394775e-05
6.914231926202774048e-05
7.801689207553863525e-05
9.196158498525619507e-05
1.074764877557754517e-04
1.237215474247932434e-04
1.420779153704643250e-04
1.612789928913116455e-04
1.809233799576759338e-04
2.005258575081825256e-04
2.198694273829460144e-04
2.397168427705764771e-04
2.596480771899223328e-04
2.800049260258674622e-04
2.997666597366333008e-04
3.191484138369560242e-04
3.379341214895248413e-04
3.563053905963897705e-04
3.748126327991485596e-04
3.930525854229927063e-04
4.117628559470176697e-04
4.306044429540634155e-04
4.490958526730537415e-04
4.674792289733886719e-04
4.849899560213088989e-04
5.023088306188583374e-04
5.190977826714515686e-04
5.355048924684524536e-04
5.520861595869064331e-04
5.682175979018211365e-04
5.843965336680412292e-04
6.001750007271766663e-04
6.152614951133728027e-04
6.301961839199066162e-04
6.453143432736396790e-04
6.599901244044303894e-04
6.748698651790618896e-04
6.892196834087371826e-04
7.039150223135948181e-04
7.185824215412139893e-04
7.325932383537292480e-04
7.466338574886322021e-04
7.606633007526397705e-04
7.738862186670303345e-04
7.876353338360786438e-04
8.011199533939361572e-04
8.139833807945251465e-04
8.268980309367179871e-04
8.399980142712593079e-04
8.526705205440521240e-04
8.651623502373695374e-04
8.775163441896438599e-04
8.896999061107635498e-04
9.016320109367370605e-04
9.131422266364097595e-04
9.246980771422386169e-04
9.366096928715705872e-04
9.483974426984786987e-04
9.603518992662429810e-04
9.718267247080802917e-04
9.830715134739875793e-04
9.943293407559394836e-04
1.005808822810649872e-03
1.016926951706409454e-03
1.027999445796012878e-03
1.039886847138404846e-03
1.051345840096473694e-03
1.062402501702308655e-03
1.073836348950862885e-03
1.084981486201286316e-03
1.095928251743316650e-03
1.106613315641880035e-03
1.117765903472900391e-03
1.128372736275196075e-03
1.138831488788127899e-03
1.150071620941162109e-03
1.160589978098869324e-03
1.170596107840538025e-03
1.181030645966529846e-03
1.191871240735054016e-03
1.202044077217578888e-03
1.211751252412796021e-03
1.222259365022182465e-03
1.232267357409000397e-03
1.242073252797126770e-03
1.251713372766971588e-03
1.261821016669273376e-03
1.271492801606655121e-03
1.280711963772773743e-03
1.290150918066501617e-03
1.299476251006126404e-03
1.308616250753402710e-03
1.317293383181095123e-03
1.326831057667732239e-03
1.335685141384601593e-03
1.344469375908374786e-03
1.352766528725624084e-03
1.361916773021221161e-03
1.370763406157493591e-03
1.379542052745819092e-03
1.387719996273517609e-03
1.396613195538520813e-03
1.405312679708003998e-03
1.414097845554351807e-03
1.422334462404251099e-03
1.430858857929706573e-03
1.439006067812442780e-03
1.447355374693870544e-03
1.455159857869148254e-03
1.463257707655429840e-03
1.471277326345443726e-03
1.479194499552249908e-03
1.487195491790771484e-03
1.495073549449443817e-03
1.503308303654193878e-03
1.510831527411937714e-03
1.518544740974903107e-03
1.526380889117717743e-03
1.534087583422660828e-03
1.540898345410823822e-03
1.546205021440982819e-03
1.551045104861259460e-03
1.555471681058406830e-03
1.559017226099967957e-03
1.562608405947685242e-03
1.565646380186080933e-03
1.567741855978965759e-03
1.568527892231941223e-03
1.569919288158416748e-03
1.569407992064952850e-03
1.568659208714962006e-03
1.567981205880641937e-03
1.567375846207141876e-03
1.566848717629909515e-03
1.566317863762378693e-03
1.565867103636264801e-03
1.565434969961643219e-03
1.565041951835155487e-03
1.564667560160160065e-03
1.564337871968746185e-03
1.563995145261287689e-03
1.563683152198791504e-03
1.563365571200847626e-03
1.563061028718948364e-03
1.562777906656265259e-03
1.562527380883693695e-03
1.562302932143211365e-03
1.562042161822319031e-03
1.561782322824001312e-03
1.561534591019153595e-03
1.561334356665611267e-03
1.561112701892852783e-03
1.560904085636138916e-03
1.560705713927745819e-03
1.560497097671031952e-03
1.560321077704429626e-03
1.560151576995849609e-03
1.559956930577754974e-03
1.559780910611152649e-03
1.559592783451080322e-03
1.559399999678134918e-03
1.559247262775897980e-03
1.559044234454631805e-03
1.558838412165641785e-03
1.558655872941017151e-03
1.558504067361354828e-03
1.558311283588409424e-03
1.558141782879829407e-03
1.557977870106697083e-03
1.557783223688602448e-03
1.557631418108940125e-03
1.557454466819763184e-03
1.557298004627227783e-03
1.557104289531707764e-03
1.556982286274433136e-03
1.556809060275554657e-03
1.556666567921638489e-03
1.556510105729103088e-03
1.556355506181716919e-03
1.556144095957279205e-03
1.555418595671653748e-03
1.551663503050804138e-03
1.546145416796207428e-03
1.538862474262714386e-03
1.529767177999019623e-03
1.520986668765544891e-03
1.511503942310810089e-03
1.500681973993778229e-03
1.490017399191856384e-03
1.477514393627643585e-03
1.464323140680789948e-03
1.449762843549251556e-03
1.434281468391418457e-03
1.417220570147037506e-03
1.399469561874866486e-03
1.380550675094127655e-03
1.360796391963958740e-03
1.340427435934543610e-03
1.318647526204586029e-03
1.296010799705982208e-03
1.272560097277164459e-03
1.248165965080261230e-03
1.222795806825160980e-03
1.196979545056819916e-03
1.170623116195201874e-03
1.142776571214199066e-03
1.114872284233570099e-03
1.086195930838584900e-03
1.056351698935031891e-03
1.026165671646595001e-03
9.958259761333465576e-04
9.663738310337066650e-04
9.367149323225021362e-04
9.091440588235855103e-04
8.826004341244697571e-04
8.542723953723907471e-04
8.264994248747825623e-04
7.982058450579643250e-04
7.712338119745254517e-04
7.446026429533958435e-04
7.182992994785308838e-04
6.931079551577568054e-04
6.681103259325027466e-04
6.437245756387710571e-04
6.191506981849670410e-04
5.946764722466468811e-04
5.696918815374374390e-04
5.444446578621864319e-04
5.196370184421539307e-04
4.941960796713829041e-04
4.691099748015403748e-04
4.443414509296417236e-04
4.196576774120330811e-04
3.940956667065620422e-04
3.683660179376602173e-04
3.426074981689453125e-04
3.172624856233596802e-04
2.907766029238700867e-04
2.634944394230842590e-04
2.361210063099861145e-04
2.083433791995048523e-04
1.807585358619689941e-04
1.551266759634017944e-04
1.301625743508338928e-04
1.040901988744735718e-04
7.981900125741958618e-05
5.710497498512268066e-05
3.879331052303314209e-05
2.636387944221496582e-05
1.625530421733856201e-05
8.041970431804656982e-06
2.843327820301055908e-06
-2.099201083183288574e-06
-2.592802047729492188e-06
-4.989095032215118408e-06
-6.421469151973724365e-06
-8.055008947849273682e-06
-8.302740752696990967e-06
-8.270144462585449219e-06
-8.265487849712371826e-06
-8.271075785160064697e-06
-8.272938430309295654e-06
-8.287839591503143311e-06
-8.286908268928527832e-06
-8.262693881988525391e-06
-8.271075785160064697e-06
-8.256174623966217041e-06
-8.276663720607757568e-06
-8.283182978630065918e-06
-8.280389010906219482e-06
-8.279457688331604004e-06
