-4.492700099945068359e-06
-4.481524229049682617e-06
-4.482455551624298096e-06
-4.482455551624298096e-06
-4.485249519348144531e-06
-4.475004971027374268e-06
-4.480592906475067139e-06
-4.468485713005065918e-06
-4.490837454795837402e-06
-4.458241164684295654e-06
-4.477798938751220703e-06
-4.474073648452758789e-06
-4.495494067668914795e-06
-4.459172487258911133e-06
-4.513189196586608887e-06
-4.475936293601989746e-06
-4.503875970840454102e-06
-4.472211003303527832e-06
-4.469417035579681396e-06
-4.472211003303527832e-06
-4.491768777370452881e-06
-4.494562745094299316e-06
-4.503875970840454102e-06
-4.468485713005065918e-06
-4.483386874198913574e-06
-4.497356712818145752e-06
-4.479661583900451660e-06
-4.462897777557373047e-06
-4.474073648452758789e-06
-4.476867616176605225e-06
-4.503875970840454102e-06
-4.501082003116607666e-06
-4.486180841922760010e-06
-4.473142325878143311e-06
-4.506669938564300537e-06
-4.474073648452758789e-06
-4.475004971027374268e-06
-4.453584551811218262e-06
-4.513189196586608887e-06
-4.452653229236602783e-06
-4.466623067855834961e-06
-4.496425390243530273e-06
-4.493631422519683838e-06
-4.492700099945068359e-06
-4.475004971027374268e-06
-4.451721906661987305e-06
-4.488974809646606445e-06
-4.505738615989685059e-06
-4.512257874011993408e-06
-4.461035132408142090e-06
-4.494562745094299316e-06
-4.490837454795837402e-06
-4.492700099945068359e-06
-4.486180841922760010e-06
-4.445202648639678955e-06
-4.462897777557373047e-06
-4.479661583900451660e-06
-4.491768777370452881e-06
-4.487112164497375488e-06
-4.445202648639678955e-06
-4.481524229049682617e-06
-4.490837454795837402e-06
-4.452653229236602783e-06
-4.492700099945068359e-06
-4.474073648452758789e-06
-4.477798938751220703e-06
-1.285225152969360352e-06
-8.400529623031616211e-07
2.406537532806396484e-06
3.027729690074920654e-06
5.272217094898223877e-06
9.973533451557159424e-06
1.426227390766143799e-05
2.029445022344589233e-05
2.352241426706314087e-05
2.746470272541046143e-05
2.781767398118972778e-05
2.734921872615814209e-05
2.709217369556427002e-05
2.689566463232040405e-05
2.677273005247116089e-05
2.666283398866653442e-05
2.660602331161499023e-05
2.652965486049652100e-05
2.644956111907958984e-05
2.640765160322189331e-05
2.636853605508804321e-05
2.629403024911880493e-05
2.626609057188034058e-05
2.627074718475341797e-05
2.624187618494033813e-05
2.626236528158187866e-05
2.626609057188034058e-05
2.628937363624572754e-05
2.629682421684265137e-05
2.636667340993881226e-05
2.657528966665267944e-05
2.987589687108993530e-05
3.100000321865081787e-05
3.255065530538558960e-05
3.458559513092041016e-05
3.676488995552062988e-05
3.907084465026855469e-05
4.172232002019882202e-05
4.469417035579681396e-05
4.842784255743026733e-05
5.383975803852081299e-05
6.054062396287918091e-05
6.925780326128005981e-05
7.864274084568023682e-05
8.898880332708358765e-05
1.013381406664848328e-04
1.197168603539466858e-04
1.415656879544258118e-04
1.657586544752120972e-04
1.902524381875991821e-04
2.138651907444000244e-04
2.394504845142364502e-04
2.668695524334907532e-04
2.936040982604026794e-04
3.209970891475677490e-04
3.466252237558364868e-04
3.718044608831405640e-04
3.961799666285514832e-04
4.206784069538116455e-04
4.450986161828041077e-04
4.700105637311935425e-04
4.951693117618560791e-04
5.204193294048309326e-04
5.464991554617881775e-04
5.727587267756462097e-04
5.989242345094680786e-04
6.252089515328407288e-04
6.511891260743141174e-04
6.774943321943283081e-04
7.033729925751686096e-04
7.296288385987281799e-04
7.559210062026977539e-04
7.820129394531250000e-04
8.079782128334045410e-04
8.330838754773139954e-04
8.585415780544281006e-04
8.838204666972160339e-04
9.087631478905677795e-04
9.335661306977272034e-04
9.581139311194419861e-04
9.823404252529144287e-04
1.005882397294044495e-03
1.029264181852340698e-03
1.051736064255237579e-03
1.073810271918773651e-03
1.095977611839771271e-03
1.118331216275691986e-03
1.141550019383430481e-03
1.163451932370662689e-03
1.184952445328235626e-03
1.206861808896064758e-03
1.228286884725093842e-03
1.249711029231548309e-03
1.271815039217472076e-03
1.292562112212181091e-03
1.312948763370513916e-03
1.334826461970806122e-03
1.355119980871677399e-03
1.375194638967514038e-03
1.396296545863151550e-03
1.416376791894435883e-03
1.435836777091026306e-03
1.456624828279018402e-03
1.476544886827468872e-03
1.495509408414363861e-03
1.515178941190242767e-03
1.534705050289630890e-03
1.553660258650779724e-03
1.572217792272567749e-03
1.591320149600505829e-03
1.609743572771549225e-03
1.627496443688869476e-03
1.646189019083976746e-03
1.664296723902225494e-03
1.682206057012081146e-03
1.699474640190601349e-03
1.717304810881614685e-03
1.734350807964801788e-03
1.751062460243701935e-03
1.769035123288631439e-03
1.786004751920700073e-03
1.802484504878520966e-03
1.818283461034297943e-03
1.835438422858715057e-03
1.851839944720268250e-03
1.867994666099548340e-03
1.883597113192081451e-03
1.900328323245048523e-03
1.916336826980113983e-03
1.932549290359020233e-03
1.948069781064987183e-03
1.964002847671508789e-03
1.979023218154907227e-03
1.994187943637371063e-03
2.008400857448577881e-03
2.023213542997837067e-03
2.038136124610900879e-03
2.052522264420986176e-03
2.066858112812042236e-03
2.080666832625865936e-03
2.095899544656276703e-03
2.109626308083534241e-03
2.123750746250152588e-03
2.137697301805019379e-03
2.151352353394031525e-03
2.165361307561397552e-03
2.178150229156017303e-03
2.191590145230293274e-03
2.204097807407379150e-03
2.217409200966358185e-03
2.229984849691390991e-03
2.241620793938636780e-03
2.254034392535686493e-03
2.265538088977336884e-03
2.277711406350135803e-03
2.290563657879829407e-03
2.302577719092369080e-03
2.315199933946132660e-03
2.326724119484424591e-03
2.338738180696964264e-03
2.352512441575527191e-03
2.364646643400192261e-03
2.376785501837730408e-03
2.389211207628250122e-03
2.400783821940422058e-03
2.413460053503513336e-03
2.424371428787708282e-03
2.432052977383136749e-03
2.439532428979873657e-03
2.445872873067855835e-03
2.450832165777683258e-03
2.454322762787342072e-03
2.454308792948722839e-03
2.456446178257465363e-03
2.456050366163253784e-03
2.455000765621662140e-03
2.453921362757682800e-03
2.452925778925418854e-03
2.452001906931400299e-03
2.451133914291858673e-03
2.450332045555114746e-03
2.449536696076393127e-03
2.448831684887409210e-03
2.448136918246746063e-03
2.447497099637985229e-03
2.446866594254970551e-03
2.446263097226619720e-03
2.445714548230171204e-03
2.445138059556484222e-03
2.444653771817684174e-03
2.444111742079257965e-03
2.443606033921241760e-03
2.443130128085613251e-03
2.442705444991588593e-03
2.442286349833011627e-03
2.441822551190853119e-03
2.441407181322574615e-03
2.441002056002616882e-03
2.440636046230792999e-03
2.440216019749641418e-03
2.439841628074645996e-03
2.439492382109165192e-03
2.439127303659915924e-03
2.438800409436225891e-03
2.438466995954513550e-03
2.438088878989219666e-03
2.437797375023365021e-03
2.437445335090160370e-03
2.437097951769828796e-03
2.436730079352855682e-03
2.436375245451927185e-03
2.436051145195960999e-03
2.435693517327308655e-03
2.435392700135707855e-03
2.435021102428436279e-03
2.434672787785530090e-03
2.434334717690944672e-03
2.433960326015949249e-03
2.433645538985729218e-03
2.433350309729576111e-03
2.433027140796184540e-03
2.432719804346561432e-03
2.432450652122497559e-03
2.432198263704776764e-03
2.431836910545825958e-03
2.431438304483890533e-03
2.429440617561340332e-03
2.422489225864410400e-03
2.413926646113395691e-03
2.404737286269664764e-03
2.392290160059928894e-03
2.376329153776168823e-03
2.358502708375453949e-03
2.338595688343048096e-03
2.315763384103775024e-03
2.292279154062271118e-03
2.266491763293743134e-03
2.238643355667591095e-03
2.209477126598358154e-03
2.179078757762908936e-03
2.147029154002666473e-03
2.112364396452903748e-03
2.076172269880771637e-03
2.038442529737949371e-03
2.000327222049236298e-03
1.959575340151786804e-03
1.917731016874313354e-03
1.874481327831745148e-03
1.830411143600940704e-03
1.784963533282279968e-03
1.738606020808219910e-03
1.690293662250041962e-03
1.641046255826950073e-03
1.590766012668609619e-03
1.539434306323528290e-03
1.487039029598236084e-03
1.433876343071460724e-03
1.380287110805511475e-03
1.328366808593273163e-03
1.277201808989048004e-03
1.227648928761482239e-03
1.178761012852191925e-03
1.130512915551662445e-03
1.085456460714340210e-03
1.039034686982631683e-03
9.998064488172531128e-04
9.537981823086738586e-04
9.104674682021141052e-04
8.665258064866065979e-04
8.244020864367485046e-04
7.833968847990036011e-04
7.432634010910987854e-04
7.035192102193832397e-04
6.651654839515686035e-04
6.282711401581764221e-04
5.915239453315734863e-04
5.545578896999359131e-04
5.184570327401161194e-04
4.823654890060424805e-04
4.466222599148750305e-04
4.121558740735054016e-04
3.814157098531723022e-04
3.496054559946060181e-04
3.189677372574806213e-04
2.893051132559776306e-04
2.597747370600700378e-04
2.307733520865440369e-04
2.029500901699066162e-04
1.757405698299407959e-04
1.486493274569511414e-04
1.231096684932708740e-04
9.721331298351287842e-05
7.490534335374832153e-05
5.504395812749862671e-05
4.047527909278869629e-05
2.825167030096054077e-05
2.059992402791976929e-05
1.355353742837905884e-05
5.983747541904449463e-06
4.020519554615020752e-06
3.664754331111907959e-06
-7.171183824539184570e-08
-1.966953277587890625e-06
-3.441236913204193115e-06
-4.560686647891998291e-06
-4.514120519161224365e-06
-4.472211003303527832e-06
-4.491768777370452881e-06
-4.489906132221221924e-06
-4.494562745094299316e-06
-4.503875970840454102e-06
-4.488974809646606445e-06
-4.490837454795837402e-06
-4.467554390430450439e-06
-4.491768777370452881e-06
-4.545785486698150635e-06
-4.495494067668914795e-06
