-8.290633559226989746e-06
-8.300878107547760010e-06
-8.280389010906219482e-06
-8.293427526950836182e-06
-8.297152817249298096e-06
-8.304603397846221924e-06
-8.310191333293914795e-06
-8.303672075271606445e-06
-8.318573236465454102e-06
-8.275732398033142090e-06
-8.333474397659301758e-06
-8.330680429935455322e-06
-8.263625204563140869e-06
-8.291564881801605225e-06
-8.289702236652374268e-06
-8.332543075084686279e-06
-8.283182978630065918e-06
-8.279457688331604004e-06
-8.286908268928527832e-06
-8.287839591503143311e-06
-8.299946784973144531e-06
-8.306466042995452881e-06
-8.293427526950836182e-06
-8.323229849338531494e-06
-8.317641913890838623e-06
-8.291564881801605225e-06
-8.305534720420837402e-06
-8.287839591503143311e-06
-8.297152817249298096e-06
-8.287839591503143311e-06
-8.297152817249298096e-06
-8.305534720420837402e-06
-8.299015462398529053e-06
-8.299015462398529053e-06
-8.315779268741607666e-06
-8.289702236652374268e-06
-8.288770914077758789e-06
-8.275732398033142090e-06
-8.274801075458526611e-06
-8.297152817249298096e-06
-8.301809430122375488e-06
-8.254311978816986084e-06
-8.289702236652374268e-06
-8.288770914077758789e-06
-8.309260010719299316e-06
-8.299946784973144531e-06
-8.281320333480834961e-06
-8.291564881801605225e-06
-8.306466042995452881e-06
-8.253380656242370605e-06
-8.291564881801605225e-06
-8.304603397846221924e-06
-8.291564881801605225e-06
-8.276663720607757568e-06
-8.285045623779296875e-06
-8.311122655868530273e-06
-8.275732398033142090e-06
-8.297152817249298096e-06
-8.284114301204681396e-06
-8.301809430122375488e-06
-8.270144462585449219e-06
-8.285976946353912354e-06
-8.291564881801605225e-06
-8.315779268741607666e-06
-8.313916623592376709e-06
-8.299015462398529053e-06
-8.124858140945434570e-06
-5.710870027542114258e-06
-5.077570676803588867e-06
-2.671033143997192383e-06
-2.330169081687927246e-06
7.394701242446899414e-07
4.453584551811218262e-06
8.026137948036193848e-06
1.136306673288345337e-05
1.488160341978073120e-05
1.642759889364242554e-05
1.612585037946701050e-05
1.589860767126083374e-05
1.571606844663619995e-05
1.558661460876464844e-05
1.551210880279541016e-05
1.542270183563232422e-05
1.540221273899078369e-05
1.535098999738693237e-05
1.529324799776077271e-05
1.525226980447769165e-05
1.520104706287384033e-05
1.519173383712768555e-05
1.518707722425460815e-05
1.516658812761306763e-05
1.514796167612075806e-05
1.514703035354614258e-05
1.516193151473999023e-05
1.520290970802307129e-05
1.520849764347076416e-05
1.523178070783615112e-05
1.671351492404937744e-05
1.824647188186645508e-05
1.934356987476348877e-05
2.069305628538131714e-05
2.234522253274917603e-05
2.398807555437088013e-05
2.603046596050262451e-05
2.797320485115051270e-05
3.063119947910308838e-05
3.384519368410110474e-05
3.849901258945465088e-05
4.462990909814834595e-05
5.149934440851211548e-05
5.893688648939132690e-05
6.725173443555831909e-05
7.914751768112182617e-05
9.449664503335952759e-05
1.123100519180297852e-04
1.310687512159347534e-04
1.494884490966796875e-04
1.679100096225738525e-04
1.883581280708312988e-04
2.090502530336380005e-04
2.297377213835716248e-04
2.501029521226882935e-04
2.693627029657363892e-04
2.883309498429298401e-04
3.069043159484863281e-04
3.256769850850105286e-04
3.443676978349685669e-04
3.638016059994697571e-04
3.829542547464370728e-04
4.027197137475013733e-04
4.227608442306518555e-04
4.426185041666030884e-04
4.626978188753128052e-04
4.825573414564132690e-04
5.024597048759460449e-04
5.224887281656265259e-04
5.424246191978454590e-04
5.627647042274475098e-04
5.827331915497779846e-04
6.026700139045715332e-04
6.219092756509780884e-04
6.413226947188377380e-04
6.609316915273666382e-04
6.801132112741470337e-04
6.991364061832427979e-04
7.178429514169692993e-04
7.364787161350250244e-04
7.548527792096138000e-04
7.728701457381248474e-04
7.903818041086196899e-04
8.070664480328559875e-04
8.242661133408546448e-04
8.412012830376625061e-04
8.585769683122634888e-04
8.759228512644767761e-04
8.924761787056922913e-04
9.089177474379539490e-04
9.255018085241317749e-04
9.418418630957603455e-04
9.585153311491012573e-04
9.749289602041244507e-04
9.905425831675529480e-04
1.006761565804481506e-03
1.022858545184135437e-03
1.038318499922752380e-03
1.053879968822002411e-03
1.069789752364158630e-03
1.084866002202033997e-03
1.100012101233005524e-03
1.115859486162662506e-03
1.130651682615280151e-03
1.145035959780216217e-03
1.160465180873870850e-03
1.175108365714550018e-03
1.189193688333034515e-03
1.203820109367370605e-03
1.217927783727645874e-03
1.231883652508258820e-03
1.245691440999507904e-03
1.259886659681797028e-03
1.273635774850845337e-03
1.286891289055347443e-03
1.300618983805179596e-03
1.313678920269012451e-03
1.326624304056167603e-03
1.339729875326156616e-03
1.353513449430465698e-03
1.366013661026954651e-03
1.378425396978855133e-03
1.390869729220867157e-03
1.403925940394401550e-03
1.416240818798542023e-03
1.428391784429550171e-03
1.440661959350109100e-03
1.453340984880924225e-03
1.465474255383014679e-03
1.477795653045177460e-03
1.489682123064994812e-03
1.501655206084251404e-03
1.513052731752395630e-03
1.524441875517368317e-03
1.535156741738319397e-03
1.546936109662055969e-03
1.557853072881698608e-03
1.568993553519248962e-03
1.579510048031806946e-03
1.590816304087638855e-03
1.601879484951496124e-03
1.612504944205284119e-03
1.623340882360935211e-03
1.633625477552413940e-03
1.644507981836795807e-03
1.654501073062419891e-03
1.664664596319198608e-03
1.674499362707138062e-03
1.684314571321010590e-03
1.694480888545513153e-03
1.703381538391113281e-03
1.712684519588947296e-03
1.721977256238460541e-03
1.730619929730892181e-03
1.740505918860435486e-03
1.749854534864425659e-03
1.759307458996772766e-03
1.768722198903560638e-03
1.777231693267822266e-03
1.787299290299415588e-03
1.797454431653022766e-03
1.806471496820449829e-03
1.815954223275184631e-03
1.825099810957908630e-03
1.834406517446041107e-03
1.843695528805255890e-03
1.850656233727931976e-03
1.856359653174877167e-03
1.861378550529479980e-03
1.865943893790245056e-03
1.868997700512409210e-03
1.870467327535152435e-03
1.871157437562942505e-03
1.871927641332149506e-03
1.871248707175254822e-03
1.870366744697093964e-03
1.869521103799343109e-03
1.868758350610733032e-03
1.868066377937793732e-03
1.867417246103286743e-03
1.866745762526988983e-03
1.866191625595092773e-03
1.865625381469726562e-03
1.865112222731113434e-03
1.864591613411903381e-03
1.864125020802021027e-03
1.863649114966392517e-03
1.863217912614345551e-03
1.862813718616962433e-03
1.862418837845325470e-03
1.861990429461002350e-03
1.861647702753543854e-03
1.861283555626869202e-03
1.860921271145343781e-03
1.860572956502437592e-03
1.860266551375389099e-03
1.859933137893676758e-03
1.859649084508419037e-03
1.859338954091072083e-03
1.859012991189956665e-03
1.858742907643318176e-03
1.858433708548545837e-03
1.858170144259929657e-03
1.857901923358440399e-03
1.857663504779338837e-03
1.857392489910125732e-03
1.857144758105278015e-03
1.856876537203788757e-03
1.856603659689426422e-03
1.856301911175251007e-03
1.856042072176933289e-03
1.855760812759399414e-03
1.855522394180297852e-03
1.855271868407726288e-03
1.854976639151573181e-03
1.854736357927322388e-03
1.854462549090385437e-03
1.854192465543746948e-03
1.853950321674346924e-03
1.853690482676029205e-03
1.853450201451778412e-03
1.853228546679019928e-03
1.853039488196372986e-03
1.852812245488166809e-03
1.852505840361118317e-03
1.852120272815227509e-03
1.848263666033744812e-03
1.842450350522994995e-03
1.835647970438003540e-03
1.827385276556015015e-03
1.816488802433013916e-03
1.803262159228324890e-03
1.789071597158908844e-03
1.772389747202396393e-03
1.754724420607089996e-03
1.735733821988105774e-03
1.715500839054584503e-03
1.692989841103553772e-03
1.670452766120433807e-03
1.646794378757476807e-03
1.620776951313018799e-03
1.593605615198612213e-03
1.565337181091308594e-03
1.536295749247074127e-03
1.506207510828971863e-03
1.474445685744285583e-03
1.441973261535167694e-03
1.408293843269348145e-03
1.373904757201671600e-03
1.338928937911987305e-03
1.302096061408519745e-03
1.265312545001506805e-03
1.227082684636116028e-03
1.187922433018684387e-03
1.148417592048645020e-03
1.108084805309772491e-03
1.066648401319980621e-03
1.026481389999389648e-03
9.874114766716957092e-04
9.487187489867210388e-04
9.108874946832656860e-04
8.738953620195388794e-04
8.378829807043075562e-04
8.033346384763717651e-04
7.708277553319931030e-04
7.381364703178405762e-04
7.040351629257202148e-04
6.705392152070999146e-04
6.379587575793266296e-04
6.063263863325119019e-04
5.751000717282295227e-04
5.448963493108749390e-04
5.153277888894081116e-04
4.863254725933074951e-04
4.584761336445808411e-04
4.308298230171203613e-04
4.028463736176490784e-04
3.752401098608970642e-04
3.481935709714889526e-04
3.214161843061447144e-04
2.970602363348007202e-04
2.725655212998390198e-04
2.494538202881813049e-04
2.262229099869728088e-04
2.036700025200843811e-04
1.814598217606544495e-04
1.602796837687492371e-04
1.387521624565124512e-04
1.182490959763526917e-04
9.886641055345535278e-05
7.878988981246948242e-05
6.058160215616226196e-05
4.392117261886596680e-05
3.139860928058624268e-05
2.135988324880599976e-05
1.259427517652511597e-05
8.636154234409332275e-06
1.967884600162506104e-06
-1.387670636177062988e-06
-1.790933310985565186e-06
-4.149042069911956787e-06
-5.193054676055908203e-06
-7.080845534801483154e-06
-7.713213562965393066e-06
-8.318573236465454102e-06
-8.311122655868530273e-06
-8.321367204189300537e-06
-8.303672075271606445e-06
-8.284114301204681396e-06
-8.309260010719299316e-06
-8.332543075084686279e-06
-8.303672075271606445e-06
-8.314847946166992188e-06
-8.292496204376220703e-06
-8.329749107360839844e-06
-8.310191333293914795e-06
-8.307397365570068359e-06
